0	68.3675537109375
1	67.9588394165039
2	68.11913299560547
3	67.19164276123047
4	66.85567474365234
5	66.54823303222656
6	66.87007904052734
7	66.80135345458984
8	67.14524841308594
9	66.21565246582031
10	65.71160888671875
11	65.97679901123047
12	65.08296966552734
13	65.36815643310547
14	64.71539306640625
15	64.1226806640625
16	64.99376678466797
17	64.1669692993164
18	64.17518615722656
19	63.777610778808594
20	64.1495132446289
21	63.67390060424805
22	63.33012390136719
23	63.289974212646484
24	63.42902374267578
25	62.63279724121094
26	62.55940628051758
27	62.25836181640625
28	61.926734924316406
29	61.94584655761719
30	61.90364456176758
31	61.58173751831055
32	61.43373489379883
33	61.64859390258789
34	60.980125427246094
35	60.627113342285156
36	60.559791564941406
37	60.04862594604492
38	60.325069427490234
39	59.509952545166016
40	59.30791091918945
41	59.30866241455078
42	58.84728240966797
43	58.78107833862305
44	57.623260498046875
45	57.814453125
46	57.55329895019531
47	57.29513931274414
48	57.053924560546875
49	57.036834716796875
50	55.67668914794922
51	55.07249450683594
52	54.80057144165039
53	54.86259460449219
54	54.160030364990234
55	53.64828872680664
56	52.916988372802734
57	52.83289337158203
58	52.2322998046875
59	51.618446350097656
60	51.19899368286133
61	50.47200012207031
62	50.16344451904297
63	49.88057327270508
64	49.82274627685547
65	48.903106689453125
66	48.42330551147461
67	47.58832931518555
68	47.68370056152344
69	47.61967468261719
70	46.61110305786133
71	46.61996078491211
72	45.52899932861328
73	45.65449905395508
74	45.18672561645508
75	45.12273406982422
76	43.73329162597656
77	43.99289321899414
78	43.325653076171875
79	43.311622619628906
80	42.838558197021484
81	42.874454498291016
82	43.16289138793945
83	42.01902389526367
84	41.97633743286133
85	41.109188079833984
86	41.55548095703125
87	41.30712890625
88	40.887046813964844
89	40.738887786865234
90	40.11885070800781
91	40.16465377807617
92	39.8970832824707
93	39.07883071899414
94	39.370479583740234
95	38.33967590332031
96	38.46900939941406
97	38.6043815612793
98	38.312835693359375
99	37.958187103271484
100	37.96815872192383
101	37.774078369140625
102	37.13812255859375
103	37.146018981933594
104	36.878841400146484
105	37.18165588378906
106	36.62443542480469
107	36.28837585449219
108	36.102046966552734
109	35.96461868286133
110	35.754150390625
111	35.58180236816406
112	35.33769989013672
113	35.178829193115234
114	34.74778366088867
115	34.70785903930664
116	34.95084762573242
117	34.17449951171875
118	34.68562316894531
119	34.32172775268555
120	34.5075569152832
121	34.02834701538086
122	33.535560607910156
123	33.563053131103516
124	33.6956787109375
125	33.57798767089844
126	33.46360397338867
127	33.14009094238281
128	32.923988342285156
129	33.00324630737305
130	32.84480667114258
131	32.440677642822266
132	32.63019561767578
133	32.462890625
134	32.19487380981445
135	32.01292419433594
136	31.905452728271484
137	31.72539710998535
138	31.622835159301758
139	31.807832717895508
140	31.225040435791016
141	31.039295196533203
142	31.116100311279297
143	30.87441062927246
144	30.94783592224121
145	30.255084991455078
146	30.69876480102539
147	30.536136627197266
148	30.354393005371094
149	30.051759719848633
150	29.957843780517578
151	29.99452018737793
152	29.69274139404297
153	29.484203338623047
154	29.451452255249023
155	29.16144561767578
156	29.18626594543457
157	28.932430267333984
158	28.58945083618164
159	28.621341705322266
160	28.57157325744629
161	28.646432876586914
162	28.223419189453125
163	28.601259231567383
164	28.122581481933594
165	28.033905029296875
166	28.083866119384766
167	27.620834350585938
168	27.679115295410156
169	27.659196853637695
170	27.537212371826172
171	27.21759033203125
172	27.11993980407715
173	26.612112045288086
174	26.62598991394043
175	26.219999313354492
176	26.90074920654297
177	26.496305465698242
178	26.32093048095703
179	25.95941162109375
180	25.902393341064453
181	26.159887313842773
182	25.91126251220703
183	25.540164947509766
184	25.48949432373047
185	25.10845947265625
186	25.219514846801758
187	25.165695190429688
188	25.05133056640625
189	24.581384658813477
190	24.93851661682129
191	24.464502334594727
192	24.38470458984375
193	24.323394775390625
194	24.198884963989258
195	24.046354293823242
196	23.699180603027344
197	23.7291202545166
198	23.796173095703125
199	23.508182525634766
200	23.163612365722656
201	23.326019287109375
202	23.119272232055664
203	23.095428466796875
204	22.785619735717773
205	23.000864028930664
206	22.31051254272461
207	22.6662540435791
208	22.59487533569336
209	22.331645965576172
210	22.064393997192383
211	22.09286117553711
212	22.161727905273438
213	22.017303466796875
214	21.74864387512207
215	21.692502975463867
216	21.423856735229492
217	21.551084518432617
218	21.28257942199707
219	21.224401473999023
220	21.134387969970703
221	20.827259063720703
222	20.909866333007812
223	20.71190071105957
224	21.01630210876465
225	20.74884796142578
226	20.718727111816406
227	20.588340759277344
228	20.786388397216797
229	20.381488800048828
230	20.396162033081055
231	20.149578094482422
232	20.32537841796875
233	20.313613891601562
234	20.078140258789062
235	20.05408477783203
236	19.859128952026367
237	19.68602752685547
238	19.807518005371094
239	19.695716857910156
240	19.493144989013672
241	19.392986297607422
242	19.561153411865234
243	19.759641647338867
244	19.382600784301758
245	19.49863624572754
246	19.354860305786133
247	19.297565460205078
248	19.484235763549805
249	19.36016082763672
250	19.312885284423828
251	19.07054901123047
252	19.358293533325195
253	19.112098693847656
254	18.790851593017578
255	18.97210121154785
256	18.769563674926758
257	19.026716232299805
258	18.681982040405273
259	18.76123046875
260	18.76443862915039
261	18.73638343811035
262	18.612232208251953
263	18.777141571044922
264	18.303504943847656
265	18.626375198364258
266	18.494115829467773
267	18.5992488861084
268	18.628820419311523
269	18.504228591918945
270	18.597503662109375
271	18.50528907775879
272	18.377941131591797
273	18.19477653503418
274	18.294662475585938
275	18.380069732666016
276	18.193115234375
277	18.29768943786621
278	18.082626342773438
279	18.39771842956543
280	18.366884231567383
281	18.059560775756836
282	18.10655975341797
283	18.03964614868164
284	18.305530548095703
285	17.9123477935791
286	18.03943634033203
287	17.84016227722168
288	18.08521842956543
289	17.947202682495117
290	17.890525817871094
291	17.87826919555664
292	18.046592712402344
293	17.965524673461914
294	17.816410064697266
295	17.777536392211914
296	17.793825149536133
297	17.78614616394043
298	18.042749404907227
299	17.803258895874023
300	17.46187400817871
301	17.70205307006836
302	17.80160903930664
303	17.676149368286133
304	17.670570373535156
305	17.689533233642578
306	17.451950073242188
307	17.670576095581055
308	17.297218322753906
309	17.554649353027344
310	17.15433692932129
311	17.554983139038086
312	17.45968246459961
313	17.446430206298828
314	17.40727996826172
315	17.680086135864258
316	17.401058197021484
317	17.34858512878418
318	17.435564041137695
319	17.138513565063477
320	17.287450790405273
321	17.380279541015625
322	17.55840492248535
323	17.40495491027832
324	17.330703735351562
325	17.35846710205078
326	17.290264129638672
327	17.361835479736328
328	17.348407745361328
329	17.516529083251953
330	17.30868911743164
331	17.175371170043945
332	17.25660514831543
333	17.09925079345703
334	17.14986801147461
335	17.513460159301758
336	17.290706634521484
337	17.141376495361328
338	17.249664306640625
339	17.346155166625977
340	17.20484161376953
341	17.259944915771484
342	17.20020866394043
343	17.01610565185547
344	17.013465881347656
345	17.21946907043457
346	17.014175415039062
347	17.203125
348	17.15314292907715
349	16.8869571685791
350	17.03888702392578
351	17.13762664794922
352	17.01443862915039
353	16.835987091064453
354	16.8250732421875
355	16.959941864013672
356	16.97136116027832
357	17.063026428222656
358	16.925790786743164
359	16.948646545410156
360	17.230867385864258
361	16.953256607055664
362	17.012113571166992
363	17.271915435791016
364	16.878435134887695
365	16.850385665893555
366	17.11983299255371
367	16.678974151611328
368	16.586347579956055
369	17.144655227661133
370	16.80352020263672
371	16.81321144104004
372	17.14240074157715
373	16.763097763061523
374	16.878015518188477
375	16.76984214782715
376	16.81892204284668
377	16.79330825805664
378	16.989398956298828
379	16.641281127929688
380	16.681865692138672
381	16.86820411682129
382	16.748085021972656
383	16.846271514892578
384	16.639175415039062
385	16.70970344543457
386	16.611896514892578
387	16.76470947265625
388	16.534645080566406
389	16.94413185119629
390	16.726654052734375
391	16.702585220336914
392	16.736446380615234
393	16.79129981994629
394	16.54389190673828
395	16.864471435546875
396	16.646652221679688
397	16.561992645263672
398	16.654361724853516
399	16.706401824951172
400	16.604171752929688
401	16.527189254760742
402	16.55724334716797
403	16.5650691986084
404	16.393451690673828
405	16.492116928100586
406	16.512908935546875
407	16.7940673828125
408	16.285348892211914
409	16.461679458618164
410	16.40369987487793
411	16.448638916015625
412	16.425800323486328
413	16.440561294555664
414	16.500513076782227
415	16.243450164794922
416	16.4350528717041
417	16.51361083984375
418	16.509077072143555
419	16.29071807861328
420	16.553936004638672
421	16.614896774291992
422	16.158615112304688
423	16.494583129882812
424	16.462156295776367
425	16.307239532470703
426	16.551862716674805
427	16.369483947753906
428	16.364805221557617
429	16.63601303100586
430	16.380882263183594
431	16.566082000732422
432	16.437044143676758
433	16.395544052124023
434	16.38437843322754
435	16.341033935546875
436	16.193254470825195
437	16.540775299072266
438	16.52581787109375
439	16.19329071044922
440	16.403121948242188
441	16.551549911499023
442	16.297521591186523
443	16.548503875732422
444	16.297231674194336
445	16.49881362915039
446	16.368507385253906
447	16.244688034057617
448	16.374771118164062
449	16.334796905517578
450	16.121212005615234
451	16.112045288085938
452	16.32229232788086
453	16.388214111328125
454	16.258678436279297
455	16.296539306640625
456	16.094858169555664
457	16.446073532104492
458	16.05517578125
459	16.296916961669922
460	16.31032371520996
461	16.227739334106445
462	16.38493537902832
463	16.026464462280273
464	16.270549774169922
465	16.24224281311035
466	16.241804122924805
467	16.231721878051758
468	16.23551368713379
469	16.158048629760742
470	16.254243850708008
471	16.186792373657227
472	16.205615997314453
473	16.166690826416016
474	16.266942977905273
475	16.30243492126465
476	16.032066345214844
477	16.263078689575195
478	16.222286224365234
479	16.107830047607422
480	16.113948822021484
481	16.321557998657227
482	16.20905876159668
483	16.281278610229492
484	16.118215560913086
485	15.887823104858398
486	16.179771423339844
487	16.025676727294922
488	16.29356575012207
489	16.408937454223633
490	16.01976776123047
491	16.226518630981445
492	16.189617156982422
493	15.999455451965332
494	16.17111587524414
495	16.136995315551758
496	16.145544052124023
497	16.11239242553711
498	16.0460147857666
499	16.191314697265625
500	16.05474853515625
501	15.989211082458496
502	16.032142639160156
503	15.747580528259277
504	15.959711074829102
505	16.19817352294922
506	16.145811080932617
507	16.029766082763672
508	16.00052261352539
509	16.021621704101562
510	16.023012161254883
511	16.12429428100586
512	15.81949520111084
513	16.174835205078125
514	15.658750534057617
515	16.019596099853516
516	16.048994064331055
517	15.96883773803711
518	15.923713684082031
519	15.806487083435059
520	15.893851280212402
521	16.106897354125977
522	15.967667579650879
523	16.131942749023438
524	16.082042694091797
525	15.723645210266113
526	15.977625846862793
527	16.126399993896484
528	15.752395629882812
529	16.129926681518555
530	16.003732681274414
531	15.728619575500488
532	16.01926040649414
533	15.927632331848145
534	15.911676406860352
535	15.912364959716797
536	16.12253189086914
537	15.729886054992676
538	15.900001525878906
539	15.996756553649902
540	15.828346252441406
541	15.908085823059082
542	15.91451644897461
543	15.842825889587402
544	15.806164741516113
545	15.990560531616211
546	15.877867698669434
547	15.731940269470215
548	15.739001274108887
549	15.865623474121094
550	15.822248458862305
551	16.00238037109375
552	15.942017555236816
553	16.11751937866211
554	15.822542190551758
555	15.745665550231934
556	15.946035385131836
557	15.697752952575684
558	15.852330207824707
559	15.781953811645508
560	15.727090835571289
561	15.679032325744629
562	15.871926307678223
563	15.800979614257812
564	15.81173324584961
565	15.724313735961914
566	15.9580659866333
567	15.88689136505127
568	15.747477531433105
569	15.851892471313477
570	15.872415542602539
571	15.979947090148926
572	15.829791069030762
573	15.691202163696289
574	15.757556915283203
575	15.808274269104004
576	15.754555702209473
577	15.92903995513916
578	15.873258590698242
579	15.704690933227539
580	15.860074996948242
581	15.836758613586426
582	15.740777969360352
583	15.839568138122559
584	15.75971794128418
585	15.796810150146484
586	15.835869789123535
587	15.675636291503906
588	15.938836097717285
589	15.912652015686035
590	15.795633316040039
591	15.635602951049805
592	15.73752498626709
593	15.781922340393066
594	15.753623962402344
595	15.903444290161133
596	15.531015396118164
597	15.687307357788086
598	15.635658264160156
599	15.905354499816895
600	15.786704063415527
601	15.689294815063477
602	15.952743530273438
603	15.846574783325195
604	15.89001750946045
605	15.753173828125
606	15.628379821777344
607	15.959486961364746
608	15.69096565246582
609	16.10821533203125
610	15.915492057800293
611	15.78192138671875
612	15.819934844970703
613	15.784761428833008
614	15.60181713104248
615	15.81676959991455
616	15.870157241821289
617	15.680514335632324
618	15.835854530334473
619	15.731526374816895
620	15.49902057647705
621	15.47974967956543
622	15.794147491455078
623	15.59127426147461
624	15.639388084411621
625	15.69469928741455
626	15.830289840698242
627	15.504009246826172
628	15.909234046936035
629	15.716748237609863
630	15.524357795715332
631	15.836359024047852
632	15.605890274047852
633	15.712464332580566
634	15.66347885131836
635	15.857491493225098
636	15.753463745117188
637	15.777214050292969
638	15.482931137084961
639	15.557238578796387
640	15.627351760864258
641	15.794013023376465
642	15.529918670654297
643	15.636280059814453
644	15.711898803710938
645	15.649295806884766
646	15.654555320739746
647	15.638387680053711
648	15.440592765808105
649	15.659951210021973
650	15.43799114227295
651	15.65060806274414
652	15.731979370117188
653	15.683259963989258
654	15.636734962463379
655	15.702445983886719
656	15.657307624816895
657	15.797579765319824
658	15.405473709106445
659	15.615875244140625
660	15.62595272064209
661	15.684714317321777
662	15.637319564819336
663	15.58405876159668
664	15.51103401184082
665	15.67138957977295
666	15.531031608581543
667	15.716763496398926
668	15.515290260314941
669	15.626395225524902
670	15.570955276489258
671	15.476150512695312
672	15.708597183227539
673	15.596843719482422
674	15.597905158996582
675	15.938797950744629
676	15.615466117858887
677	15.443824768066406
678	15.47446060180664
679	15.714279174804688
680	15.662532806396484
681	15.738862037658691
682	15.492557525634766
683	15.409408569335938
684	15.471111297607422
685	15.595749855041504
686	15.77149772644043
687	15.422747611999512
688	15.763124465942383
689	15.387247085571289
690	15.431477546691895
691	15.565410614013672
692	15.652793884277344
693	15.458434104919434
694	15.561592102050781
695	15.45765209197998
696	15.644393920898438
697	15.365097045898438
698	15.475791931152344
699	15.482955932617188
700	15.525673866271973
701	15.564067840576172
702	15.722228050231934
703	15.5521240234375
704	15.511452674865723
705	15.520539283752441
706	15.590932846069336
707	15.545414924621582
708	15.494537353515625
709	15.522777557373047
710	15.330404281616211
711	15.488055229187012
712	15.426475524902344
713	15.431641578674316
714	15.441286087036133
715	15.674931526184082
716	15.398093223571777
717	15.357479095458984
718	15.088579177856445
719	15.30106258392334
720	15.43333911895752
721	15.389344215393066
722	15.41137981414795
723	15.370490074157715
724	15.560050964355469
725	15.6687650680542
726	15.545360565185547
727	15.265584945678711
728	15.602598190307617
729	15.447871208190918
730	15.178995132446289
731	15.182574272155762
732	15.64868450164795
733	15.328672409057617
734	15.399900436401367
735	15.51334285736084
736	15.36333179473877
737	15.176363945007324
738	15.47123908996582
739	15.446840286254883
740	15.04918098449707
741	15.203640937805176
742	15.628841400146484
743	15.330168724060059
744	15.323534965515137
745	15.310683250427246
746	15.448064804077148
747	15.45839786529541
748	15.19810962677002
749	15.473755836486816
750	15.338213920593262
751	15.300760269165039
752	15.361470222473145
753	15.301165580749512
754	15.739598274230957
755	15.515716552734375
756	15.435062408447266
757	15.29405403137207
758	15.462441444396973
759	15.396787643432617
760	15.401084899902344
761	15.110896110534668
762	15.389739990234375
763	15.52001667022705
764	15.530189514160156
765	15.411764144897461
766	15.255029678344727
767	15.048477172851562
768	15.5542631149292
769	15.412468910217285
770	15.384164810180664
771	15.428668975830078
772	15.351994514465332
773	15.351531028747559
774	15.28293514251709
775	15.349752426147461
776	15.223392486572266
777	15.104782104492188
778	15.341560363769531
779	15.602583885192871
780	15.470602989196777
781	15.290096282958984
782	15.507369041442871
783	15.472075462341309
784	15.485220909118652
785	15.380941390991211
786	15.28651237487793
787	15.413446426391602
788	15.242748260498047
789	15.24483871459961
790	15.276975631713867
791	15.16401195526123
792	15.22400188446045
793	15.272700309753418
794	15.531102180480957
795	15.454124450683594
796	15.225666999816895
797	15.375482559204102
798	15.230870246887207
799	15.162346839904785
800	15.252056121826172
801	15.301704406738281
802	15.47914981842041
803	15.402619361877441
804	15.284360885620117
805	15.36363697052002
806	15.182343482971191
807	15.280234336853027
808	15.433931350708008
809	14.990286827087402
810	15.274909019470215
811	15.305511474609375
812	15.624040603637695
813	15.27523422241211
814	15.36262321472168
815	15.255754470825195
816	15.285345077514648
817	15.425636291503906
818	15.190526008605957
819	15.311781883239746
820	15.235527038574219
821	15.250492095947266
822	15.418922424316406
823	15.404335021972656
824	15.346035957336426
825	15.043027877807617
826	15.296035766601562
827	15.26406478881836
828	15.10826301574707
829	15.138352394104004
830	15.360560417175293
831	15.147693634033203
832	15.112994194030762
833	15.104886054992676
834	15.227931022644043
835	15.299863815307617
836	15.12984848022461
837	15.21920394897461
838	15.151701927185059
839	15.104963302612305
840	15.219992637634277
841	15.1729154586792
842	15.189820289611816
843	15.175832748413086
844	15.249370574951172
845	15.058513641357422
846	15.310240745544434
847	15.163097381591797
848	15.172089576721191
849	15.10578727722168
850	15.10399055480957
851	15.178216934204102
852	15.179238319396973
853	15.16670036315918
854	15.171756744384766
855	15.252745628356934
856	15.369924545288086
857	14.989728927612305
858	15.26578426361084
859	15.055870056152344
860	15.226449012756348
861	14.985264778137207
862	15.134431838989258
863	15.090997695922852
864	15.123978614807129
865	15.191438674926758
866	15.116849899291992
867	14.973515510559082
868	15.415513038635254
869	15.119894981384277
870	15.174237251281738
871	15.042600631713867
872	14.88194465637207
873	15.390351295471191
874	15.273880004882812
875	15.278221130371094
876	15.004117965698242
877	15.249497413635254
878	15.197948455810547
879	15.17089557647705
880	14.840973854064941
881	15.154098510742188
882	15.166532516479492
883	15.144024848937988
884	15.173253059387207
885	15.224482536315918
886	15.083148956298828
887	14.937193870544434
888	14.799110412597656
889	15.229144096374512
890	15.244856834411621
891	14.891260147094727
892	15.093584060668945
893	15.114234924316406
894	14.95369815826416
895	14.8107328414917
896	15.151545524597168
897	15.226146697998047
898	15.430293083190918
899	15.101508140563965
900	14.994125366210938
901	15.16034984588623
902	15.192782402038574
903	15.169966697692871
904	15.114501953125
905	14.883210182189941
906	15.032371520996094
907	15.278191566467285
908	15.189995765686035
909	15.093391418457031
910	14.964611053466797
911	15.071992874145508
912	15.051376342773438
913	15.059157371520996
914	15.019383430480957
915	15.05543327331543
916	14.805963516235352
917	15.017367362976074
918	15.126121520996094
919	14.94386100769043
920	14.747090339660645
921	15.086350440979004
922	14.907291412353516
923	15.189458847045898
924	14.992003440856934
925	15.10722541809082
926	15.140336990356445
927	15.180778503417969
928	14.92551326751709
929	15.133295059204102
930	15.097071647644043
931	15.004754066467285
932	14.862860679626465
933	15.037660598754883
934	14.938315391540527
935	15.074467658996582
936	15.305402755737305
937	15.057530403137207
938	15.09764575958252
939	14.911351203918457
940	15.025350570678711
941	14.913086891174316
942	15.017760276794434
943	14.868227005004883
944	14.913554191589355
945	15.090856552124023
946	14.967019081115723
947	15.025358200073242
948	15.049591064453125
949	14.9433012008667
950	14.935284614562988
951	14.907771110534668
952	15.200325012207031
953	14.676104545593262
954	15.03125286102295
955	15.085467338562012
956	14.95382308959961
957	14.887060165405273
958	14.992036819458008
959	14.711051940917969
960	14.970125198364258
961	14.871051788330078
962	14.987249374389648
963	14.97499942779541
964	14.93960952758789
965	14.89014720916748
966	14.876532554626465
967	15.018758773803711
968	15.058116912841797
969	14.991008758544922
970	14.812128067016602
971	14.905718803405762
972	14.850335121154785
973	14.752934455871582
974	14.916048049926758
975	15.202797889709473
976	14.9889497756958
977	14.90461254119873
978	14.914179801940918
979	15.078392028808594
980	14.950465202331543
981	14.749216079711914
982	14.939191818237305
983	14.865387916564941
984	15.002683639526367
985	15.138693809509277
986	14.969223022460938
987	14.757211685180664
988	14.698838233947754
989	14.6336030960083
990	15.055123329162598
991	14.968170166015625
992	14.788110733032227
993	14.998918533325195
994	15.035055160522461
995	15.019760131835938
996	14.76119327545166
997	14.814786911010742
998	14.874794006347656
999	15.142962455749512
1000	14.747954368591309
1001	14.703533172607422
1002	15.065302848815918
1003	14.791915893554688
1004	14.91220474243164
1005	14.705010414123535
1006	14.807372093200684
1007	14.888815879821777
1008	14.909738540649414
1009	14.606840133666992
1010	14.912666320800781
1011	14.77136516571045
1012	14.674552917480469
1013	14.777885437011719
1014	14.933690071105957
1015	14.681150436401367
1016	14.70481014251709
1017	14.657037734985352
1018	14.88840389251709
1019	14.967533111572266
1020	14.666120529174805
1021	14.794240951538086
1022	14.960953712463379
1023	14.838977813720703
1024	14.622926712036133
1025	14.86361312866211
1026	14.910178184509277
1027	14.929805755615234
1028	15.11935806274414
1029	14.860562324523926
1030	14.945935249328613
1031	14.829519271850586
1032	14.946915626525879
1033	14.746402740478516
1034	14.851829528808594
1035	14.822620391845703
1036	14.577866554260254
1037	14.88614273071289
1038	14.762273788452148
1039	15.021028518676758
1040	14.916647911071777
1041	14.92658805847168
1042	15.098782539367676
1043	14.940521240234375
1044	14.773737907409668
1045	14.915101051330566
1046	14.97746753692627
1047	14.726499557495117
1048	14.840271949768066
1049	14.816546440124512
1050	14.651841163635254
1051	14.670308113098145
1052	14.837464332580566
1053	14.695725440979004
1054	14.559737205505371
1055	14.738897323608398
1056	15.01052188873291
1057	14.772774696350098
1058	14.889751434326172
1059	14.768813133239746
1060	14.947515487670898
1061	14.600385665893555
1062	14.696915626525879
1063	14.934462547302246
1064	14.829507827758789
1065	14.944103240966797
1066	14.861783981323242
1067	14.823738098144531
1068	14.797810554504395
1069	14.582610130310059
1070	14.777508735656738
1071	14.963971138000488
1072	14.847434997558594
1073	14.66995906829834
1074	15.02061653137207
1075	14.9356050491333
1076	14.775636672973633
1077	14.781009674072266
1078	14.672795295715332
1079	14.851905822753906
1080	14.772987365722656
1081	14.765352249145508
1082	14.63249683380127
1083	14.839052200317383
1084	14.863438606262207
1085	14.586906433105469
1086	14.86025619506836
1087	14.667057991027832
1088	14.950531005859375
1089	14.676734924316406
1090	14.834925651550293
1091	14.490059852600098
1092	14.562986373901367
1093	14.715444564819336
1094	14.747700691223145
1095	14.713249206542969
1096	14.742136001586914
1097	14.745173454284668
1098	14.688450813293457
1099	14.654483795166016
1100	14.642183303833008
1101	14.659093856811523
1102	14.972726821899414
1103	14.923089981079102
1104	14.736052513122559
1105	14.724393844604492
1106	14.735033988952637
1107	14.826140403747559
1108	14.575228691101074
1109	14.708429336547852
1110	14.708077430725098
1111	14.750144958496094
1112	14.517521858215332
1113	14.675047874450684
1114	14.528321266174316
1115	14.77232837677002
1116	14.583155632019043
1117	14.809412002563477
1118	14.73184871673584
1119	14.494178771972656
1120	14.741740226745605
1121	14.507009506225586
1122	14.68681526184082
1123	14.800154685974121
1124	14.570757865905762
1125	14.772186279296875
1126	14.562379837036133
1127	14.726879119873047
1128	14.64761734008789
1129	14.84572982788086
1130	14.647867202758789
1131	14.766951560974121
1132	14.84664249420166
1133	14.61638069152832
1134	14.589119911193848
1135	14.511621475219727
1136	14.74190616607666
1137	14.547760009765625
1138	14.853388786315918
1139	14.70882797241211
1140	14.633464813232422
1141	14.357789039611816
1142	14.410502433776855
1143	14.747017860412598
1144	14.536569595336914
1145	14.676258087158203
1146	14.77621841430664
1147	14.672307968139648
1148	14.538089752197266
1149	14.579649925231934
1150	14.470977783203125
1151	14.590279579162598
1152	14.777538299560547
1153	14.687538146972656
1154	14.996541023254395
1155	14.509498596191406
1156	14.548648834228516
1157	14.944658279418945
1158	14.618339538574219
1159	14.67059326171875
1160	14.406452178955078
1161	14.58619213104248
1162	14.746562957763672
1163	14.756794929504395
1164	14.764885902404785
1165	14.711474418640137
1166	14.641018867492676
1167	14.63343334197998
1168	14.759742736816406
1169	14.762078285217285
1170	14.620986938476562
1171	14.408550262451172
1172	14.721115112304688
1173	14.599749565124512
1174	14.611953735351562
1175	14.223901748657227
1176	14.857925415039062
1177	14.751803398132324
1178	14.68869686126709
1179	14.551520347595215
1180	14.69974422454834
1181	14.725868225097656
1182	14.781229972839355
1183	14.775215148925781
1184	14.678694725036621
1185	14.585235595703125
1186	14.613125801086426
1187	14.803539276123047
1188	14.437886238098145
1189	14.582059860229492
1190	14.49565315246582
1191	14.581510543823242
1192	14.5453462600708
1193	14.351696968078613
1194	14.490777015686035
1195	14.97242259979248
1196	14.653729438781738
1197	14.4734525680542
1198	14.630281448364258
1199	14.713065147399902
1200	14.447304725646973
1201	14.725489616394043
1202	14.622456550598145
1203	14.767229080200195
1204	14.58257007598877
1205	14.677444458007812
1206	14.732701301574707
1207	14.508491516113281
1208	14.515682220458984
1209	14.303888320922852
1210	14.696537971496582
1211	14.499691009521484
1212	14.526578903198242
1213	14.6659517288208
1214	14.792357444763184
1215	14.554923057556152
1216	14.48735523223877
1217	14.503114700317383
1218	14.55650520324707
1219	14.705931663513184
1220	14.577460289001465
1221	14.566572189331055
1222	14.50058650970459
1223	14.538552284240723
1224	14.868912696838379
1225	14.768580436706543
1226	14.686345100402832
1227	14.663488388061523
1228	14.535643577575684
1229	14.57844066619873
1230	14.497493743896484
1231	14.666875839233398
1232	14.562172889709473
1233	14.433721542358398
1234	14.384434700012207
1235	14.484801292419434
1236	14.448233604431152
1237	14.489177703857422
1238	14.415830612182617
1239	14.658586502075195
1240	14.59428596496582
1241	14.620362281799316
1242	14.707755088806152
1243	14.550447463989258
1244	14.533437728881836
1245	14.493474006652832
1246	14.50184154510498
1247	14.593805313110352
1248	14.539478302001953
1249	14.454447746276855
1250	14.73636531829834
1251	14.525910377502441
1252	14.546724319458008
1253	14.495255470275879
1254	14.53936767578125
1255	14.836321830749512
1256	14.53912353515625
1257	14.917160987854004
1258	14.545263290405273
1259	14.466257095336914
1260	14.327569961547852
1261	14.500596046447754
1262	14.450167655944824
1263	14.687313079833984
1264	14.638360977172852
1265	14.384702682495117
1266	14.610447883605957
1267	14.398517608642578
1268	14.322650909423828
1269	14.474566459655762
1270	14.498491287231445
1271	14.517428398132324
1272	14.511560440063477
1273	14.549148559570312
1274	14.725653648376465
1275	14.423910140991211
1276	14.35006332397461
1277	14.358213424682617
1278	14.528450012207031
1279	14.425177574157715
1280	14.509224891662598
1281	14.483365058898926
1282	14.287192344665527
1283	14.473756790161133
1284	14.435201644897461
1285	14.225653648376465
1286	14.487403869628906
1287	14.492137908935547
1288	14.294034004211426
1289	14.264738082885742
1290	14.43111801147461
1291	14.349481582641602
1292	14.549543380737305
1293	14.250454902648926
1294	14.430449485778809
1295	14.30944538116455
1296	14.609658241271973
1297	14.44344711303711
1298	14.180380821228027
1299	14.482420921325684
1300	14.411003112792969
1301	14.39263916015625
1302	14.624606132507324
1303	14.242354393005371
1304	14.389232635498047
1305	14.279004096984863
1306	14.277639389038086
1307	14.441791534423828
1308	14.406886100769043
1309	14.612873077392578
1310	14.26009464263916
1311	14.482881546020508
1312	14.522963523864746
1313	14.354241371154785
1314	14.738911628723145
1315	14.50294017791748
1316	14.464631080627441
1317	14.250021934509277
1318	14.416319847106934
1319	14.443685531616211
1320	14.11995792388916
1321	14.457271575927734
1322	14.292545318603516
1323	14.547586441040039
1324	14.118240356445312
1325	14.458148002624512
1326	14.222285270690918
1327	14.606351852416992
1328	14.459081649780273
1329	14.50190544128418
1330	14.686014175415039
1331	14.304548263549805
1332	14.341729164123535
1333	14.397624015808105
1334	14.562348365783691
1335	14.18090534210205
1336	14.413161277770996
1337	14.434446334838867
1338	14.566779136657715
1339	14.40194034576416
1340	14.339558601379395
1341	14.50783920288086
1342	14.418498992919922
1343	14.416038513183594
1344	14.456068992614746
1345	14.40590763092041
1346	14.53304672241211
1347	14.5779447555542
1348	14.536735534667969
1349	14.383153915405273
1350	14.484077453613281
1351	14.506921768188477
1352	14.420090675354004
1353	14.394777297973633
1354	14.273399353027344
1355	14.407325744628906
1356	14.63337516784668
1357	14.406669616699219
1358	14.292413711547852
1359	14.640033721923828
1360	14.528749465942383
1361	14.399849891662598
1362	14.458918571472168
1363	14.395913124084473
1364	14.353797912597656
1365	14.44249153137207
1366	14.417067527770996
1367	14.312532424926758
1368	14.172821998596191
1369	14.228779792785645
1370	14.268601417541504
1371	14.203593254089355
1372	14.298711776733398
1373	14.372836112976074
1374	14.25912857055664
1375	14.495086669921875
1376	14.368596076965332
1377	14.536955833435059
1378	14.565596580505371
1379	14.210530281066895
1380	14.341778755187988
1381	14.348959922790527
1382	14.503974914550781
1383	14.191162109375
1384	14.61897087097168
1385	14.413315773010254
1386	14.666550636291504
1387	14.345170021057129
1388	14.528846740722656
1389	14.537598609924316
1390	14.40831184387207
1391	14.364903450012207
1392	14.50692367553711
1393	14.691967010498047
1394	14.285626411437988
1395	14.44456958770752
1396	14.588306427001953
1397	14.508152961730957
1398	14.330456733703613
1399	14.351524353027344
1400	14.461250305175781
1401	14.294392585754395
1402	14.322233200073242
1403	14.233636856079102
1404	14.428444862365723
1405	14.550864219665527
1406	14.417959213256836
1407	14.156307220458984
1408	14.243382453918457
1409	14.280512809753418
1410	14.279210090637207
1411	14.338170051574707
1412	14.470932006835938
1413	14.203182220458984
1414	14.429610252380371
1415	14.444437980651855
1416	14.57979679107666
1417	14.303833961486816
1418	14.55557918548584
1419	14.342385292053223
1420	14.317540168762207
1421	14.128698348999023
1422	14.141944885253906
1423	14.451024055480957
1424	14.462624549865723
1425	14.313815116882324
1426	14.36770248413086
1427	14.08096694946289
1428	14.540853500366211
1429	14.37099552154541
1430	14.351435661315918
1431	14.229379653930664
1432	14.374753952026367
1433	14.434074401855469
1434	14.235397338867188
1435	14.373611450195312
1436	14.578890800476074
1437	14.232293128967285
1438	14.543139457702637
1439	14.240377426147461
1440	14.005889892578125
1441	14.240802764892578
1442	14.213455200195312
1443	14.330078125
1444	14.34111213684082
1445	14.59352970123291
1446	14.349654197692871
1447	14.138941764831543
1448	14.32249927520752
1449	14.338204383850098
1450	14.211076736450195
1451	14.268787384033203
1452	14.130620002746582
1453	14.336915016174316
1454	14.032766342163086
1455	14.109956741333008
1456	14.21692180633545
1457	14.08957290649414
1458	14.176135063171387
1459	14.20775318145752
1460	14.358102798461914
1461	14.15860652923584
1462	14.245498657226562
1463	14.2630033493042
1464	14.477442741394043
1465	14.335417747497559
1466	14.30966854095459
1467	14.331892013549805
1468	14.318571090698242
1469	14.230867385864258
1470	14.130295753479004
1471	14.134078979492188
1472	14.275456428527832
1473	14.193479537963867
1474	14.201089859008789
1475	14.451064109802246
1476	14.328024864196777
1477	14.333146095275879
1478	14.155427932739258
1479	14.233963966369629
1480	14.005868911743164
1481	14.239795684814453
1482	14.336933135986328
1483	14.194292068481445
1484	14.1006441116333
1485	14.128901481628418
1486	14.277238845825195
1487	14.281755447387695
1488	14.181331634521484
1489	14.059730529785156
1490	14.264664649963379
1491	14.16197681427002
1492	14.223983764648438
1493	14.097334861755371
1494	14.26414680480957
1495	14.182422637939453
1496	14.398663520812988
1497	14.349026679992676
1498	13.997028350830078
1499	14.218070030212402
1500	14.319147109985352
1501	14.053450584411621
1502	14.302563667297363
1503	14.297883987426758
1504	14.501537322998047
1505	14.180085182189941
1506	14.278093338012695
1507	14.254637718200684
1508	14.339533805847168
1509	14.356467247009277
1510	13.99763298034668
1511	14.290044784545898
1512	14.233084678649902
1513	14.125919342041016
1514	14.22409439086914
1515	14.386673927307129
1516	14.354748725891113
1517	14.380128860473633
1518	14.345255851745605
1519	14.125847816467285
1520	14.369518280029297
1521	14.169683456420898
1522	14.415962219238281
1523	14.393145561218262
1524	14.170143127441406
1525	14.53296184539795
1526	14.0493745803833
1527	14.133885383605957
1528	14.141735076904297
1529	14.556729316711426
1530	14.274706840515137
1531	14.307279586791992
1532	14.384638786315918
1533	14.339373588562012
1534	14.530299186706543
1535	14.177752494812012
1536	14.149452209472656
1537	14.218376159667969
1538	14.338884353637695
1539	14.159637451171875
1540	14.138836860656738
1541	14.199406623840332
1542	14.326287269592285
1543	14.28370475769043
1544	14.276570320129395
1545	14.119295120239258
1546	14.199387550354004
1547	14.045783996582031
1548	14.339386940002441
1549	14.261805534362793
1550	14.347511291503906
1551	14.253918647766113
1552	14.261260986328125
1553	14.257680892944336
1554	14.042191505432129
1555	14.067471504211426
1556	14.137048721313477
1557	14.287282943725586
1558	14.228699684143066
1559	14.184831619262695
1560	14.208196640014648
1561	14.259519577026367
1562	14.183918952941895
1563	14.288155555725098
1564	14.043002128601074
1565	14.270197868347168
1566	13.953328132629395
1567	14.057122230529785
1568	14.320377349853516
1569	14.305992126464844
1570	14.14772891998291
1571	14.224656105041504
1572	14.305630683898926
1573	14.210611343383789
1574	14.391197204589844
1575	14.153635025024414
1576	14.228991508483887
1577	14.275388717651367
1578	14.046041488647461
1579	14.191904067993164
1580	14.060240745544434
1581	13.935744285583496
1582	14.21722412109375
1583	14.231407165527344
1584	14.090617179870605
1585	14.246164321899414
1586	14.198650360107422
1587	14.059331893920898
1588	14.253231048583984
1589	14.3616304397583
1590	14.18911075592041
1591	13.980188369750977
1592	14.058110237121582
1593	14.153717994689941
1594	14.122943878173828
1595	14.323600769042969
1596	14.051570892333984
1597	14.2262544631958
1598	14.068705558776855
1599	14.107895851135254
1600	14.328530311584473
1601	13.90924072265625
1602	14.201191902160645
1603	13.961133003234863
1604	14.21623420715332
1605	14.025228500366211
1606	14.196918487548828
1607	14.052767753601074
1608	14.19499683380127
1609	14.13856029510498
1610	14.125123023986816
1611	13.897283554077148
1612	13.924434661865234
1613	14.338241577148438
1614	14.122214317321777
1615	14.008150100708008
1616	14.12559700012207
1617	14.135794639587402
1618	14.038707733154297
1619	14.311773300170898
1620	14.242411613464355
1621	14.081503868103027
1622	14.097278594970703
1623	14.149190902709961
1624	13.92186164855957
1625	14.116616249084473
1626	14.198040008544922
1627	14.14240550994873
1628	14.106192588806152
1629	14.005060195922852
1630	13.909445762634277
1631	14.13609790802002
1632	14.27428913116455
1633	14.086370468139648
1634	14.168961524963379
1635	14.090575218200684
1636	13.941752433776855
1637	14.15326976776123
1638	14.157374382019043
1639	14.192484855651855
1640	14.39188289642334
1641	13.903888702392578
1642	14.148765563964844
1643	14.133822441101074
1644	14.135687828063965
1645	14.051093101501465
1646	14.152809143066406
1647	14.0111665725708
1648	14.090110778808594
1649	13.975088119506836
1650	13.94200325012207
1651	14.088258743286133
1652	14.071378707885742
1653	14.000706672668457
1654	14.053788185119629
1655	13.858636856079102
1656	13.99567699432373
1657	14.114150047302246
1658	14.041911125183105
1659	14.112884521484375
1660	13.996726989746094
1661	13.921487808227539
1662	14.132121086120605
1663	13.867063522338867
1664	14.297085762023926
1665	13.887457847595215
1666	14.072161674499512
1667	14.005779266357422
1668	13.990655899047852
1669	13.924821853637695
1670	13.940579414367676
1671	13.945838928222656
1672	14.164887428283691
1673	13.927921295166016
1674	13.949030876159668
1675	14.152338981628418
1676	14.108636856079102
1677	14.063347816467285
1678	14.148965835571289
1679	13.920947074890137
1680	14.183343887329102
1681	13.897829055786133
1682	13.924275398254395
1683	13.971636772155762
1684	13.995322227478027
1685	14.072036743164062
1686	13.91235065460205
1687	14.054905891418457
1688	14.172575950622559
1689	14.027956008911133
1690	13.746963500976562
1691	13.786373138427734
1692	14.07413101196289
1693	13.921564102172852
1694	14.04966926574707
1695	14.067014694213867
1696	14.087974548339844
1697	14.210304260253906
1698	14.117103576660156
1699	14.014595985412598
1700	13.994962692260742
1701	14.101122856140137
1702	14.064743041992188
1703	13.923337936401367
1704	13.873661041259766
1705	14.07676887512207
1706	14.207857131958008
1707	13.90823745727539
1708	13.931967735290527
1709	14.014107704162598
1710	14.153112411499023
1711	13.892563819885254
1712	13.863449096679688
1713	14.150216102600098
1714	14.002893447875977
1715	14.073190689086914
1716	13.925077438354492
1717	13.95694637298584
1718	14.156044960021973
1719	13.95859432220459
1720	13.936737060546875
1721	13.83754825592041
1722	13.937585830688477
1723	13.976025581359863
1724	14.097168922424316
1725	14.140761375427246
1726	14.026076316833496
1727	14.099018096923828
1728	13.969761848449707
1729	13.750351905822754
1730	14.081522941589355
1731	13.964788436889648
1732	14.160526275634766
1733	13.945459365844727
1734	13.905198097229004
1735	13.883111000061035
1736	14.116584777832031
1737	13.807271957397461
1738	13.752224922180176
1739	14.000624656677246
1740	13.982682228088379
1741	13.752477645874023
1742	13.785385131835938
1743	13.967693328857422
1744	13.970304489135742
1745	14.005702018737793
1746	13.929471015930176
1747	13.878613471984863
1748	14.0469388961792
1749	13.877809524536133
1750	14.064794540405273
1751	14.102347373962402
1752	13.89860725402832
1753	14.006318092346191
1754	13.767996788024902
1755	14.020166397094727
1756	14.255427360534668
1757	14.002182006835938
1758	14.097993850708008
1759	14.093912124633789
1760	13.863292694091797
1761	13.694764137268066
1762	13.800193786621094
1763	13.762247085571289
1764	13.93303394317627
1765	14.010851860046387
1766	13.871480941772461
1767	14.179511070251465
1768	13.991249084472656
1769	14.039138793945312
1770	14.017191886901855
1771	13.827441215515137
1772	14.12106990814209
1773	13.797551155090332
1774	13.69959831237793
1775	14.000652313232422
1776	13.70969295501709
1777	14.125685691833496
1778	13.712093353271484
1779	13.978883743286133
1780	14.048762321472168
1781	13.764156341552734
1782	13.950254440307617
1783	13.983388900756836
1784	14.055068969726562
1785	13.916304588317871
1786	14.015127182006836
1787	13.930076599121094
1788	13.880105018615723
1789	13.891292572021484
1790	13.635802268981934
1791	13.88500690460205
1792	13.7282075881958
1793	13.934685707092285
1794	14.004692077636719
1795	13.888731002807617
1796	13.863842964172363
1797	13.808731079101562
1798	14.13174057006836
1799	13.826546669006348
1800	13.846952438354492
1801	13.82931137084961
1802	14.030781745910645
1803	13.839644432067871
1804	13.896246910095215
1805	13.827975273132324
1806	14.03853988647461
1807	13.975618362426758
1808	13.706765174865723
1809	13.883660316467285
1810	13.842499732971191
1811	13.898358345031738
1812	13.931621551513672
1813	13.738090515136719
1814	13.913949966430664
1815	13.95897102355957
1816	13.88151741027832
1817	13.86667251586914
1818	13.81655216217041
1819	13.83703327178955
1820	13.891800880432129
1821	14.041794776916504
1822	13.740814208984375
1823	13.59670352935791
1824	13.961634635925293
1825	13.843549728393555
1826	13.859997749328613
1827	14.13772201538086
1828	13.859041213989258
1829	14.024022102355957
1830	13.66615104675293
1831	13.909905433654785
1832	13.816488265991211
1833	13.702868461608887
1834	13.753683090209961
1835	13.682249069213867
1836	13.814021110534668
1837	13.788589477539062
1838	13.989425659179688
1839	13.886597633361816
1840	13.973451614379883
1841	13.810835838317871
1842	13.756566047668457
1843	13.831567764282227
1844	13.923050880432129
1845	13.95398235321045
1846	13.89134407043457
1847	13.840357780456543
1848	14.050800323486328
1849	13.977792739868164
1850	13.847017288208008
1851	13.9180908203125
1852	13.926280975341797
1853	13.894389152526855
1854	13.840234756469727
1855	14.242544174194336
1856	13.99559211730957
1857	13.872411727905273
1858	13.755249977111816
1859	13.819049835205078
1860	13.6719970703125
1861	13.82058334350586
1862	13.792071342468262
1863	14.15365982055664
1864	13.868682861328125
1865	13.683944702148438
1866	13.870171546936035
1867	13.665533065795898
1868	13.754158973693848
1869	13.974395751953125
1870	13.779285430908203
1871	13.900862693786621
1872	13.751236915588379
1873	13.938230514526367
1874	13.6707124710083
1875	13.910602569580078
1876	13.842361450195312
1877	13.779173851013184
1878	13.914231300354004
1879	14.139276504516602
1880	13.821394920349121
1881	13.860246658325195
1882	13.829900741577148
1883	13.989225387573242
1884	13.751386642456055
1885	13.909761428833008
1886	13.936455726623535
1887	14.141321182250977
1888	13.70065975189209
1889	13.822525024414062
1890	13.95626449584961
1891	13.670066833496094
1892	13.43875789642334
1893	13.755293846130371
1894	13.839761734008789
1895	13.64462947845459
1896	13.93610954284668
1897	13.986867904663086
1898	14.060775756835938
1899	14.071025848388672
1900	13.616728782653809
1901	13.862862586975098
1902	13.780226707458496
1903	14.07484245300293
1904	13.508885383605957
1905	13.985742568969727
1906	13.710984230041504
1907	13.792097091674805
1908	13.954984664916992
1909	13.64042854309082
1910	13.6541109085083
1911	13.958049774169922
1912	13.815105438232422
1913	13.799267768859863
1914	13.938294410705566
1915	13.924410820007324
1916	13.864290237426758
1917	13.64220905303955
1918	13.914082527160645
1919	14.056710243225098
1920	13.901119232177734
1921	14.062880516052246
1922	13.792337417602539
1923	13.805262565612793
1924	13.687419891357422
1925	13.677833557128906
1926	13.89204216003418
1927	13.903190612792969
1928	13.625
1929	13.932710647583008
1930	13.540621757507324
1931	13.816606521606445
1932	13.819779396057129
1933	14.09007453918457
1934	13.748888969421387
1935	13.901204109191895
1936	13.788697242736816
1937	13.771794319152832
1938	13.822105407714844
1939	13.68774700164795
1940	13.89571475982666
1941	13.794178009033203
1942	13.480603218078613
1943	13.654406547546387
1944	13.729056358337402
1945	13.868612289428711
1946	13.634986877441406
1947	13.867646217346191
1948	13.581555366516113
1949	13.900717735290527
1950	13.763153076171875
1951	13.690141677856445
1952	13.576430320739746
1953	13.636714935302734
1954	13.58734130859375
1955	13.420915603637695
1956	13.947324752807617
1957	13.738479614257812
1958	13.718073844909668
1959	13.80793285369873
1960	13.844574928283691
1961	13.804141998291016
1962	13.963778495788574
1963	13.589591026306152
1964	13.666373252868652
1965	13.675541877746582
1966	13.897295951843262
1967	13.69046401977539
1968	14.038470268249512
1969	13.583614349365234
1970	13.780735969543457
1971	13.91269302368164
1972	13.786066055297852
1973	13.715938568115234
1974	13.445342063903809
1975	13.779500007629395
1976	13.79023265838623
1977	13.832698822021484
1978	13.691266059875488
1979	13.633907318115234
1980	13.892345428466797
1981	13.863300323486328
1982	13.662103652954102
1983	13.813925743103027
1984	13.756593704223633
1985	13.65083122253418
1986	13.770345687866211
1987	13.48394775390625
1988	13.640503883361816
1989	13.684025764465332
1990	13.85055923461914
1991	13.764871597290039
1992	13.63148307800293
1993	13.61880111694336
1994	13.642861366271973
1995	13.864786148071289
1996	13.838642120361328
1997	13.717411041259766
1998	13.631542205810547
1999	14.022826194763184
2000	13.59720230102539
2001	13.757957458496094
2002	13.751639366149902
2003	13.814766883850098
2004	13.7633638381958
2005	13.745810508728027
2006	13.785801887512207
2007	13.911969184875488
2008	13.936712265014648
2009	13.615467071533203
2010	13.627615928649902
2011	13.99800968170166
2012	13.586045265197754
2013	13.621429443359375
2014	13.57328987121582
2015	13.639554023742676
2016	13.864103317260742
2017	13.721528053283691
2018	13.802812576293945
2019	14.04977798461914
2020	13.731317520141602
2021	13.822004318237305
2022	13.844169616699219
2023	13.682154655456543
2024	13.753605842590332
2025	13.79031753540039
2026	13.510058403015137
2027	13.624662399291992
2028	13.666196823120117
2029	13.553887367248535
2030	13.880937576293945
2031	13.865468978881836
2032	13.676387786865234
2033	14.052029609680176
2034	13.527372360229492
2035	13.932745933532715
2036	13.655428886413574
2037	13.724016189575195
2038	13.644646644592285
2039	13.86889934539795
2040	13.778385162353516
2041	13.667405128479004
2042	13.712158203125
2043	13.580981254577637
2044	13.500645637512207
2045	13.531826972961426
2046	13.892895698547363
2047	13.651291847229004
2048	13.760035514831543
2049	13.90265941619873
2050	13.857179641723633
2051	13.583179473876953
2052	13.853888511657715
2053	13.577459335327148
2054	13.876226425170898
2055	13.75118637084961
2056	13.777582168579102
2057	13.581710815429688
2058	13.659261703491211
2059	13.790142059326172
2060	13.832121849060059
2061	13.68842601776123
2062	13.666489601135254
2063	13.910711288452148
2064	13.639671325683594
2065	13.728988647460938
2066	13.647141456604004
2067	13.777377128601074
2068	13.71807861328125
2069	13.502501487731934
2070	13.919133186340332
2071	13.575791358947754
2072	13.794836044311523
2073	13.68962574005127
2074	13.740703582763672
2075	13.685288429260254
2076	13.596768379211426
2077	13.79275131225586
2078	13.613350868225098
2079	13.696009635925293
2080	13.628044128417969
2081	13.470820426940918
2082	13.733684539794922
2083	13.740960121154785
2084	13.690263748168945
2085	13.760257720947266
2086	13.6545991897583
2087	13.872145652770996
2088	13.613128662109375
2089	13.663237571716309
2090	13.757424354553223
2091	13.685210227966309
2092	13.623455047607422
2093	13.826314926147461
2094	13.81868839263916
2095	13.728232383728027
2096	13.444235801696777
2097	13.940333366394043
2098	13.687973976135254
2099	13.908305168151855
2100	13.778014183044434
2101	13.686079025268555
2102	13.762218475341797
2103	13.478038787841797
2104	13.91280746459961
2105	13.831586837768555
2106	13.771987915039062
2107	13.486172676086426
2108	13.589320182800293
2109	13.561872482299805
2110	13.662212371826172
2111	13.84207534790039
2112	13.910785675048828
2113	13.69160270690918
2114	13.908926963806152
2115	13.787558555603027
2116	13.546679496765137
2117	13.548904418945312
2118	13.764364242553711
2119	13.656596183776855
2120	13.65279483795166
2121	13.556139945983887
2122	13.869817733764648
2123	13.76537036895752
2124	13.717350959777832
2125	13.503031730651855
2126	13.322467803955078
2127	13.613677024841309
2128	13.618304252624512
2129	13.636467933654785
2130	13.767839431762695
2131	13.458613395690918
2132	13.56875991821289
2133	13.650187492370605
2134	13.80801773071289
2135	13.749617576599121
2136	13.657270431518555
2137	13.726754188537598
2138	13.672829627990723
2139	13.580623626708984
2140	13.654510498046875
2141	13.777029991149902
2142	13.492110252380371
2143	13.57303524017334
2144	13.791356086730957
2145	13.519296646118164
2146	13.621444702148438
2147	13.507678031921387
2148	13.67538070678711
2149	13.636829376220703
2150	13.781009674072266
2151	13.718539237976074
2152	13.553247451782227
2153	13.569169044494629
2154	13.790915489196777
2155	13.753329277038574
2156	13.590920448303223
2157	13.545666694641113
2158	13.652972221374512
2159	13.56985092163086
2160	13.55583381652832
2161	13.739821434020996
2162	13.724681854248047
2163	13.743446350097656
2164	13.490564346313477
2165	13.639594078063965
2166	13.697847366333008
2167	13.598302841186523
2168	13.557099342346191
2169	13.698919296264648
2170	13.721084594726562
2171	13.675942420959473
2172	13.711406707763672
2173	13.561631202697754
2174	13.618704795837402
2175	13.68331527709961
2176	13.593557357788086
2177	13.451578140258789
2178	13.665820121765137
2179	13.697172164916992
2180	13.550291061401367
2181	13.704529762268066
2182	13.580486297607422
2183	13.760760307312012
2184	13.790420532226562
2185	13.655681610107422
2186	13.614089012145996
2187	13.541081428527832
2188	13.614949226379395
2189	13.691672325134277
2190	13.49575424194336
2191	13.482239723205566
2192	13.61020565032959
2193	13.710049629211426
2194	13.523114204406738
2195	13.730083465576172
2196	13.632462501525879
2197	13.675941467285156
2198	13.565703392028809
2199	13.83173656463623
2200	13.573053359985352
2201	13.753531455993652
2202	13.76210880279541
2203	13.736177444458008
2204	13.505173683166504
2205	13.658560752868652
2206	13.919105529785156
2207	13.584111213684082
2208	13.902233123779297
2209	13.744848251342773
2210	13.953274726867676
2211	13.855986595153809
2212	13.80294418334961
2213	13.659177780151367
2214	13.679997444152832
2215	13.755786895751953
2216	13.789358139038086
2217	13.571098327636719
2218	13.841588020324707
2219	13.612940788269043
2220	13.701607704162598
2221	13.790997505187988
2222	13.525843620300293
2223	13.686678886413574
2224	13.791671752929688
2225	13.707971572875977
2226	13.591150283813477
2227	13.81667709350586
2228	13.717401504516602
2229	13.44996166229248
2230	13.711155891418457
2231	13.696478843688965
2232	13.52426528930664
2233	13.615941047668457
2234	13.620035171508789
2235	13.386951446533203
2236	13.60238265991211
2237	13.550529479980469
2238	13.739875793457031
2239	13.673919677734375
2240	13.554177284240723
2241	13.74609088897705
2242	13.592385292053223
2243	13.684768676757812
2244	13.811301231384277
2245	13.840922355651855
2246	13.536314964294434
2247	13.613975524902344
2248	13.716740608215332
2249	13.660853385925293
2250	13.512593269348145
2251	13.461181640625
2252	13.62343978881836
2253	13.528521537780762
2254	13.766561508178711
2255	13.642949104309082
2256	13.603889465332031
2257	13.613983154296875
2258	13.517274856567383
2259	13.74755573272705
2260	13.47955322265625
2261	13.66676139831543
2262	13.78349781036377
2263	13.489371299743652
2264	13.794717788696289
2265	13.787543296813965
2266	13.51677131652832
2267	13.669894218444824
2268	13.422463417053223
2269	13.817788124084473
2270	13.621883392333984
2271	13.557550430297852
2272	13.608078956604004
2273	13.753058433532715
2274	13.766528129577637
2275	13.5172119140625
2276	13.337258338928223
2277	13.685559272766113
2278	13.643328666687012
2279	13.575918197631836
2280	13.544833183288574
2281	13.571934700012207
2282	13.639403343200684
2283	13.782022476196289
2284	13.704291343688965
2285	13.543237686157227
2286	13.601554870605469
2287	13.557307243347168
2288	13.673253059387207
2289	13.563313484191895
2290	13.726234436035156
2291	13.599175453186035
2292	13.542520523071289
2293	13.596224784851074
2294	13.601523399353027
2295	13.750244140625
2296	13.890289306640625
2297	13.663779258728027
2298	13.624208450317383
2299	13.661367416381836
2300	13.57524299621582
2301	11.403252601623535
2302	11.324993133544922
2303	10.934823036193848
2304	11.088508605957031
2305	10.839967727661133
2306	11.025777816772461
2307	10.94997787475586
2308	11.062858581542969
2309	10.867196083068848
2310	10.885623931884766
2311	10.672545433044434
2312	11.077153205871582
2313	10.463724136352539
2314	10.546833992004395
2315	10.943198204040527
2316	10.551533699035645
2317	10.575065612792969
2318	10.708197593688965
2319	10.550774574279785
2320	10.505767822265625
2321	10.232589721679688
2322	10.43691349029541
2323	10.478925704956055
2324	10.193375587463379
2325	10.369747161865234
2326	10.381332397460938
2327	9.980073928833008
2328	9.959111213684082
2329	10.425835609436035
2330	10.088496208190918
2331	10.314441680908203
2332	10.217246055603027
2333	10.488410949707031
2334	10.280298233032227
2335	10.191636085510254
2336	10.013716697692871
2337	10.348160743713379
2338	10.076689720153809
2339	10.03818130493164
2340	9.874900817871094
2341	9.943760871887207
2342	9.942408561706543
2343	10.320903778076172
2344	10.099344253540039
2345	9.828558921813965
2346	9.966604232788086
2347	10.08123779296875
2348	10.292132377624512
2349	10.195635795593262
2350	9.608321189880371
2351	10.21047306060791
2352	10.088967323303223
2353	9.956470489501953
2354	9.975088119506836
2355	9.758127212524414
2356	9.70485782623291
2357	9.807201385498047
2358	9.742148399353027
2359	9.775313377380371
2360	10.023651123046875
2361	10.010233879089355
2362	10.139138221740723
2363	9.817109107971191
2364	9.871024131774902
2365	9.906946182250977
2366	9.593031883239746
2367	9.711496353149414
2368	10.208442687988281
2369	9.862358093261719
2370	9.865774154663086
2371	9.989155769348145
2372	9.6395902633667
2373	9.90393352508545
2374	9.95344066619873
2375	9.820560455322266
2376	9.679512977600098
2377	9.770567893981934
2378	9.697482109069824
2379	9.679767608642578
2380	10.021970748901367
2381	9.665946006774902
2382	9.567694664001465
2383	9.5865478515625
2384	9.3567476272583
2385	9.966794967651367
2386	9.80981731414795
2387	9.798606872558594
2388	9.59691047668457
2389	9.511972427368164
2390	9.631378173828125
2391	9.623688697814941
2392	9.872706413269043
2393	9.774606704711914
2394	10.045231819152832
2395	9.561408042907715
2396	9.789813995361328
2397	9.972210884094238
2398	9.775259971618652
2399	9.46034049987793
2400	9.807804107666016
2401	9.715371131896973
2402	9.584986686706543
2403	9.572728157043457
2404	9.520160675048828
2405	9.590124130249023
2406	9.524486541748047
2407	9.594033241271973
2408	9.497146606445312
2409	9.4790620803833
2410	9.488255500793457
2411	9.716928482055664
2412	9.536826133728027
2413	9.705345153808594
2414	9.419858932495117
2415	9.36746883392334
2416	9.718799591064453
2417	9.432390213012695
2418	9.62007999420166
2419	9.485757827758789
2420	9.505427360534668
2421	9.600954055786133
2422	9.6190185546875
2423	9.73857307434082
2424	9.680317878723145
2425	9.72558307647705
2426	9.72344970703125
2427	9.665306091308594
2428	9.563850402832031
2429	9.85518741607666
2430	9.749430656433105
2431	9.571725845336914
2432	9.766897201538086
2433	9.128120422363281
2434	9.503170013427734
2435	9.552188873291016
2436	9.285768508911133
2437	9.43871784210205
2438	9.544034957885742
2439	9.690680503845215
2440	9.454378128051758
2441	9.781669616699219
2442	9.49699592590332
2443	9.896081924438477
2444	9.5215425491333
2445	9.529233932495117
2446	9.446077346801758
2447	9.443941116333008
2448	9.59367847442627
2449	9.882719993591309
2450	9.67712116241455
2451	9.422926902770996
2452	9.64000129699707
2453	9.127223014831543
2454	9.492005348205566
2455	9.475196838378906
2456	9.401233673095703
2457	9.588543891906738
2458	9.340725898742676
2459	9.383532524108887
2460	9.478041648864746
2461	9.313916206359863
2462	9.45740032196045
2463	9.37629222869873
2464	9.400999069213867
2465	9.293679237365723
2466	9.547647476196289
2467	9.367198944091797
2468	9.342597007751465
2469	9.270508766174316
2470	9.489885330200195
2471	9.206686973571777
2472	9.366116523742676
2473	9.454708099365234
2474	9.536733627319336
2475	9.345123291015625
2476	9.425665855407715
2477	9.312103271484375
2478	9.31209945678711
2479	9.43774127960205
2480	9.53577995300293
2481	9.604233741760254
2482	9.749094009399414
2483	9.202766418457031
2484	9.06531810760498
2485	9.377873420715332
2486	9.436971664428711
2487	9.508770942687988
2488	9.28276538848877
2489	9.649073600769043
2490	9.586091995239258
2491	9.247574806213379
2492	9.4077787399292
2493	9.625133514404297
2494	9.239962577819824
2495	9.250737190246582
2496	9.32055377960205
2497	9.270416259765625
2498	9.39472770690918
2499	9.258705139160156
2500	9.320404052734375
2501	9.649598121643066
2502	9.37436294555664
2503	9.278846740722656
2504	9.341785430908203
2505	9.348355293273926
2506	9.28858757019043
2507	9.217193603515625
2508	8.920875549316406
2509	9.332440376281738
2510	9.220137596130371
2511	9.553667068481445
2512	9.313569068908691
2513	9.409235954284668
2514	9.42615795135498
2515	9.163844108581543
2516	9.526945114135742
2517	9.280488967895508
2518	9.171590805053711
2519	9.547200202941895
2520	9.442193984985352
2521	9.483219146728516
2522	9.14144229888916
2523	8.95485782623291
2524	9.307575225830078
2525	9.135103225708008
2526	9.478348731994629
2527	9.439913749694824
2528	9.388397216796875
2529	9.381174087524414
2530	9.300846099853516
2531	9.07190227508545
2532	9.187298774719238
2533	9.07996940612793
2534	9.554367065429688
2535	9.407258987426758
2536	9.476784706115723
2537	9.44610595703125
2538	9.191784858703613
2539	9.51172161102295
2540	9.231097221374512
2541	9.318741798400879
2542	9.538308143615723
2543	9.273375511169434
2544	9.158822059631348
2545	9.25137710571289
2546	9.275388717651367
2547	9.124983787536621
2548	9.349555015563965
2549	9.282625198364258
2550	9.122957229614258
2551	9.35384750366211
2552	9.388607025146484
2553	9.031557083129883
2554	9.084091186523438
2555	9.527085304260254
2556	9.087128639221191
2557	9.371053695678711
2558	9.207523345947266
2559	9.074836730957031
2560	9.010636329650879
2561	9.089302062988281
2562	9.357864379882812
2563	9.601446151733398
2564	9.304121971130371
2565	9.009915351867676
2566	9.278125762939453
2567	9.319132804870605
2568	9.424382209777832
2569	9.266307830810547
2570	9.281330108642578
2571	9.078608512878418
2572	9.292227745056152
2573	9.196313858032227
2574	9.379005432128906
2575	8.92953872680664
2576	9.114958763122559
2577	9.195816040039062
2578	9.595345497131348
2579	9.263700485229492
2580	9.269682884216309
2581	9.294487953186035
2582	8.948193550109863
2583	9.141913414001465
2584	9.247747421264648
2585	9.271236419677734
2586	9.068161010742188
2587	9.271663665771484
2588	9.12637710571289
2589	9.318285942077637
2590	9.219183921813965
2591	9.151447296142578
2592	9.065275192260742
2593	9.320659637451172
2594	9.363164901733398
2595	9.180519104003906
2596	9.247164726257324
2597	9.217187881469727
2598	9.161155700683594
2599	9.005918502807617
2600	9.488540649414062
2601	9.192875862121582
2602	9.389047622680664
2603	9.349461555480957
2604	9.257083892822266
2605	9.216779708862305
2606	9.34714126586914
2607	9.39181137084961
2608	9.353322982788086
2609	9.12282943725586
2610	9.259079933166504
2611	9.093955993652344
2612	8.99234676361084
2613	9.268512725830078
2614	9.26538372039795
2615	9.193090438842773
2616	8.879457473754883
2617	9.015347480773926
2618	9.264657974243164
2619	9.208473205566406
2620	9.155878067016602
2621	9.02297306060791
2622	9.030831336975098
2623	9.31549072265625
2624	9.188187599182129
2625	9.107686996459961
2626	9.340071678161621
2627	9.427372932434082
2628	9.096704483032227
2629	9.438819885253906
2630	9.094374656677246
2631	9.052437782287598
2632	9.134177207946777
2633	9.32408332824707
2634	9.389175415039062
2635	9.122400283813477
2636	9.352810859680176
2637	9.273404121398926
2638	9.355317115783691
2639	9.03370475769043
2640	9.127799987792969
2641	9.560873985290527
2642	9.54265308380127
2643	9.02531623840332
2644	9.188437461853027
2645	9.070709228515625
2646	9.033823013305664
2647	8.864645957946777
2648	9.368427276611328
2649	8.981783866882324
2650	9.25308609008789
2651	9.020605087280273
2652	9.176155090332031
2653	9.164434432983398
2654	9.1500883102417
2655	9.02404499053955
2656	8.953853607177734
2657	9.21933650970459
2658	9.250925064086914
2659	9.207874298095703
2660	9.066671371459961
2661	8.8712739944458
2662	9.165935516357422
2663	9.103961944580078
2664	8.922350883483887
2665	9.25709056854248
2666	8.916778564453125
2667	9.097919464111328
2668	8.881409645080566
2669	9.252943992614746
2670	9.089252471923828
2671	8.906829833984375
2672	8.998355865478516
2673	8.902807235717773
2674	8.821676254272461
2675	9.05173397064209
2676	9.100204467773438
2677	9.13647174835205
2678	9.07996654510498
2679	8.969423294067383
2680	8.797561645507812
2681	9.291510581970215
2682	9.348358154296875
2683	9.168478965759277
2684	9.060660362243652
2685	9.282737731933594
2686	9.136590957641602
2687	9.264689445495605
2688	9.317721366882324
2689	8.761675834655762
2690	9.223502159118652
2691	9.09881591796875
2692	9.178228378295898
2693	8.962004661560059
2694	9.077783584594727
2695	9.242527961730957
2696	9.16335391998291
2697	8.952863693237305
2698	8.959636688232422
2699	9.478230476379395
2700	8.958666801452637
2701	8.918448448181152
2702	9.187976837158203
2703	9.102283477783203
2704	9.312649726867676
2705	8.982271194458008
2706	8.90334415435791
2707	9.1533203125
2708	8.960952758789062
2709	9.130853652954102
2710	9.130446434020996
2711	9.087443351745605
2712	9.345428466796875
2713	8.948433876037598
2714	8.849958419799805
2715	9.092827796936035
2716	9.285340309143066
2717	9.185284614562988
2718	9.135875701904297
2719	9.16270637512207
2720	8.863850593566895
2721	9.011433601379395
2722	9.173178672790527
2723	9.290457725524902
2724	9.207536697387695
2725	9.10666561126709
2726	9.158732414245605
2727	9.306013107299805
2728	9.038714408874512
2729	8.797558784484863
2730	9.153277397155762
2731	9.092798233032227
2732	9.22961711883545
2733	9.207476615905762
2734	9.310378074645996
2735	8.942453384399414
2736	9.091489791870117
2737	9.114006996154785
2738	8.851346969604492
2739	8.997745513916016
2740	8.968640327453613
2741	9.531432151794434
2742	8.989995956420898
2743	9.201614379882812
2744	8.969381332397461
2745	8.924619674682617
2746	8.89022445678711
2747	9.134650230407715
2748	8.85040283203125
2749	9.308664321899414
2750	8.67524242401123
2751	8.957724571228027
2752	9.188541412353516
2753	8.990679740905762
2754	9.118866920471191
2755	9.16491413116455
2756	8.95134162902832
2757	8.930136680603027
2758	9.00384521484375
2759	9.24783992767334
2760	9.016288757324219
2761	8.90974235534668
2762	9.131009101867676
2763	9.090267181396484
2764	8.998520851135254
2765	9.167871475219727
2766	9.05744743347168
2767	9.010873794555664
2768	9.048149108886719
2769	8.914691925048828
2770	9.234034538269043
2771	9.067164421081543
2772	8.811829566955566
2773	8.792192459106445
2774	9.075361251831055
2775	9.162530899047852
2776	8.971373558044434
2777	9.357284545898438
2778	9.209409713745117
2779	8.75000286102295
2780	9.076817512512207
2781	9.084928512573242
2782	9.226727485656738
2783	8.998644828796387
2784	9.041505813598633
2785	9.063882827758789
2786	8.988564491271973
2787	8.804632186889648
2788	8.917678833007812
2789	8.840143203735352
2790	9.134077072143555
2791	9.104548454284668
2792	9.15164852142334
2793	8.958142280578613
2794	8.880292892456055
2795	8.793065071105957
2796	8.94905948638916
2797	8.946429252624512
2798	8.70439338684082
2799	9.057775497436523
2800	9.088010787963867
2801	9.136043548583984
2802	9.065774917602539
2803	8.665081977844238
2804	9.207944869995117
2805	9.216047286987305
2806	8.751273155212402
2807	9.047611236572266
2808	9.082374572753906
2809	8.732181549072266
2810	8.976365089416504
2811	8.957624435424805
2812	9.151257514953613
2813	9.233603477478027
2814	8.822347640991211
2815	8.77596378326416
2816	8.739242553710938
2817	9.218290328979492
2818	8.935458183288574
2819	9.09941291809082
2820	9.268614768981934
2821	8.884747505187988
2822	9.018242835998535
2823	9.3234224319458
2824	8.917060852050781
2825	8.828253746032715
2826	9.112506866455078
2827	8.953659057617188
2828	9.05530071258545
2829	8.743094444274902
2830	8.93426513671875
2831	8.786314964294434
2832	9.081823348999023
2833	8.946003913879395
2834	9.196492195129395
2835	8.836564064025879
2836	9.259455680847168
2837	9.171890258789062
2838	8.882023811340332
2839	8.868505477905273
2840	8.944564819335938
2841	9.307280540466309
2842	9.243995666503906
2843	8.952198028564453
2844	8.983449935913086
2845	8.802765846252441
2846	9.039421081542969
2847	9.208394050598145
2848	8.869515419006348
2849	9.119216918945312
2850	8.996258735656738
2851	9.09890365600586
2852	8.965221405029297
2853	9.030813217163086
2854	9.114541053771973
2855	8.844295501708984
2856	8.956746101379395
2857	9.224306106567383
2858	8.989770889282227
2859	9.103072166442871
2860	9.056166648864746
2861	8.848607063293457
2862	9.12225341796875
2863	8.633247375488281
2864	9.046394348144531
2865	9.039369583129883
2866	9.030047416687012
2867	8.971894264221191
2868	8.792831420898438
2869	8.873534202575684
2870	9.02906322479248
2871	8.89471435546875
2872	8.833758354187012
2873	8.996061325073242
2874	8.961339950561523
2875	8.882906913757324
2876	9.088601112365723
2877	9.094761848449707
2878	9.114548683166504
2879	8.730583190917969
2880	8.766732215881348
2881	9.00913143157959
2882	8.951318740844727
2883	8.916282653808594
2884	8.944507598876953
2885	8.869433403015137
2886	9.308403968811035
2887	8.86860466003418
2888	8.908458709716797
2889	8.950596809387207
2890	8.885139465332031
2891	9.018980979919434
2892	8.701754570007324
2893	8.930623054504395
2894	9.030644416809082
2895	9.071609497070312
2896	8.972173690795898
2897	9.023638725280762
2898	8.881880760192871
2899	8.58857250213623
2900	8.842005729675293
2901	8.890028953552246
2902	8.946941375732422
2903	8.857294082641602
2904	8.750543594360352
2905	9.080550193786621
2906	8.984817504882812
2907	8.810368537902832
2908	8.937638282775879
2909	8.886903762817383
2910	8.810014724731445
2911	8.862030029296875
2912	8.936925888061523
2913	9.191751480102539
2914	8.76667308807373
2915	8.922070503234863
2916	9.011456489562988
2917	8.902427673339844
2918	8.72248649597168
2919	9.081650733947754
2920	8.890647888183594
2921	8.923029899597168
2922	9.010466575622559
2923	8.724275588989258
2924	8.923104286193848
2925	8.681957244873047
2926	8.975509643554688
2927	8.95327091217041
2928	8.946914672851562
2929	8.919857025146484
2930	8.6962308883667
2931	8.919687271118164
2932	9.247371673583984
2933	9.052855491638184
2934	8.774465560913086
2935	9.069892883300781
2936	9.075857162475586
2937	8.911998748779297
2938	9.033953666687012
2939	9.108150482177734
2940	8.9446382522583
2941	8.967440605163574
2942	8.89125919342041
2943	8.693297386169434
2944	8.75218391418457
2945	8.927237510681152
2946	9.046724319458008
2947	9.175751686096191
2948	8.781752586364746
2949	8.818968772888184
2950	8.717394828796387
2951	8.954304695129395
2952	8.8994722366333
2953	9.06209945678711
2954	8.917004585266113
2955	8.737931251525879
2956	8.823753356933594
2957	9.025838851928711
2958	9.232342720031738
2959	8.988667488098145
2960	8.645354270935059
2961	9.05444622039795
2962	9.159979820251465
2963	9.007793426513672
2964	8.948746681213379
2965	9.119359016418457
2966	8.982664108276367
2967	9.090386390686035
2968	8.859840393066406
2969	8.783308982849121
2970	9.018433570861816
2971	8.757575035095215
2972	8.677133560180664
2973	8.959759712219238
2974	9.140396118164062
2975	8.859109878540039
2976	8.786879539489746
2977	9.15671157836914
2978	8.963525772094727
2979	9.076701164245605
2980	8.81662368774414
2981	9.09341049194336
2982	9.015437126159668
2983	8.981819152832031
2984	8.92569351196289
2985	8.837077140808105
2986	8.54616928100586
2987	9.029743194580078
2988	9.081795692443848
2989	9.170731544494629
2990	9.02149772644043
2991	9.011954307556152
2992	8.817460060119629
2993	8.81501293182373
2994	8.734329223632812
2995	9.065659523010254
2996	8.56513786315918
2997	9.068519592285156
2998	8.991410255432129
2999	8.933531761169434
3000	8.775716781616211
3001	8.84959888458252
3002	8.602791786193848
3003	8.926868438720703
3004	8.690216064453125
3005	8.781755447387695
3006	8.61205768585205
3007	8.948502540588379
3008	8.669473648071289
3009	8.86738109588623
3010	8.816985130310059
3011	8.864535331726074
3012	8.679128646850586
3013	8.899937629699707
3014	8.803093910217285
3015	8.97475814819336
3016	8.902532577514648
3017	8.923787117004395
3018	9.004405975341797
3019	8.837039947509766
3020	9.151066780090332
3021	9.004340171813965
3022	8.8762845993042
3023	9.094049453735352
3024	9.231247901916504
3025	8.9719820022583
3026	8.860578536987305
3027	8.683246612548828
3028	9.009291648864746
3029	8.742798805236816
3030	9.078673362731934
3031	8.836448669433594
3032	8.656667709350586
3033	9.195178985595703
3034	8.89875316619873
3035	8.933220863342285
3036	8.802098274230957
3037	8.974578857421875
3038	8.868673324584961
3039	9.052913665771484
3040	8.843226432800293
3041	9.071481704711914
3042	8.799141883850098
3043	8.734363555908203
3044	8.948385238647461
3045	8.5513916015625
3046	8.63370418548584
3047	8.780284881591797
3048	8.968002319335938
3049	8.935678482055664
3050	8.95153522491455
3051	8.883790016174316
3052	8.685367584228516
3053	8.940764427185059
3054	8.744325637817383
3055	8.492478370666504
3056	8.961175918579102
3057	8.989927291870117
3058	8.917182922363281
3059	8.814786911010742
3060	9.045316696166992
3061	8.872315406799316
3062	8.86185359954834
3063	8.780035972595215
3064	8.88271713256836
3065	8.960220336914062
3066	8.9801607131958
3067	8.716829299926758
3068	8.973328590393066
3069	8.774538040161133
3070	8.883770942687988
3071	8.778833389282227
3072	8.755739212036133
3073	8.826676368713379
3074	9.032756805419922
3075	8.74673080444336
3076	8.86412525177002
3077	8.883054733276367
3078	8.970544815063477
3079	8.637016296386719
3080	9.155807495117188
3081	9.002538681030273
3082	9.006043434143066
3083	8.702604293823242
3084	8.705606460571289
3085	8.674360275268555
3086	8.803421020507812
3087	8.81335735321045
3088	8.621270179748535
3089	8.58961296081543
3090	8.797040939331055
3091	8.755443572998047
3092	8.900933265686035
3093	9.01790714263916
3094	8.665325164794922
3095	9.127193450927734
3096	8.694686889648438
3097	8.944892883300781
3098	8.61755084991455
3099	8.857361793518066
3100	8.923932075500488
3101	8.956628799438477
3102	8.810860633850098
3103	9.146966934204102
3104	8.816784858703613
3105	8.700605392456055
3106	8.977977752685547
3107	8.7686767578125
3108	8.847600936889648
3109	9.110846519470215
3110	8.877941131591797
3111	8.827366828918457
3112	8.708553314208984
3113	8.828078269958496
3114	8.972418785095215
3115	8.982462882995605
3116	8.86961841583252
3117	8.534863471984863
3118	8.754935264587402
3119	8.808483123779297
3120	8.798197746276855
3121	8.704717636108398
3122	9.081422805786133
3123	8.919232368469238
3124	8.92647933959961
3125	8.610397338867188
3126	8.688071250915527
3127	8.94429874420166
3128	8.779022216796875
3129	9.013797760009766
3130	8.873008728027344
3131	8.900384902954102
3132	8.83768081665039
3133	8.97111988067627
3134	8.932194709777832
3135	8.808815956115723
3136	8.611861228942871
3137	8.663609504699707
3138	8.723729133605957
3139	8.984445571899414
3140	8.685371398925781
3141	8.76738166809082
3142	8.940812110900879
3143	8.747282981872559
3144	8.8553466796875
3145	8.777713775634766
3146	8.858907699584961
3147	8.688867568969727
3148	8.642303466796875
3149	8.94096851348877
3150	8.81885051727295
3151	8.960382461547852
3152	8.691990852355957
3153	8.70875358581543
3154	8.893814086914062
3155	8.807215690612793
3156	8.96372127532959
3157	8.955089569091797
3158	8.779446601867676
3159	8.74453353881836
3160	8.921401977539062
3161	8.690804481506348
3162	8.701693534851074
3163	8.730424880981445
3164	8.916984558105469
3165	8.899603843688965
3166	8.95546817779541
3167	8.574310302734375
3168	8.76025390625
3169	8.76485824584961
3170	8.786822319030762
3171	9.135318756103516
3172	8.78237247467041
3173	8.941184043884277
3174	8.675802230834961
3175	9.009653091430664
3176	8.726645469665527
3177	8.755642890930176
3178	8.705878257751465
3179	8.673888206481934
3180	8.649922370910645
3181	9.191537857055664
3182	8.857061386108398
3183	8.596746444702148
3184	8.790771484375
3185	8.65064525604248
3186	8.867480278015137
3187	8.669897079467773
3188	9.057191848754883
3189	8.822054862976074
3190	8.749216079711914
3191	8.866310119628906
3192	8.975944519042969
3193	8.662919044494629
3194	8.718768119812012
3195	8.552556991577148
3196	8.740728378295898
3197	8.99073314666748
3198	8.719785690307617
3199	8.744856834411621
3200	8.841554641723633
3201	8.851483345031738
3202	8.878522872924805
3203	8.722009658813477
3204	8.714025497436523
3205	9.01033878326416
3206	8.94563102722168
3207	8.758257865905762
3208	8.710140228271484
3209	8.797832489013672
3210	8.883371353149414
3211	8.670706748962402
3212	9.00101089477539
3213	8.675271034240723
3214	8.870834350585938
3215	8.817140579223633
3216	9.092619895935059
3217	8.666264533996582
3218	8.849472045898438
3219	8.703301429748535
3220	8.942358016967773
3221	8.59192943572998
3222	8.7631196975708
3223	8.697651863098145
3224	8.81054401397705
3225	8.939884185791016
3226	8.905343055725098
3227	8.963842391967773
3228	8.841327667236328
3229	8.662210464477539
3230	8.944682121276855
3231	8.822861671447754
3232	8.998639106750488
3233	8.484054565429688
3234	8.76832389831543
3235	8.852938652038574
3236	8.892827987670898
3237	8.696061134338379
3238	8.84986686706543
3239	8.773926734924316
3240	8.716703414916992
3241	8.549788475036621
3242	8.487006187438965
3243	8.794900894165039
3244	8.763006210327148
3245	8.775997161865234
3246	8.629463195800781
3247	8.742810249328613
3248	8.619217872619629
3249	8.83439826965332
3250	8.871932983398438
3251	8.800944328308105
3252	8.661595344543457
3253	8.734755516052246
3254	8.719417572021484
3255	8.774999618530273
3256	8.936630249023438
3257	8.695303916931152
3258	8.75512981414795
3259	8.691190719604492
3260	8.57473087310791
3261	8.548319816589355
3262	8.652793884277344
3263	8.812047958374023
3264	8.810586929321289
3265	8.748083114624023
3266	8.800713539123535
3267	8.859201431274414
3268	8.781196594238281
3269	8.669236183166504
3270	8.539703369140625
3271	8.59131908416748
3272	8.92857551574707
3273	8.938273429870605
3274	8.839624404907227
3275	8.922649383544922
3276	8.925690650939941
3277	8.728536605834961
3278	8.64680290222168
3279	8.867234230041504
3280	8.709044456481934
3281	8.570624351501465
3282	8.760273933410645
3283	8.65958309173584
3284	8.961323738098145
3285	8.645280838012695
3286	8.990127563476562
3287	8.785018920898438
3288	8.894280433654785
3289	9.002310752868652
3290	8.740735054016113
3291	8.78929328918457
3292	8.843965530395508
3293	8.787601470947266
3294	8.49763298034668
3295	8.722982406616211
3296	8.763739585876465
3297	9.06087589263916
3298	8.87802791595459
3299	8.799641609191895
3300	8.894826889038086
3301	8.821998596191406
3302	8.765950202941895
3303	8.906538009643555
3304	8.652731895446777
3305	8.928163528442383
3306	8.798397064208984
3307	8.88898754119873
3308	8.771199226379395
3309	8.769603729248047
3310	8.978042602539062
3311	9.06608772277832
3312	8.737791061401367
3313	8.856637954711914
3314	8.637137413024902
3315	8.933446884155273
3316	8.903810501098633
3317	8.832425117492676
3318	8.803966522216797
3319	8.879642486572266
3320	8.653595924377441
3321	8.93692398071289
3322	8.848724365234375
3323	8.747795104980469
3324	8.72625732421875
3325	8.558618545532227
3326	8.622802734375
3327	9.096397399902344
3328	8.820573806762695
3329	8.848681449890137
3330	8.979143142700195
3331	8.57654094696045
3332	8.863753318786621
3333	8.903368949890137
3334	8.940083503723145
3335	8.78475570678711
3336	8.897247314453125
3337	8.587088584899902
3338	8.503969192504883
3339	8.722883224487305
3340	8.689712524414062
3341	8.612454414367676
3342	8.7893648147583
3343	8.908502578735352
3344	8.892245292663574
3345	8.824646949768066
3346	8.905771255493164
3347	8.886034965515137
3348	8.581875801086426
3349	8.891087532043457
3350	8.846938133239746
3351	8.849916458129883
3352	8.687941551208496
3353	8.630722999572754
3354	8.6294527053833
3355	8.977790832519531
3356	8.647327423095703
3357	8.77526569366455
3358	9.097975730895996
3359	8.537142753601074
3360	8.961060523986816
