0	247.83404541015625
1	243.88455200195312
2	238.67315673828125
3	234.47988891601562
4	229.66928100585938
5	226.3986358642578
6	224.2694091796875
7	219.98837280273438
8	215.65997314453125
9	213.0348663330078
10	208.76190185546875
11	205.6219482421875
12	201.5374755859375
13	197.05935668945312
14	195.15309143066406
15	189.9252471923828
16	186.5561065673828
17	183.677734375
18	181.3413848876953
19	176.6771697998047
20	174.52581787109375
21	172.2553253173828
22	170.2173309326172
23	166.6026153564453
24	163.6902313232422
25	159.74810791015625
26	159.8317413330078
27	154.5621337890625
28	152.2763671875
29	151.44822692871094
30	147.30987548828125
31	144.32940673828125
32	140.89019775390625
33	141.2269744873047
34	137.58607482910156
35	133.57298278808594
36	134.0560760498047
37	129.17677307128906
38	125.89561462402344
39	125.55535125732422
40	124.46138000488281
41	120.28755187988281
42	118.55033111572266
43	117.94962310791016
44	115.05429077148438
45	114.06507110595703
46	112.95510864257812
47	111.28246307373047
48	108.08736419677734
49	106.16654968261719
50	104.54357147216797
51	102.34090423583984
52	101.81146240234375
53	98.98599243164062
54	98.13883972167969
55	96.24312591552734
56	94.68588256835938
57	94.67257690429688
58	93.15884399414062
59	91.62735748291016
60	90.24879455566406
61	87.74168395996094
62	85.88674926757812
63	84.977783203125
64	83.35596466064453
65	82.61200714111328
66	81.07109832763672
67	80.2203598022461
68	77.8132553100586
69	77.45304107666016
70	75.23849487304688
71	75.30606079101562
72	74.15559387207031
73	73.57908630371094
74	72.29753112792969
75	70.48126983642578
76	69.9036636352539
77	70.26588439941406
78	67.82150268554688
79	66.54027557373047
80	66.09774780273438
81	65.01197052001953
82	64.92596435546875
83	62.665924072265625
84	62.304481506347656
85	61.83174514770508
86	60.96259307861328
87	59.19117736816406
88	59.134151458740234
89	57.47797393798828
90	57.65776824951172
91	56.11721420288086
92	56.05717849731445
93	54.71925354003906
94	54.298099517822266
95	52.409629821777344
96	52.69784927368164
97	52.46184539794922
98	52.05855941772461
99	51.204490661621094
100	50.52177810668945
101	49.80052947998047
102	48.538543701171875
103	48.45996856689453
104	47.93037033081055
105	46.61592483520508
106	46.063838958740234
107	46.57033920288086
108	44.837623596191406
109	44.18173599243164
110	44.13285446166992
111	43.48343276977539
112	42.484642028808594
113	42.18879699707031
114	41.82831573486328
115	41.060218811035156
116	40.74964141845703
117	39.976993560791016
118	39.36474609375
119	39.29521942138672
120	38.73284149169922
121	38.36224365234375
122	37.62298583984375
123	36.90296936035156
124	36.42488479614258
125	35.73213577270508
126	35.85768127441406
127	35.17573547363281
128	34.611854553222656
129	34.556724548339844
130	33.879615783691406
131	33.69913101196289
132	33.49154281616211
133	32.85239028930664
134	32.72996520996094
135	32.02566146850586
136	31.632705688476562
137	31.289628982543945
138	30.998401641845703
139	30.701824188232422
140	30.349117279052734
141	29.642698287963867
142	29.53377914428711
143	29.320558547973633
144	29.00946044921875
145	28.46409034729004
146	28.305110931396484
147	27.851917266845703
148	27.606603622436523
149	27.42630958557129
150	27.048412322998047
151	26.87420082092285
152	26.48876190185547
153	25.956865310668945
154	25.843915939331055
155	25.90443229675293
156	25.26080894470215
157	25.391246795654297
158	24.93268394470215
159	25.236955642700195
160	24.5361385345459
161	24.251354217529297
162	23.84393882751465
163	24.158044815063477
164	23.771686553955078
165	23.491762161254883
166	23.346397399902344
167	23.263816833496094
168	22.98647689819336
169	22.942522048950195
170	22.49571990966797
171	22.20516586303711
172	22.251619338989258
173	22.19133186340332
174	21.8740234375
175	21.671283721923828
176	21.67167091369629
177	21.76059913635254
178	21.468820571899414
179	21.439186096191406
180	21.11259651184082
181	20.885835647583008
182	20.951702117919922
183	20.922832489013672
184	20.710437774658203
185	20.725065231323242
186	20.638458251953125
187	20.588422775268555
188	20.236244201660156
189	20.000864028930664
190	20.388519287109375
191	20.1665096282959
192	19.8566951751709
193	20.012258529663086
194	19.743581771850586
195	19.961183547973633
196	19.685575485229492
197	19.490367889404297
198	19.60894012451172
199	19.636356353759766
200	19.533151626586914
201	19.468189239501953
202	19.449399948120117
203	19.343534469604492
204	19.50310707092285
205	19.195192337036133
206	19.348417282104492
207	19.329971313476562
208	19.1333065032959
209	19.39276695251465
210	19.34206199645996
211	19.29279327392578
212	18.984542846679688
213	19.332080841064453
214	19.119638442993164
215	19.13636589050293
216	19.105451583862305
217	19.107730865478516
218	19.14253807067871
219	19.052968978881836
220	18.808523178100586
221	18.947330474853516
222	18.61992835998535
223	18.72319793701172
224	18.98366928100586
225	19.04960060119629
226	18.85395622253418
227	18.905961990356445
228	18.864259719848633
229	18.99734878540039
230	18.865793228149414
231	18.786760330200195
232	18.657888412475586
233	18.88083839416504
234	18.696640014648438
235	18.806529998779297
236	18.883949279785156
237	18.511333465576172
238	18.803184509277344
239	18.79263687133789
240	18.73286247253418
241	18.728742599487305
242	18.691781997680664
243	18.69723892211914
244	18.668670654296875
245	18.749631881713867
246	18.956008911132812
247	18.835895538330078
248	18.729736328125
249	18.809547424316406
250	18.78099250793457
251	18.81167221069336
252	18.489038467407227
253	18.599998474121094
254	18.79795265197754
255	18.64219856262207
256	18.76250648498535
257	18.654069900512695
258	18.634965896606445
259	18.690223693847656
260	18.659534454345703
261	18.427200317382812
262	18.890989303588867
263	18.87914276123047
264	18.661514282226562
265	18.895959854125977
266	18.556529998779297
267	18.838464736938477
268	18.46355628967285
269	18.60027503967285
270	18.761821746826172
271	18.739334106445312
272	18.702714920043945
273	18.596960067749023
274	18.839982986450195
275	18.607032775878906
276	18.621122360229492
277	18.796621322631836
278	18.82976722717285
279	18.601709365844727
280	18.429101943969727
281	18.823083877563477
282	18.682357788085938
283	19.1248722076416
284	18.38368034362793
285	18.742177963256836
286	18.41578483581543
287	18.870336532592773
288	18.84942626953125
289	18.680471420288086
290	18.613895416259766
291	18.593788146972656
292	18.677701950073242
293	18.748199462890625
294	18.489925384521484
295	18.661483764648438
296	18.466407775878906
297	18.73533821105957
298	18.866331100463867
299	18.5329647064209
300	18.372583389282227
301	18.74768829345703
302	18.594526290893555
303	18.828725814819336
304	18.620161056518555
305	19.035240173339844
306	18.61872100830078
307	18.766508102416992
308	18.532514572143555
309	18.826231002807617
310	18.55729866027832
311	18.433223724365234
312	18.380474090576172
313	18.76967430114746
314	18.925827026367188
315	18.332265853881836
316	18.79290199279785
317	18.611549377441406
318	18.552927017211914
319	18.71609878540039
320	18.851348876953125
321	18.64556121826172
322	18.711551666259766
323	18.72102928161621
324	18.592369079589844
325	18.76307487487793
326	18.844585418701172
327	18.771013259887695
328	18.671897888183594
329	18.94136619567871
330	18.68791389465332
331	18.706443786621094
332	18.441160202026367
333	18.691059112548828
334	18.603519439697266
335	18.783660888671875
336	18.727556228637695
337	18.805261611938477
338	18.97232437133789
339	18.728612899780273
340	18.502275466918945
341	18.61643409729004
342	18.677690505981445
343	18.50632667541504
344	18.824766159057617
345	18.634057998657227
346	18.62021827697754
347	18.724990844726562
348	18.486522674560547
349	18.5511417388916
350	18.62835693359375
351	18.803071975708008
352	18.541915893554688
353	18.611080169677734
354	18.674274444580078
355	18.820592880249023
356	18.394145965576172
357	18.449909210205078
358	18.50464630126953
359	18.69369888305664
360	18.864030838012695
361	18.600496292114258
362	18.443017959594727
363	18.547378540039062
364	18.69696044921875
365	18.62398338317871
366	18.664775848388672
367	18.434310913085938
368	18.610445022583008
369	18.56011962890625
370	18.833499908447266
371	18.41853904724121
372	18.366182327270508
373	18.850200653076172
374	18.523984909057617
375	18.797496795654297
376	18.694128036499023
377	18.694974899291992
378	18.69527244567871
379	18.494770050048828
380	18.77054214477539
381	18.569751739501953
382	18.612762451171875
383	18.704113006591797
384	18.464345932006836
385	18.672931671142578
386	18.655517578125
387	18.511192321777344
388	18.75741195678711
389	18.321088790893555
390	18.57735252380371
391	18.764747619628906
392	18.512134552001953
393	18.682435989379883
394	18.570520401000977
395	18.761884689331055
396	18.60570526123047
397	18.519817352294922
398	18.666614532470703
399	18.637819290161133
400	18.807592391967773
401	18.699020385742188
402	18.925521850585938
403	18.832433700561523
404	18.570110321044922
405	18.906558990478516
406	18.47241973876953
407	18.76337242126465
408	18.546106338500977
409	18.67820167541504
410	18.672475814819336
411	18.906085968017578
412	18.60831069946289
413	18.654155731201172
414	18.66162872314453
415	18.401241302490234
416	18.549636840820312
417	18.667726516723633
418	18.52672576904297
419	18.40865135192871
420	18.643461227416992
421	18.81507110595703
422	18.708158493041992
423	18.565458297729492
424	18.591176986694336
425	18.828968048095703
426	19.05249786376953
427	18.674314498901367
428	18.537155151367188
429	18.77124786376953
430	18.494903564453125
431	18.490055084228516
432	18.390783309936523
433	18.50107765197754
434	18.76481819152832
435	18.61651039123535
436	18.54886245727539
437	18.597715377807617
438	18.680557250976562
439	18.811981201171875
440	18.876401901245117
441	18.694482803344727
442	18.628524780273438
443	18.346635818481445
444	18.659704208374023
445	18.788509368896484
446	18.37271499633789
447	18.836181640625
448	18.83238410949707
449	18.682043075561523
450	18.611835479736328
451	18.44587516784668
452	18.6397705078125
453	18.678096771240234
454	18.821901321411133
455	18.48056411743164
456	18.679746627807617
457	18.60230827331543
458	18.439189910888672
459	18.635086059570312
460	18.75113868713379
461	18.635087966918945
462	18.646377563476562
463	18.981904983520508
464	18.957368850708008
465	18.512264251708984
466	18.219282150268555
467	18.37596321105957
468	18.842456817626953
469	18.765810012817383
470	18.650585174560547
471	18.52950668334961
472	18.684919357299805
473	18.596811294555664
474	18.79848289489746
475	18.597248077392578
476	18.604576110839844
477	18.640541076660156
478	18.760704040527344
479	18.925582885742188
480	18.461843490600586
481	18.84210968017578
482	18.648128509521484
483	18.793893814086914
484	18.496662139892578
485	18.76532745361328
486	18.877912521362305
487	18.636577606201172
488	18.528947830200195
489	18.763214111328125
490	18.78293228149414
491	18.65909194946289
492	18.799753189086914
493	18.719684600830078
494	18.66347312927246
495	18.68993377685547
496	18.971038818359375
497	18.844247817993164
498	18.64455795288086
499	18.933786392211914
500	18.487707138061523
501	18.41554069519043
502	18.340251922607422
503	18.67884063720703
504	18.733911514282227
505	18.779829025268555
506	18.68659019470215
507	18.791709899902344
508	18.465782165527344
509	18.700830459594727
510	18.571857452392578
511	18.85765838623047
512	18.806310653686523
513	18.708904266357422
514	18.575366973876953
515	18.7507381439209
516	18.85883903503418
517	18.618362426757812
518	18.668222427368164
519	18.323707580566406
520	18.403751373291016
521	18.8129940032959
522	18.596769332885742
523	18.581289291381836
524	18.694366455078125
525	18.528778076171875
526	18.37424087524414
527	18.762359619140625
528	18.49696159362793
529	18.770872116088867
530	18.681684494018555
531	18.529584884643555
532	18.597755432128906
533	18.853408813476562
534	18.45855140686035
535	18.456560134887695
536	18.58533477783203
537	18.690196990966797
538	18.672887802124023
539	18.840200424194336
540	18.907852172851562
541	13.097768783569336
542	12.872648239135742
543	12.93270492553711
544	13.052579879760742
545	12.972176551818848
546	12.76301097869873
547	12.773783683776855
548	12.566926956176758
549	12.532076835632324
550	12.536044120788574
551	12.638136863708496
552	12.832451820373535
553	12.330002784729004
554	12.38571548461914
555	12.251496315002441
556	12.28563117980957
557	12.040743827819824
558	12.07894229888916
559	12.474357604980469
560	12.414877891540527
561	12.449088096618652
562	12.29743480682373
563	12.0210542678833
564	12.08889102935791
565	11.943460464477539
566	12.231367111206055
567	11.940912246704102
568	12.194390296936035
569	11.927573204040527
570	11.954324722290039
571	12.235013961791992
572	11.878499031066895
573	12.004383087158203
574	12.350504875183105
575	12.014357566833496
576	12.401321411132812
577	11.935677528381348
578	11.902100563049316
579	12.04816722869873
580	11.853961944580078
581	12.217405319213867
582	11.846898078918457
583	12.126314163208008
584	12.175728797912598
585	11.912310600280762
586	12.013052940368652
587	11.97647762298584
588	11.979392051696777
589	12.072942733764648
590	11.62851333618164
591	11.937080383300781
592	11.634193420410156
593	12.257554054260254
594	12.248503684997559
595	11.95598316192627
596	12.04150390625
597	12.17742919921875
598	11.909775733947754
599	12.173432350158691
600	11.849536895751953
601	12.075799942016602
602	12.100984573364258
603	11.543242454528809
604	12.048954963684082
605	11.669252395629883
606	11.871017456054688
607	11.837886810302734
608	12.117025375366211
609	11.929567337036133
610	12.272631645202637
611	11.757417678833008
612	11.921549797058105
613	11.533737182617188
614	12.032519340515137
615	11.95665454864502
616	11.989334106445312
617	12.079340934753418
618	11.952856063842773
619	11.904391288757324
620	11.653406143188477
621	11.843417167663574
622	12.135624885559082
623	11.937150001525879
624	11.738972663879395
625	11.92153549194336
626	11.731195449829102
627	12.053755760192871
628	11.639349937438965
629	11.758811950683594
630	11.861178398132324
631	11.889657020568848
632	11.813575744628906
633	11.939374923706055
634	11.880797386169434
635	11.853328704833984
636	11.71739673614502
637	11.934258460998535
638	12.048090934753418
639	12.112585067749023
640	11.858914375305176
641	11.755542755126953
642	11.602425575256348
643	11.669340133666992
644	11.840714454650879
645	11.962532997131348
646	11.883135795593262
647	11.48284912109375
648	11.792325019836426
649	11.811515808105469
650	11.753297805786133
651	11.903128623962402
652	12.12146282196045
653	11.786603927612305
654	11.806983947753906
655	11.843720436096191
656	11.870688438415527
657	12.00948429107666
658	11.923724174499512
659	11.703680038452148
660	11.936532020568848
661	11.96760082244873
662	11.644845008850098
663	11.549408912658691
664	11.550211906433105
665	11.672837257385254
666	12.035846710205078
667	11.823627471923828
668	11.906986236572266
669	11.953743934631348
670	11.910375595092773
671	12.02493953704834
672	11.88099479675293
673	11.65380573272705
674	11.651290893554688
675	11.477044105529785
676	11.546286582946777
677	11.717977523803711
678	11.995657920837402
679	11.549237251281738
680	12.007250785827637
681	11.927173614501953
682	11.502893447875977
683	11.838418006896973
684	11.83259391784668
685	11.605344772338867
686	11.308438301086426
687	11.940117835998535
688	12.015091896057129
689	11.776886940002441
690	11.788492202758789
691	11.763195991516113
692	11.62129020690918
693	11.745864868164062
694	11.76472282409668
695	11.921350479125977
696	11.847526550292969
697	11.80439567565918
698	11.740696907043457
699	11.676817893981934
700	11.62055492401123
701	11.813857078552246
702	11.97901439666748
703	11.743156433105469
704	12.032747268676758
705	11.829699516296387
706	11.907790184020996
707	12.25139331817627
708	12.04902458190918
709	11.81786823272705
710	11.938924789428711
711	12.060543060302734
712	11.847012519836426
713	12.06364631652832
714	11.732394218444824
715	12.052789688110352
716	11.26378059387207
717	11.799379348754883
718	12.004597663879395
719	11.934964179992676
720	11.606760025024414
721	11.878045082092285
722	11.721846580505371
723	11.760616302490234
724	11.943188667297363
725	11.813338279724121
726	11.597223281860352
727	12.121691703796387
728	11.820511817932129
729	12.108431816101074
730	11.735408782958984
731	11.477099418640137
732	11.765393257141113
733	11.65904426574707
734	11.977752685546875
735	11.957395553588867
736	11.850422859191895
737	11.707182884216309
738	11.785074234008789
739	11.728510856628418
740	12.011214256286621
741	11.890115737915039
742	12.222685813903809
743	11.990374565124512
744	11.845858573913574
745	12.042892456054688
746	11.359441757202148
747	11.624011039733887
748	11.733403205871582
749	11.876264572143555
750	11.892313957214355
751	11.819214820861816
752	11.769637107849121
753	11.834916114807129
754	11.706612586975098
755	11.561575889587402
756	11.569677352905273
757	11.730412483215332
758	12.099371910095215
759	11.968467712402344
760	11.715524673461914
761	11.78049373626709
762	12.00857925415039
763	11.78772258758545
764	11.599985122680664
765	11.775805473327637
766	11.921995162963867
767	11.806925773620605
768	11.899076461791992
769	11.744723320007324
770	11.763014793395996
771	11.797802925109863
772	12.195937156677246
773	12.059359550476074
774	11.597475051879883
775	11.758417129516602
776	11.833313941955566
777	11.91391372680664
778	11.754464149475098
779	11.964848518371582
780	11.876513481140137
781	11.696823120117188
782	12.32215404510498
783	11.801379203796387
784	11.835079193115234
785	11.73255729675293
786	11.955184936523438
787	11.93381118774414
788	11.921615600585938
789	11.988999366760254
790	11.650895118713379
791	11.78213882446289
792	11.720927238464355
793	11.903225898742676
794	11.825194358825684
795	11.963598251342773
796	11.748477935791016
797	11.560153007507324
798	11.569096565246582
799	11.857559204101562
800	11.607895851135254
801	11.622907638549805
802	11.72274398803711
803	11.898969650268555
804	11.363495826721191
805	11.608901023864746
806	11.971866607666016
807	12.001496315002441
808	11.921863555908203
809	11.633310317993164
810	11.818620681762695
811	11.771050453186035
812	11.419386863708496
813	11.921449661254883
814	11.884480476379395
815	11.554040908813477
816	11.55246639251709
817	11.964336395263672
818	11.808856964111328
819	11.685800552368164
820	11.65421199798584
821	11.964200019836426
822	11.523378372192383
823	11.789090156555176
824	11.820025444030762
825	11.34929084777832
826	11.507718086242676
827	11.797430992126465
828	11.82281494140625
829	12.119781494140625
830	11.731840133666992
831	12.04183578491211
832	11.797637939453125
833	11.492897033691406
834	11.937572479248047
835	11.946966171264648
836	11.845117568969727
837	11.81396198272705
838	11.651474952697754
839	11.957527160644531
840	11.819090843200684
841	12.262288093566895
842	11.575894355773926
843	11.78515338897705
844	11.709882736206055
845	11.994094848632812
846	11.716353416442871
847	11.82591724395752
848	11.983916282653809
849	11.689083099365234
850	11.673458099365234
851	11.931649208068848
852	11.869989395141602
853	11.96756649017334
854	11.583395004272461
855	11.942255020141602
856	11.535942077636719
857	11.935783386230469
858	11.989972114562988
859	11.838886260986328
860	11.791374206542969
861	11.466330528259277
862	11.635013580322266
863	11.64542007446289
864	11.697399139404297
865	11.560354232788086
866	11.868844985961914
867	11.64948844909668
868	11.726202964782715
869	11.804512023925781
870	11.694838523864746
871	11.668127059936523
872	12.028664588928223
873	11.686787605285645
874	11.970309257507324
875	12.083009719848633
876	11.876503944396973
877	12.192583084106445
878	12.04779052734375
879	12.032893180847168
880	11.711572647094727
881	11.936671257019043
882	12.098746299743652
883	11.866661071777344
884	11.816414833068848
885	12.059402465820312
886	11.86234188079834
887	11.749711990356445
888	11.637070655822754
889	11.505084991455078
890	11.798481941223145
891	11.67203426361084
892	11.843579292297363
893	11.933913230895996
894	11.863785743713379
895	11.876291275024414
896	11.742571830749512
897	11.829197883605957
898	11.785194396972656
899	11.791167259216309
900	11.679313659667969
901	11.925851821899414
902	11.7352933883667
903	11.804648399353027
904	11.944733619689941
905	11.904207229614258
906	11.770930290222168
907	12.039811134338379
908	11.713055610656738
909	12.042940139770508
910	11.728116989135742
911	11.646078109741211
912	11.999275207519531
913	11.716630935668945
914	11.764058113098145
915	11.892708778381348
916	11.394119262695312
917	12.109691619873047
918	11.675251960754395
919	11.63067626953125
920	11.761139869689941
921	11.876824378967285
922	11.829673767089844
923	11.76627254486084
924	11.606836318969727
925	12.06850814819336
926	11.61643123626709
927	11.980036735534668
928	11.874540328979492
929	11.778674125671387
930	11.657907485961914
