1	265.5918884277344
2	258.21026611328125
3	252.33740234375
4	245.89071655273438
5	244.8518829345703
6	238.4132843017578
7	236.5792999267578
8	228.08360290527344
9	226.72012329101562
10	222.52767944335938
11	217.54605102539062
12	216.76312255859375
13	212.9348602294922
14	211.49758911132812
15	202.47360229492188
16	201.8116912841797
17	199.5080108642578
18	195.35374450683594
19	191.73187255859375
20	187.17788696289062
21	186.04473876953125
22	182.94876098632812
23	180.24256896972656
24	177.47952270507812
25	175.5467529296875
26	172.89486694335938
27	169.88250732421875
28	168.06642150878906
29	166.92173767089844
30	160.5956573486328
31	161.63333129882812
32	158.68927001953125
33	158.47950744628906
34	155.71934509277344
35	152.4033203125
36	151.19842529296875
37	150.05076599121094
38	146.83340454101562
39	145.84146118164062
40	140.7653045654297
41	142.59312438964844
42	139.9419403076172
43	137.853271484375
44	137.28024291992188
45	135.24522399902344
46	135.80540466308594
47	131.94737243652344
48	132.2427978515625
49	129.14288330078125
50	127.30433654785156
51	126.86845397949219
52	126.51732635498047
53	124.83277130126953
54	124.21172332763672
55	123.1124267578125
56	121.25628662109375
57	120.17182159423828
58	117.67100524902344
59	117.4993667602539
60	116.88484954833984
61	117.1770248413086
62	114.2734146118164
63	113.79486846923828
64	112.99301147460938
65	111.1141357421875
66	110.46585845947266
67	109.05970001220703
68	109.09091186523438
69	105.63712310791016
70	106.6798324584961
71	104.21334075927734
72	105.23282623291016
73	103.26399993896484
74	101.5699462890625
75	102.58258819580078
76	102.42547607421875
77	100.24369049072266
78	99.52556610107422
79	97.69190216064453
80	97.8004150390625
81	96.39366149902344
82	95.57353973388672
83	95.63459777832031
84	94.76707458496094
85	96.05194854736328
86	93.94190979003906
87	92.49737548828125
88	92.00396728515625
89	91.61787414550781
90	89.806396484375
91	89.32837677001953
92	88.60049438476562
93	88.37189483642578
94	86.60321807861328
95	86.62740325927734
96	86.59198760986328
97	85.29231262207031
98	84.14153289794922
99	83.11726379394531
100	82.10352325439453
101	81.86544799804688
102	81.26090240478516
103	81.33848571777344
104	78.92174530029297
105	78.84567260742188
106	79.09341430664062
107	78.39701843261719
108	77.79358673095703
109	77.29385375976562
110	77.24739074707031
111	76.67449951171875
112	74.4544448852539
113	75.03958129882812
114	73.18626403808594
115	72.6076431274414
116	71.72315216064453
117	71.6566162109375
118	71.3524169921875
119	71.58710479736328
120	70.26246643066406
121	69.22522735595703
122	69.35063934326172
123	67.60587310791016
124	68.17947387695312
125	68.1216049194336
126	65.98793029785156
127	65.86784362792969
128	65.76165771484375
129	65.18134307861328
130	64.50335693359375
131	64.40742492675781
132	63.80146408081055
133	63.16425323486328
134	62.83275604248047
135	61.823829650878906
136	61.781490325927734
137	60.301551818847656
138	60.990936279296875
139	60.257408142089844
140	57.7438850402832
141	58.37532043457031
142	57.78126907348633
143	58.329532623291016
144	57.935359954833984
145	57.11586380004883
146	55.6677360534668
147	56.06786346435547
148	55.76963806152344
149	54.682926177978516
150	54.477874755859375
151	54.71049118041992
152	53.43533706665039
153	53.260616302490234
154	53.37789535522461
155	52.170318603515625
156	52.116416931152344
157	52.28066635131836
158	50.95648193359375
159	50.43810272216797
160	50.75896453857422
161	49.47639083862305
162	49.07002639770508
163	49.45123291015625
164	49.38203811645508
165	47.74313735961914
166	47.796939849853516
167	47.798770904541016
168	47.96102523803711
169	47.251766204833984
170	46.30265808105469
171	45.48867416381836
172	45.62875747680664
173	45.10102081298828
174	45.27946853637695
175	44.60221481323242
176	43.935585021972656
177	43.3635368347168
178	43.986228942871094
179	43.25144577026367
180	42.954505920410156
181	42.524723052978516
182	41.86532974243164
183	41.36826705932617
184	41.87245178222656
185	41.50981903076172
186	41.091827392578125
187	40.2900276184082
188	40.25897216796875
189	39.919525146484375
190	40.17962646484375
191	40.14855194091797
192	39.054969787597656
193	38.895816802978516
194	38.78213119506836
195	38.837215423583984
196	37.97848892211914
197	37.839515686035156
198	37.889991760253906
199	37.23227310180664
200	37.59604263305664
201	36.9683723449707
202	36.41830062866211
203	37.22665023803711
204	36.44479751586914
205	36.23446273803711
206	35.88459396362305
207	35.82072067260742
208	35.534053802490234
209	35.38627243041992
210	34.99187088012695
211	34.982765197753906
212	34.88685989379883
213	34.70709991455078
214	34.30038070678711
215	34.358158111572266
216	34.26950454711914
217	33.516937255859375
218	33.803627014160156
219	33.14337158203125
220	33.22937774658203
221	33.22663879394531
222	33.13457107543945
223	32.59712219238281
224	32.6798210144043
225	32.55937194824219
226	32.38836669921875
227	32.481666564941406
228	31.858774185180664
229	32.11064529418945
230	31.771291732788086
231	31.559173583984375
232	31.395267486572266
233	31.218994140625
234	31.24712562561035
235	30.784151077270508
236	31.01256561279297
237	31.174137115478516
238	30.523452758789062
239	31.141469955444336
240	31.002946853637695
241	30.531028747558594
242	30.176557540893555
243	30.348081588745117
244	30.070138931274414
245	29.942541122436523
246	30.201499938964844
247	29.9246883392334
248	29.70353126525879
249	29.831201553344727
250	29.819820404052734
251	29.767684936523438
252	29.481943130493164
253	29.192550659179688
254	29.37221908569336
255	29.351686477661133
256	29.08504867553711
257	28.750946044921875
258	29.11129379272461
259	28.719911575317383
260	28.910112380981445
261	28.69892120361328
262	28.692058563232422
263	28.590953826904297
264	28.54343032836914
265	28.52468490600586
266	28.156816482543945
267	28.608922958374023
268	28.065330505371094
269	28.330217361450195
270	28.2297306060791
271	28.408185958862305
272	28.29425621032715
273	27.948501586914062
274	28.029373168945312
275	28.062917709350586
276	28.03578758239746
277	27.72037696838379
278	27.572860717773438
279	27.393756866455078
280	27.524879455566406
281	27.853843688964844
282	27.443954467773438
283	27.571807861328125
284	27.527273178100586
285	27.789718627929688
286	27.52206039428711
287	27.294307708740234
288	27.365678787231445
289	27.206993103027344
290	27.524831771850586
291	27.317138671875
292	27.316566467285156
293	27.39344596862793
294	27.147417068481445
295	27.351015090942383
296	27.031204223632812
297	26.751020431518555
298	27.103824615478516
299	26.714380264282227
300	26.83509635925293
301	27.077110290527344
302	26.97308349609375
303	26.719167709350586
304	26.73667335510254
305	27.021053314208984
306	26.701738357543945
307	26.943347930908203
308	26.74616813659668
309	26.319372177124023
310	26.36071014404297
311	26.483795166015625
312	26.642642974853516
313	26.59521484375
314	26.246919631958008
315	26.37353515625
316	26.279624938964844
317	26.506418228149414
318	26.082185745239258
319	26.24481964111328
320	26.571529388427734
321	26.317180633544922
322	26.502973556518555
323	26.2547664642334
324	26.103546142578125
325	26.071313858032227
326	26.39825439453125
327	25.950300216674805
328	25.998634338378906
329	26.15064239501953
330	25.851415634155273
331	25.91362190246582
332	25.85416030883789
333	26.062938690185547
334	25.895174026489258
335	25.77869987487793
336	25.97125244140625
337	26.045543670654297
338	25.76997947692871
339	25.726966857910156
340	25.570798873901367
341	25.403921127319336
342	25.82040023803711
343	25.726652145385742
344	25.599472045898438
345	25.60761833190918
346	25.553495407104492
347	25.805639266967773
348	25.676788330078125
349	25.2810115814209
350	25.423757553100586
351	25.648311614990234
352	25.80259132385254
353	25.40778350830078
354	25.544734954833984
355	25.508203506469727
356	25.49928855895996
357	25.381624221801758
358	25.282440185546875
359	25.478158950805664
360	25.22085952758789
361	25.49650764465332
362	25.255863189697266
363	25.164226531982422
364	25.236068725585938
365	25.3092098236084
366	24.958209991455078
367	25.199209213256836
368	25.179540634155273
369	25.264066696166992
370	25.217060089111328
371	25.231477737426758
372	25.233821868896484
373	24.977291107177734
374	25.014171600341797
375	24.89125633239746
376	24.826030731201172
377	24.895687103271484
378	24.904193878173828
379	25.080886840820312
380	24.718727111816406
381	24.972490310668945
382	24.515390396118164
383	25.106672286987305
384	24.647632598876953
385	24.853857040405273
386	25.043855667114258
387	24.914838790893555
388	24.649377822875977
389	24.726360321044922
390	24.714099884033203
391	24.944778442382812
392	24.69168472290039
393	24.61918830871582
394	24.72580337524414
395	24.653045654296875
396	24.406625747680664
397	24.600793838500977
398	24.834142684936523
399	24.229061126708984
400	24.514678955078125
401	24.37312126159668
402	24.394794464111328
403	24.239303588867188
404	24.302154541015625
405	24.282936096191406
406	24.464191436767578
407	24.448902130126953
408	24.209728240966797
409	24.390127182006836
410	24.406084060668945
411	24.372896194458008
412	24.38424301147461
413	23.968158721923828
414	23.993492126464844
415	24.208106994628906
416	24.240859985351562
417	24.232194900512695
418	24.370033264160156
419	24.403276443481445
420	23.971445083618164
421	24.067481994628906
422	23.908349990844727
423	23.81166648864746
424	24.206357955932617
425	24.00540542602539
426	23.914567947387695
427	24.039697647094727
428	23.928905487060547
429	23.901020050048828
430	23.593616485595703
431	23.96626091003418
432	23.637914657592773
433	23.85984992980957
434	23.54059600830078
435	24.14775848388672
436	23.659738540649414
437	23.620885848999023
438	24.02217674255371
439	23.937522888183594
440	23.797882080078125
441	23.8859920501709
442	23.808429718017578
443	23.9046630859375
444	23.676481246948242
445	23.65751075744629
446	23.53476905822754
447	23.64339256286621
448	23.65091323852539
449	23.685361862182617
450	23.581043243408203
451	23.812698364257812
452	23.633947372436523
453	23.25290870666504
454	23.525787353515625
455	23.48922348022461
456	23.33551788330078
457	23.622413635253906
458	23.4578800201416
459	23.65077781677246
460	23.44168472290039
461	23.322341918945312
462	23.470111846923828
463	23.33999252319336
464	23.16068458557129
465	23.23454475402832
466	23.322160720825195
467	23.027999877929688
468	23.285215377807617
469	23.022069931030273
470	23.293720245361328
471	23.181062698364258
472	23.32888412475586
473	23.326576232910156
474	22.959856033325195
475	22.955610275268555
476	23.096147537231445
477	23.061250686645508
478	23.027118682861328
479	23.015039443969727
480	23.227750778198242
481	22.882156372070312
482	22.871021270751953
483	23.063465118408203
484	23.253890991210938
485	22.796236038208008
486	22.986370086669922
487	22.971771240234375
488	22.861730575561523
489	22.877765655517578
490	22.916812896728516
491	23.057889938354492
492	22.97185707092285
493	23.019393920898438
494	22.817747116088867
495	22.680322647094727
496	23.111106872558594
497	23.114139556884766
498	22.714540481567383
499	22.777305603027344
500	22.593660354614258
501	22.88425636291504
502	22.69464874267578
503	22.942276000976562
504	22.65998077392578
505	22.730552673339844
506	22.534177780151367
507	22.586332321166992
508	22.595369338989258
509	22.352602005004883
510	22.509349822998047
511	22.879470825195312
512	22.589096069335938
513	22.45048713684082
514	22.564523696899414
515	22.618545532226562
516	22.72071075439453
517	22.5683536529541
518	22.378311157226562
519	22.4050235748291
520	22.56612205505371
521	22.58713150024414
522	22.48221206665039
523	22.39754295349121
524	22.444658279418945
525	22.45369529724121
526	22.54909324645996
527	22.281213760375977
528	22.293590545654297
529	22.090408325195312
530	22.30499267578125
531	22.0909366607666
532	22.266117095947266
533	22.063791275024414
534	21.963491439819336
535	22.381366729736328
536	22.206422805786133
537	22.241392135620117
538	22.094072341918945
539	22.056798934936523
540	21.93869400024414
541	21.946767807006836
542	21.833534240722656
543	21.90433120727539
544	22.15620231628418
545	21.940326690673828
546	21.745515823364258
547	21.718542098999023
548	21.95819664001465
549	21.762746810913086
550	22.155696868896484
551	21.98790168762207
552	22.328655242919922
553	21.717470169067383
554	21.984291076660156
555	21.809551239013672
556	22.29726791381836
557	22.171037673950195
558	21.861705780029297
559	21.88779067993164
560	21.634944915771484
561	21.563261032104492
562	21.88715934753418
563	22.00330924987793
564	22.0494384765625
565	21.79408073425293
566	21.699546813964844
567	22.16582679748535
568	21.743648529052734
569	21.70269203186035
570	21.706785202026367
571	21.555644989013672
572	21.69796371459961
573	21.443748474121094
574	21.84510040283203
575	21.835357666015625
576	21.450374603271484
577	21.694570541381836
578	21.545358657836914
579	21.54105567932129
580	21.591272354125977
581	21.571645736694336
582	21.46449089050293
583	21.565664291381836
584	21.355920791625977
585	21.7685546875
586	21.35675621032715
587	21.542516708374023
588	21.519973754882812
589	21.328826904296875
590	21.51594352722168
591	21.327852249145508
592	21.236391067504883
593	21.133277893066406
594	21.625484466552734
595	21.433536529541016
596	21.33690643310547
597	21.376983642578125
598	21.39186668395996
599	21.46396827697754
600	21.335512161254883
601	21.468339920043945
602	21.391494750976562
603	21.369131088256836
604	20.975797653198242
605	21.253114700317383
606	21.255268096923828
607	21.460567474365234
608	21.356077194213867
609	21.315643310546875
610	21.09978485107422
611	21.083641052246094
612	21.000139236450195
613	21.286331176757812
614	21.218830108642578
615	21.17268180847168
616	21.089794158935547
617	21.011451721191406
618	21.01616096496582
619	21.265357971191406
620	20.972143173217773
621	21.049537658691406
622	21.079456329345703
623	21.048738479614258
624	20.949193954467773
625	21.167617797851562
626	20.853809356689453
627	21.14820671081543
628	20.937416076660156
629	20.95628547668457
630	21.11850357055664
631	20.8680362701416
632	20.801267623901367
633	21.145166397094727
634	20.93840789794922
635	20.7487850189209
636	21.110471725463867
637	21.14030647277832
638	20.86712074279785
639	21.106468200683594
640	20.918231964111328
641	20.6341495513916
642	20.720237731933594
643	20.794225692749023
644	20.813297271728516
645	20.7357120513916
646	20.583518981933594
647	20.676868438720703
648	20.930761337280273
649	20.6531925201416
650	20.513202667236328
651	20.809656143188477
652	20.897348403930664
653	20.72821044921875
654	20.95099449157715
655	20.590999603271484
656	20.60846519470215
657	20.68265724182129
658	20.685230255126953
659	20.675477981567383
660	20.742918014526367
661	20.68373680114746
662	20.4246883392334
663	20.7617130279541
664	20.484092712402344
665	20.3363037109375
666	20.472885131835938
667	20.56109619140625
668	20.38532829284668
669	20.615196228027344
670	20.37413787841797
671	20.639968872070312
672	20.25171661376953
673	20.36780548095703
674	20.33379554748535
675	20.75235366821289
676	20.367202758789062
677	20.727846145629883
678	20.63487434387207
679	20.3063907623291
680	20.421842575073242
681	20.231647491455078
682	20.217023849487305
683	20.481616973876953
684	20.369178771972656
685	20.288652420043945
686	20.1734619140625
687	20.436906814575195
688	20.1586971282959
689	20.409143447875977
690	20.293237686157227
691	20.282108306884766
692	20.29749298095703
693	20.08990478515625
694	20.116531372070312
695	20.428775787353516
696	19.98032569885254
697	20.149126052856445
698	20.268342971801758
699	20.61566162109375
700	20.08677864074707
701	20.185043334960938
702	20.121875762939453
703	20.31205177307129
704	20.092147827148438
705	20.24036407470703
706	20.323211669921875
707	20.020837783813477
708	20.12005043029785
709	19.9233455657959
710	19.859468460083008
711	20.14778709411621
712	19.92024040222168
713	19.93389892578125
714	20.097869873046875
715	19.978008270263672
716	19.917383193969727
717	20.156051635742188
718	20.130352020263672
719	19.972740173339844
720	19.87690544128418
721	19.801753997802734
722	19.97601890563965
723	19.870779037475586
724	19.97714614868164
725	20.155128479003906
726	20.104097366333008
727	19.808055877685547
728	19.84666633605957
729	19.92333984375
730	20.080556869506836
731	19.82738494873047
732	19.855520248413086
733	20.136903762817383
734	19.954710006713867
735	19.997814178466797
736	19.820659637451172
737	19.808286666870117
738	19.6103515625
739	19.938966751098633
740	19.966466903686523
741	19.918832778930664
742	19.622575759887695
743	19.743579864501953
744	19.863346099853516
745	19.937538146972656
746	19.638830184936523
747	19.756563186645508
748	19.786542892456055
749	19.805431365966797
750	19.53640365600586
751	19.830856323242188
752	19.981786727905273
753	19.586566925048828
754	19.767648696899414
755	19.586753845214844
756	19.938451766967773
757	19.60581398010254
758	19.80252456665039
759	19.85353660583496
760	19.49486541748047
761	19.78036117553711
762	19.864456176757812
763	19.7074031829834
764	19.83113670349121
765	19.477754592895508
766	19.59836196899414
767	19.59806251525879
768	19.652637481689453
769	19.615577697753906
770	19.44849395751953
771	19.67102813720703
772	19.373523712158203
773	19.869518280029297
774	19.85776710510254
775	19.45660972595215
776	19.50231170654297
777	19.433086395263672
778	19.38705062866211
779	19.63687515258789
780	19.325822830200195
781	19.11817169189453
782	19.28350830078125
783	19.3337345123291
784	19.721946716308594
785	19.512889862060547
786	19.527969360351562
787	19.478670120239258
788	19.37541389465332
789	19.40812110900879
790	19.344621658325195
791	19.35419464111328
792	19.681156158447266
793	19.474884033203125
794	19.650789260864258
795	19.184511184692383
796	19.481487274169922
797	19.41006088256836
798	19.662525177001953
799	19.638290405273438
800	19.4954891204834
801	19.210176467895508
802	19.366756439208984
803	19.278493881225586
804	19.331575393676758
805	19.399127960205078
806	19.323871612548828
807	19.30291748046875
808	19.427295684814453
809	19.368722915649414
810	19.29669761657715
811	19.014291763305664
812	19.073335647583008
813	19.423490524291992
814	19.22423553466797
815	19.318960189819336
816	19.19164276123047
817	19.243383407592773
818	19.330659866333008
819	19.222427368164062
820	19.270280838012695
821	19.150022506713867
822	19.111373901367188
823	19.250957489013672
824	19.129606246948242
825	19.154052734375
826	19.027189254760742
827	19.145896911621094
828	19.348499298095703
829	19.320205688476562
830	18.871952056884766
831	19.459136962890625
832	19.29945182800293
833	19.17414665222168
834	19.22909164428711
835	19.365459442138672
836	19.200077056884766
837	19.31781578063965
838	19.423660278320312
839	19.15947723388672
840	19.147308349609375
841	19.27090072631836
842	19.287809371948242
843	19.162080764770508
844	19.24137306213379
845	18.915855407714844
846	18.884944915771484
847	19.211345672607422
848	18.950300216674805
849	19.156238555908203
850	19.187061309814453
851	18.800695419311523
852	19.12036895751953
853	19.237680435180664
854	18.97732162475586
855	18.921354293823242
856	19.01032829284668
857	19.013120651245117
858	18.950145721435547
859	19.188127517700195
860	18.977890014648438
861	18.950170516967773
862	18.895320892333984
863	18.67759132385254
864	18.98956298828125
865	19.169757843017578
866	18.903076171875
867	19.179908752441406
868	18.818540573120117
869	18.9926700592041
870	18.863187789916992
871	19.03520965576172
872	18.714134216308594
873	18.757614135742188
874	18.857770919799805
875	18.847761154174805
876	18.645387649536133
877	18.60221290588379
878	18.920541763305664
879	18.756967544555664
880	18.766681671142578
881	18.90060806274414
882	19.04702377319336
883	18.669361114501953
884	19.085176467895508
885	18.894630432128906
886	18.886707305908203
887	19.010465621948242
888	18.870994567871094
889	18.79084014892578
890	19.06511116027832
891	18.889036178588867
892	18.558767318725586
893	18.867395401000977
894	18.831254959106445
895	18.880277633666992
896	18.80369758605957
897	18.71904945373535
898	18.619117736816406
899	18.968555450439453
900	18.776451110839844
901	18.74366569519043
902	18.689952850341797
903	18.677949905395508
904	18.865772247314453
905	18.67392349243164
906	18.80542755126953
907	18.73206329345703
908	19.047060012817383
909	18.660606384277344
910	18.96849822998047
911	18.749513626098633
912	18.671018600463867
913	18.779403686523438
914	18.590206146240234
915	18.693450927734375
916	18.77159881591797
917	18.79517364501953
918	18.596649169921875
919	18.433191299438477
920	18.58616065979004
921	18.631572723388672
922	18.535980224609375
923	18.857633590698242
924	18.574073791503906
925	18.632244110107422
926	18.950407028198242
927	18.685394287109375
928	18.4910831451416
929	18.824525833129883
930	18.29691505432129
931	18.489948272705078
932	18.663066864013672
933	18.65508460998535
934	18.605676651000977
935	18.48147964477539
936	18.86545181274414
937	18.635879516601562
938	18.595813751220703
939	18.802982330322266
940	18.765390396118164
941	18.733572006225586
942	18.88888168334961
943	18.68675422668457
944	18.826261520385742
945	18.37843132019043
946	18.778539657592773
947	18.512004852294922
948	18.54474639892578
949	18.70555305480957
950	18.829771041870117
951	18.742414474487305
952	18.608184814453125
953	18.698076248168945
954	18.53832244873047
955	18.64609146118164
956	18.496122360229492
957	18.423486709594727
958	18.639543533325195
959	18.481130599975586
960	18.521854400634766
961	18.43976593017578
962	18.61731719970703
963	18.492145538330078
964	18.632139205932617
965	18.46150779724121
966	18.56545639038086
967	18.54845428466797
968	18.779260635375977
969	18.57077407836914
970	18.39470863342285
971	18.52393913269043
972	18.49616050720215
973	18.541202545166016
974	18.525535583496094
975	18.48729133605957
976	18.48527717590332
977	18.54668426513672
978	18.395126342773438
979	18.541048049926758
980	18.19560432434082
981	18.65273666381836
982	18.408971786499023
983	18.621185302734375
984	18.590248107910156
985	18.388051986694336
986	18.476943969726562
987	18.48858642578125
988	18.400392532348633
989	18.301435470581055
990	18.281835556030273
991	18.398704528808594
992	18.314016342163086
993	18.466060638427734
994	18.421533584594727
995	18.310691833496094
996	18.610671997070312
997	18.544933319091797
998	18.468093872070312
999	18.429393768310547
1000	18.183012008666992
1001	18.461063385009766
1002	18.458005905151367
1003	18.317523956298828
1004	18.09428596496582
1005	18.3456974029541
1006	18.466243743896484
1007	18.437362670898438
1008	18.267919540405273
1009	18.355731964111328
1010	18.271604537963867
1011	18.46799659729004
1012	18.249073028564453
1013	18.374919891357422
1014	18.1832218170166
1015	18.237340927124023
1016	18.177053451538086
1017	18.423372268676758
1018	18.367990493774414
1019	18.1623592376709
1020	18.504648208618164
1021	18.652294158935547
1022	18.207399368286133
1023	18.23561668395996
1024	18.38442611694336
1025	18.263986587524414
1026	18.390026092529297
1027	18.407196044921875
1028	18.307512283325195
1029	18.481794357299805
1030	18.37106704711914
1031	18.416671752929688
1032	18.328062057495117
1033	18.56479835510254
1034	18.47829818725586
1035	18.37010955810547
1036	18.360780715942383
1037	18.428062438964844
1038	18.40700912475586
1039	18.367082595825195
1040	18.25651741027832
1041	18.43115234375
1042	18.377174377441406
1043	18.33733367919922
1044	18.473325729370117
1045	18.521251678466797
1046	18.186511993408203
1047	18.40873146057129
1048	18.459102630615234
1049	18.431652069091797
1050	18.173471450805664
1051	18.32500457763672
1052	18.276037216186523
1053	18.562013626098633
1054	18.299983978271484
1055	18.22346305847168
1056	17.86432647705078
1057	18.371891021728516
1058	18.49007225036621
1059	18.13140106201172
1060	18.342546463012695
1061	18.156307220458984
1062	18.25242042541504
1063	18.311458587646484
1064	18.17629623413086
1065	18.301362991333008
1066	18.124956130981445
1067	18.447227478027344
1068	18.39777946472168
1069	18.49468421936035
1070	18.267454147338867
1071	18.421789169311523
1072	18.27655029296875
1073	18.089855194091797
1074	18.465744018554688
1075	18.22283935546875
1076	18.459312438964844
1077	18.383052825927734
1078	18.196495056152344
1079	18.06653594970703
1080	18.47815704345703
1081	18.153793334960938
1082	18.070741653442383
1083	18.22349739074707
1084	18.051349639892578
1085	18.245967864990234
1086	18.291217803955078
1087	18.43425941467285
1088	18.24705696105957
1089	18.294845581054688
1090	17.920692443847656
1091	18.19544219970703
1092	17.994998931884766
1093	18.29601287841797
1094	18.201887130737305
1095	18.341917037963867
1096	18.05000877380371
1097	18.39913558959961
1098	18.192079544067383
1099	18.377626419067383
1100	18.176605224609375
1101	18.06709098815918
1102	18.351318359375
1103	18.447093963623047
1104	18.395503997802734
1105	18.486146926879883
1106	18.31783103942871
1107	18.0621337890625
1108	18.131797790527344
1109	18.3105525970459
1110	18.00216293334961
1111	18.0811767578125
1112	18.393482208251953
1113	18.128969192504883
1114	17.997371673583984
1115	18.128252029418945
1116	18.268213272094727
1117	18.131797790527344
1118	18.113691329956055
1119	18.305246353149414
1120	18.19164276123047
1121	18.201337814331055
1122	18.157791137695312
1123	18.194711685180664
1124	17.923473358154297
1125	18.111541748046875
1126	17.967500686645508
1127	17.954402923583984
1128	18.370872497558594
1129	18.094928741455078
1130	18.23834228515625
1131	18.368694305419922
1132	18.321481704711914
1133	18.2511043548584
1134	18.1866455078125
1135	18.004087448120117
1136	18.128162384033203
1137	18.116003036499023
1138	18.175161361694336
1139	18.222509384155273
1140	18.446380615234375
1141	17.983531951904297
1142	18.19027328491211
1143	18.315765380859375
1144	18.01804542541504
1145	18.040117263793945
1146	17.9588565826416
1147	17.970443725585938
1148	17.934446334838867
1149	18.122108459472656
1150	18.251535415649414
1151	18.118457794189453
1152	18.24846839904785
1153	18.10549545288086
1154	18.123750686645508
1155	18.033130645751953
1156	18.203372955322266
1157	18.013412475585938
1158	18.093473434448242
1159	17.948837280273438
1160	18.381664276123047
1161	18.284626007080078
1162	18.15660285949707
1163	18.361387252807617
1164	18.17368507385254
1165	18.321001052856445
1166	17.93825340270996
1167	18.03106117248535
1168	18.005605697631836
1169	18.097919464111328
1170	18.187101364135742
1171	18.132898330688477
1172	18.083358764648438
1173	18.165781021118164
1174	18.100793838500977
1175	18.202423095703125
1176	18.067411422729492
1177	18.119680404663086
1178	18.3886661529541
1179	18.017244338989258
1180	18.12124252319336
1181	18.21103286743164
1182	18.029521942138672
1183	18.193138122558594
1184	17.95563316345215
1185	18.02311897277832
1186	18.220365524291992
1187	17.901227951049805
1188	18.296005249023438
1189	17.836009979248047
1190	17.91358757019043
1191	18.032976150512695
1192	18.115243911743164
1193	17.926790237426758
1194	17.974870681762695
1195	18.263713836669922
1196	17.980859756469727
1197	18.366432189941406
1198	17.801021575927734
1199	18.058311462402344
1200	18.057373046875
1201	18.2227840423584
1202	18.13359832763672
1203	18.152612686157227
1204	18.24146842956543
1205	18.07459831237793
1206	17.950927734375
1207	18.177791595458984
1208	18.126367568969727
1209	18.17334747314453
1210	17.9603271484375
1211	17.981952667236328
1212	18.018007278442383
1213	17.858177185058594
1214	18.160568237304688
1215	18.12890625
1216	18.022960662841797
1217	18.2376708984375
1218	18.0545654296875
1219	18.090049743652344
1220	18.150360107421875
1221	18.2095947265625
1222	18.10489845275879
1223	17.94954490661621
1224	18.121456146240234
1225	18.22796630859375
1226	18.255441665649414
1227	18.33321762084961
1228	17.92856216430664
1229	18.070011138916016
1230	18.029870986938477
1231	17.7699031829834
1232	17.907052993774414
1233	17.963232040405273
1234	18.071565628051758
1235	17.924842834472656
1236	18.006450653076172
1237	18.143770217895508
1238	18.030912399291992
1239	18.053184509277344
1240	17.856670379638672
1241	18.154273986816406
1242	18.22430992126465
1243	18.150634765625
1244	18.081003189086914
1245	18.001001358032227
1246	17.966482162475586
1247	17.927095413208008
1248	17.956932067871094
1249	18.092870712280273
1250	17.825603485107422
1251	18.04073715209961
1252	18.071165084838867
1253	18.19709587097168
1254	18.020299911499023
1255	17.935884475708008
1256	18.02861213684082
1257	17.918655395507812
1258	17.93736457824707
1259	17.849016189575195
1260	17.963592529296875
1261	18.108341217041016
1262	17.872011184692383
1263	18.02105140686035
1264	18.068727493286133
1265	18.243331909179688
1266	17.83144760131836
1267	17.87957191467285
1268	17.917577743530273
1269	17.81449317932129
1270	18.080955505371094
1271	17.9980411529541
1272	18.065624237060547
1273	17.998659133911133
1274	17.950754165649414
1275	17.97004508972168
1276	18.104999542236328
1277	17.982810974121094
1278	18.154193878173828
1279	17.983074188232422
1280	17.9252872467041
1281	17.910871505737305
1282	18.08311653137207
1283	17.694684982299805
1284	17.862638473510742
1285	17.99144744873047
1286	17.784208297729492
1287	18.04817008972168
1288	17.877283096313477
1289	18.167577743530273
1290	18.195093154907227
1291	18.062297821044922
1292	18.17478370666504
1293	17.824783325195312
1294	17.829381942749023
1295	18.104429244995117
1296	18.059354782104492
1297	18.093854904174805
1298	18.034591674804688
1299	18.105709075927734
1300	18.033727645874023
1301	17.913684844970703
1302	18.45355987548828
1303	17.92020606994629
1304	18.130260467529297
1305	18.071453094482422
1306	18.082969665527344
1307	17.829931259155273
1308	17.96947479248047
1309	18.19351577758789
1310	18.035778045654297
1311	18.009929656982422
1312	17.734378814697266
1313	17.946569442749023
1314	17.79258918762207
1315	17.891036987304688
1316	18.010648727416992
1317	17.970457077026367
1318	18.08399772644043
1319	17.91373634338379
1320	18.022798538208008
1321	17.874324798583984
1322	17.928468704223633
1323	18.084800720214844
1324	17.82204818725586
1325	18.022274017333984
1326	18.03162956237793
1327	18.084314346313477
1328	17.818086624145508
1329	17.899906158447266
1330	17.98849868774414
1331	17.882057189941406
1332	17.8195858001709
1333	17.92716407775879
1334	17.837278366088867
1335	17.906633377075195
1336	17.842008590698242
1337	17.975948333740234
1338	17.93817901611328
1339	17.819440841674805
1340	17.944557189941406
1341	18.10273551940918
1342	17.987041473388672
1343	17.959060668945312
1344	17.842632293701172
1345	17.9780216217041
1346	17.91808319091797
1347	17.91793441772461
1348	17.928606033325195
1349	17.97405242919922
1350	17.934110641479492
1351	17.93859100341797
1352	18.15846824645996
1353	17.991580963134766
1354	18.104848861694336
1355	17.72772216796875
1356	18.1458797454834
1357	18.014556884765625
1358	18.131460189819336
1359	17.98630714416504
1360	17.999868392944336
1361	18.11783218383789
1362	17.66216278076172
1363	18.139074325561523
1364	18.087385177612305
1365	17.964466094970703
1366	17.893020629882812
1367	18.153871536254883
1368	18.123912811279297
1369	17.945938110351562
1370	18.133363723754883
1371	18.043838500976562
1372	17.752363204956055
1373	17.964094161987305
1374	17.75293731689453
1375	17.710205078125
1376	18.183671951293945
1377	17.94984245300293
1378	18.045137405395508
1379	18.187477111816406
1380	17.79105567932129
1381	18.077720642089844
1382	18.18766212463379
1383	18.08776092529297
1384	17.689870834350586
1385	17.952484130859375
1386	17.925670623779297
1387	18.150510787963867
1388	18.101333618164062
1389	18.0096492767334
1390	18.101224899291992
1391	18.018596649169922
1392	17.95024871826172
1393	18.098485946655273
1394	17.945396423339844
1395	17.92505645751953
1396	17.940828323364258
1397	17.91087532043457
1398	17.678678512573242
1399	17.91785430908203
1400	17.985393524169922
1401	17.996952056884766
1402	18.146583557128906
1403	17.72531509399414
1404	17.92793846130371
1405	17.98340606689453
1406	18.022655487060547
1407	17.98971176147461
1408	17.833011627197266
1409	17.989004135131836
1410	17.839569091796875
1411	17.93395233154297
1412	17.770503997802734
1413	17.979965209960938
1414	18.053115844726562
1415	17.815765380859375
1416	17.980690002441406
1417	17.96148681640625
1418	18.220094680786133
1419	17.923208236694336
1420	17.979541778564453
1421	17.998441696166992
1422	17.95707893371582
1423	17.953527450561523
1424	18.006643295288086
1425	18.0881290435791
1426	18.01274871826172
1427	17.931354522705078
1428	17.787172317504883
1429	17.98886489868164
1430	18.060733795166016
1431	17.952848434448242
1432	18.238061904907227
1433	18.10662078857422
1434	18.034488677978516
1435	17.93077278137207
1436	17.67030143737793
1437	17.872831344604492
1438	18.01186752319336
1439	17.899511337280273
1440	18.0671443939209
1441	17.758398056030273
1442	17.907209396362305
1443	18.21809959411621
1444	18.000064849853516
1445	17.926349639892578
1446	17.990991592407227
1447	18.11563491821289
1448	18.023815155029297
1449	18.001150131225586
1450	17.934249877929688
1451	17.895410537719727
1452	17.641544342041016
1453	17.86174964904785
1454	18.01408576965332
1455	17.913890838623047
1456	17.837387084960938
1457	18.138731002807617
1458	18.08673095703125
1459	18.00472640991211
1460	18.05738067626953
1461	17.817066192626953
1462	18.196969985961914
1463	18.039705276489258
1464	17.877994537353516
1465	17.881258010864258
1466	17.80296516418457
1467	18.06365394592285
1468	17.963882446289062
1469	18.102336883544922
1470	18.050182342529297
1471	17.915376663208008
1472	18.20722770690918
1473	18.03348731994629
1474	17.82926368713379
1475	18.046262741088867
1476	17.961912155151367
1477	17.985719680786133
1478	18.094741821289062
1479	17.884233474731445
1480	17.96305274963379
1481	18.002220153808594
1482	18.053007125854492
1483	17.88431167602539
1484	17.83434295654297
1485	17.96160125732422
1486	17.941858291625977
1487	17.7779483795166
1488	18.149864196777344
1489	18.17258644104004
1490	17.817554473876953
1491	17.885494232177734
1492	17.890689849853516
1493	17.839466094970703
1494	17.998321533203125
1495	17.868587493896484
1496	18.106143951416016
1497	17.962602615356445
1498	18.024940490722656
1499	17.69271469116211
1500	17.909826278686523
1501	17.979740142822266
1502	18.103586196899414
1503	17.81438636779785
1504	17.70807456970215
1505	18.22368812561035
1506	18.1495418548584
1507	18.141319274902344
1508	17.922679901123047
1509	17.983943939208984
1510	18.03440284729004
1511	17.859519958496094
