1	56.76908874511719
2	96.07604217529297
3	63.991493225097656
4	68.79024505615234
5	73.48100280761719
6	70.00634765625
7	65.3143081665039
8	63.04105758666992
9	62.93018341064453
10	63.4377555847168
11	63.268856048583984
12	61.89150619506836
13	60.687782287597656
14	60.373573303222656
15	60.481529235839844
16	59.81960678100586
17	59.93276596069336
18	59.21159362792969
19	59.2215461730957
20	59.120704650878906
21	58.98323059082031
22	58.465431213378906
23	58.328067779541016
24	57.91239929199219
25	58.13536834716797
26	57.86795425415039
27	57.87308883666992
28	57.94402313232422
29	57.64531326293945
30	57.623348236083984
31	57.436222076416016
32	57.19688415527344
33	57.27745056152344
34	57.297332763671875
35	57.7071647644043
36	57.287837982177734
37	57.13688659667969
38	57.05222702026367
39	56.959877014160156
40	57.20526123046875
41	57.11360168457031
42	56.94684982299805
43	56.80532455444336
44	57.252418518066406
45	56.94883346557617
46	56.934898376464844
47	56.66274642944336
48	56.79586410522461
49	57.22629928588867
50	56.518890380859375
51	57.120140075683594
52	56.58194351196289
53	56.70876693725586
54	57.024871826171875
55	56.853485107421875
56	56.67975616455078
57	56.749752044677734
58	56.617427825927734
59	56.72196578979492
60	56.87303161621094
61	56.54823684692383
62	56.77505874633789
63	56.8528938293457
64	56.379539489746094
65	56.77213668823242
66	56.71430587768555
67	56.922569274902344
68	56.54969024658203
69	56.58930969238281
70	56.80255889892578
71	56.592247009277344
72	56.49850845336914
73	56.847835540771484
74	56.77177429199219
75	56.83277130126953
76	56.493595123291016
77	56.48872375488281
78	56.55274963378906
79	56.519798278808594
80	56.832557678222656
81	56.59189224243164
82	56.782447814941406
83	56.78294372558594
84	56.67715835571289
85	56.5411491394043
86	56.58713150024414
87	56.441463470458984
88	56.487571716308594
89	56.472190856933594
90	56.560218811035156
91	56.77255630493164
92	56.53077697753906
93	56.48014831542969
94	56.604026794433594
95	56.44095993041992
96	56.40245819091797
97	56.619056701660156
98	56.54572296142578
99	56.340328216552734
100	56.50660705566406
101	56.55772018432617
102	56.533634185791016
103	56.4001350402832
104	56.29957962036133
105	56.445838928222656
106	56.56170654296875
107	56.4867057800293
108	56.62202835083008
109	56.327362060546875
110	56.287837982177734
111	56.56471252441406
112	56.55088424682617
113	56.38523483276367
114	56.52103805541992
115	56.45376968383789
116	56.28933334350586
117	56.6298942565918
118	56.433555603027344
119	56.602821350097656
120	56.5532112121582
121	56.431785583496094
122	56.44118881225586
123	56.419979095458984
124	56.3326530456543
125	56.62117385864258
126	56.407894134521484
127	56.540828704833984
128	56.412113189697266
129	56.30024719238281
130	56.49100112915039
131	56.72737503051758
132	56.441978454589844
133	56.4181022644043
134	56.42742919921875
135	56.40452575683594
136	56.51844024658203
137	56.32754898071289
138	56.46249008178711
139	56.2787971496582
140	56.390010833740234
141	56.462677001953125
142	56.451839447021484
143	56.42219161987305
144	56.34121322631836
145	56.24772262573242
146	56.33843994140625
147	56.437652587890625
148	56.62934875488281
149	56.47352981567383
150	56.421478271484375
151	56.33617401123047
152	56.514522552490234
153	56.42496109008789
154	56.128662109375
155	56.47296905517578
156	56.60369110107422
157	56.38479995727539
158	56.45429229736328
159	56.33919143676758
160	56.58766555786133
161	56.26076126098633
162	56.417484283447266
163	56.54625701904297
164	56.31419372558594
165	56.45671463012695
166	56.4273796081543
167	56.28948211669922
168	56.20880126953125
169	56.18855667114258
170	56.23576736450195
171	56.30295181274414
172	56.44749069213867
173	56.3734130859375
174	56.447914123535156
175	56.433258056640625
176	56.59532928466797
177	56.34132766723633
178	56.42149353027344
179	56.19126892089844
180	56.324501037597656
181	56.05234909057617
182	56.21687316894531
183	56.139068603515625
184	56.44204330444336
185	56.725364685058594
186	56.36936950683594
187	56.29648971557617
188	56.234493255615234
189	56.4229850769043
190	56.37668228149414
191	56.3789176940918
192	56.07026672363281
193	56.271507263183594
194	56.208736419677734
195	56.340240478515625
196	56.2619514465332
197	56.28396224975586
198	56.211795806884766
199	56.32478713989258
200	56.331932067871094
201	56.35576248168945
202	56.159202575683594
203	56.43207931518555
204	56.26012420654297
205	56.2916259765625
206	56.122066497802734
207	56.25082015991211
208	56.483516693115234
209	56.013336181640625
210	56.27873229980469
211	56.03689193725586
212	56.0328254699707
213	56.35309600830078
214	56.196109771728516
215	56.3801383972168
216	56.33333206176758
217	56.206298828125
218	56.27354049682617
219	56.0698127746582
220	56.48847579956055
221	56.32612609863281
222	56.31333541870117
223	56.30412673950195
224	56.22804641723633
225	56.18041229248047
226	56.17425537109375
227	56.266441345214844
228	56.28468704223633
229	56.35320281982422
230	56.27815628051758
231	56.357505798339844
232	56.330665588378906
233	56.13005828857422
234	56.26042556762695
235	56.13423538208008
236	55.95237350463867
237	56.248104095458984
238	56.000247955322266
239	56.34211730957031
240	56.30316162109375
241	56.17280578613281
242	56.11699676513672
243	56.27483367919922
244	56.064456939697266
245	55.99827194213867
246	56.125953674316406
247	56.2448616027832
248	56.37208938598633
249	56.00380325317383
250	56.0866584777832
251	56.444862365722656
252	56.12527084350586
253	55.98814392089844
254	56.12255096435547
255	56.08449935913086
256	56.31780242919922
257	56.04938888549805
258	56.12449645996094
259	56.54724884033203
260	56.1488037109375
261	56.32195281982422
262	56.172481536865234
263	56.24750900268555
264	56.135738372802734
265	56.043235778808594
266	56.087100982666016
267	56.26160430908203
268	56.17392349243164
269	56.04011535644531
270	56.24748992919922
271	56.144283294677734
272	56.063777923583984
273	55.98823165893555
274	55.984153747558594
275	56.24180603027344
276	56.12175369262695
277	55.806827545166016
278	56.12985610961914
279	56.21767044067383
280	56.23166275024414
281	55.93551254272461
282	56.09690856933594
283	56.11192321777344
284	56.05194854736328
285	56.0775032043457
286	56.255123138427734
287	56.090118408203125
288	55.96480178833008
289	56.245059967041016
290	56.095977783203125
291	55.823333740234375
292	55.92786407470703
293	56.108097076416016
294	56.08918380737305
295	56.24192428588867
296	56.13414764404297
297	56.069149017333984
298	55.905582427978516
299	56.2130012512207
300	56.180503845214844
301	56.029144287109375
302	56.17620849609375
303	55.99306869506836
304	56.055912017822266
305	56.05109786987305
306	55.94050598144531
307	55.91123580932617
308	56.00769805908203
309	56.15868377685547
310	56.17149353027344
311	56.00248336791992
312	55.99491882324219
313	55.831268310546875
314	55.96526336669922
315	56.08435821533203
316	56.060997009277344
317	55.866390228271484
318	55.644962310791016
319	56.07851791381836
320	56.04536437988281
321	56.10414123535156
322	56.00469970703125
323	55.92721939086914
324	56.303890228271484
325	56.134056091308594
326	55.92519760131836
327	56.21184539794922
328	55.86652755737305
329	55.960968017578125
330	56.07993698120117
331	56.0008659362793
332	56.09511947631836
333	56.08800506591797
334	56.040489196777344
335	56.02726364135742
336	55.91032028198242
337	55.97733688354492
338	55.79562759399414
339	56.077659606933594
340	55.889530181884766
341	56.0103645324707
342	55.88638687133789
343	56.07680892944336
344	55.79941177368164
345	55.97316360473633
346	56.11569595336914
347	56.01341247558594
348	55.91704177856445
349	56.29266357421875
350	55.88188934326172
351	55.97139358520508
352	56.07991027832031
353	56.118465423583984
354	55.80649948120117
355	55.99147033691406
356	55.68075942993164
357	55.849674224853516
358	56.00122833251953
359	56.15680694580078
360	56.1395149230957
361	55.76395034790039
362	55.77212905883789
363	55.75934600830078
364	55.81219482421875
365	55.77052688598633
366	55.93537521362305
367	55.917991638183594
368	55.81969451904297
369	55.911746978759766
370	55.802589416503906
371	55.96247100830078
372	55.89781951904297
373	55.861968994140625
374	55.92951965332031
375	55.683692932128906
376	55.877410888671875
377	56.028438568115234
378	55.714317321777344
379	55.95637893676758
380	55.69773864746094
381	55.991455078125
382	56.22815704345703
383	55.94524383544922
384	55.900970458984375
385	55.8900146484375
386	55.7164192199707
387	56.07155227661133
388	55.94512176513672
389	55.71122360229492
390	55.95988082885742
391	56.087493896484375
392	55.558250427246094
393	55.800289154052734
394	55.71539306640625
395	55.67768096923828
396	55.52324295043945
397	55.872745513916016
398	56.00735855102539
399	55.676910400390625
400	55.73615646362305
401	55.788360595703125
402	55.58853530883789
403	55.93940353393555
404	55.750518798828125
405	55.897884368896484
406	55.85619354248047
407	55.703399658203125
408	55.820438385009766
409	56.13494873046875
410	55.87491989135742
411	55.85026168823242
412	55.89003372192383
413	56.01633071899414
414	55.53994369506836
415	55.96782684326172
416	55.86586380004883
417	55.76731491088867
418	55.98575973510742
419	55.5926399230957
420	55.596282958984375
421	55.88319778442383
422	56.06758117675781
423	55.857078552246094
424	55.576927185058594
425	55.63325119018555
426	55.83528137207031
427	55.65213394165039
428	55.683013916015625
429	55.660804748535156
430	55.95425033569336
431	55.98936462402344
432	55.71078872680664
433	55.75750732421875
434	55.54227828979492
435	56.06592559814453
436	55.56611633300781
437	55.69785690307617
438	55.654014587402344
439	55.75568389892578
440	55.82236862182617
441	55.751033782958984
442	55.90178298950195
443	55.64861297607422
444	55.695953369140625
445	55.78897476196289
446	55.764530181884766
447	55.62716293334961
448	55.7467155456543
449	55.7574348449707
450	55.82194900512695
451	55.5595703125
452	55.6890754699707
453	55.64611053466797
454	55.67910385131836
455	55.99496078491211
456	56.124237060546875
457	55.82561492919922
458	55.7039909362793
459	55.79623794555664
460	55.83845901489258
461	55.8920783996582
462	55.925018310546875
463	55.699588775634766
464	55.737327575683594
465	55.76593017578125
466	55.70257568359375
467	55.848594665527344
468	55.8441276550293
469	55.61175537109375
470	55.839298248291016
471	55.71455764770508
472	55.74601364135742
473	55.697452545166016
474	55.39958572387695
475	55.80438995361328
476	55.83655548095703
477	55.88551330566406
478	55.584625244140625
479	55.57355880737305
480	55.73006057739258
481	55.89589309692383
482	55.795997619628906
483	55.87081527709961
484	55.84918975830078
485	55.67763137817383
486	55.47872543334961
487	55.649017333984375
488	55.78580093383789
489	55.73945999145508
490	55.63522720336914
491	55.60641098022461
492	55.824501037597656
493	55.574989318847656
494	55.54103469848633
495	55.741233825683594
496	55.34321212768555
497	55.57328796386719
498	55.578216552734375
499	55.73023986816406
500	55.600860595703125
501	55.48968505859375
502	55.52911376953125
503	55.629638671875
504	55.74687194824219
505	55.75481414794922
506	55.477718353271484
507	55.57090759277344
508	55.61427688598633
509	55.65822219848633
510	55.38187789916992
511	55.69908142089844
512	55.65481948852539
513	55.58921432495117
514	55.84866714477539
515	55.71561050415039
516	55.72783660888672
517	55.81815719604492
518	55.68171310424805
519	55.348716735839844
520	55.5391845703125
521	55.49673843383789
522	55.760581970214844
523	55.57265090942383
524	55.66148376464844
525	55.608543395996094
526	55.76572799682617
527	55.50259017944336
528	55.625701904296875
529	55.61125564575195
530	55.459442138671875
531	55.680816650390625
532	55.7237663269043
533	55.59592819213867
534	55.55314636230469
535	55.632362365722656
536	55.383853912353516
537	55.491477966308594
538	55.592735290527344
539	55.43545913696289
540	55.612060546875
541	55.414859771728516
542	55.4796028137207
543	55.64901351928711
544	55.49559783935547
545	55.753265380859375
546	55.675636291503906
547	55.660953521728516
548	55.57117462158203
549	55.55919647216797
550	55.692283630371094
551	55.51639175415039
552	55.72520446777344
553	55.37572479248047
554	55.64072036743164
555	55.48708724975586
556	55.30319595336914
557	55.42872619628906
558	55.328006744384766
559	55.379703521728516
560	55.27054977416992
561	55.410316467285156
562	55.71589279174805
563	55.54829788208008
564	55.55133056640625
565	55.40883255004883
566	55.590728759765625
567	55.485618591308594
568	55.65591812133789
569	55.3509521484375
570	55.50966262817383
571	55.585391998291016
572	55.38229751586914
573	55.256507873535156
574	55.423622131347656
575	55.22285842895508
576	55.4458122253418
577	55.37656784057617
578	55.24253845214844
579	55.19460678100586
580	55.57221984863281
581	55.334651947021484
582	55.491207122802734
583	55.46219253540039
584	55.5018310546875
585	55.55427932739258
586	55.608863830566406
587	55.578285217285156
588	55.656803131103516
589	55.51010513305664
590	55.50939178466797
591	55.45402145385742
592	55.4688720703125
593	55.29529571533203
594	55.58584213256836
595	55.482818603515625
596	55.503177642822266
597	55.49031448364258
598	55.4478645324707
599	55.308345794677734
600	55.72136688232422
601	55.67793273925781
602	55.50689697265625
603	55.290557861328125
604	55.422332763671875
605	55.60088348388672
606	55.328826904296875
607	55.44474792480469
608	55.17662811279297
609	55.157318115234375
610	55.64620590209961
611	55.41190719604492
612	55.55842971801758
613	55.41270446777344
614	55.39271545410156
615	55.26227569580078
616	55.6866569519043
617	55.25168228149414
618	55.40857696533203
619	55.5126838684082
620	55.55964279174805
621	55.5643310546875
622	55.464866638183594
623	55.379127502441406
624	55.42654800415039
625	55.4548454284668
626	55.311187744140625
627	55.281700134277344
628	55.57108688354492
629	55.81019592285156
630	55.544864654541016
631	55.38058853149414
632	55.21770095825195
633	55.2899284362793
634	55.32168197631836
635	55.57178497314453
636	55.40559768676758
637	55.549041748046875
638	55.41706848144531
