1	260.0970153808594
2	252.4111785888672
3	251.2091827392578
4	245.66091918945312
5	237.36720275878906
6	236.88551330566406
7	229.4681396484375
8	230.740234375
9	222.7146759033203
10	220.02552795410156
11	219.5543212890625
12	214.66748046875
13	205.76707458496094
14	206.88047790527344
15	204.6957244873047
16	200.33541870117188
17	197.1490020751953
18	194.2723388671875
19	190.16915893554688
20	185.56040954589844
21	184.3364715576172
22	180.3794708251953
23	176.17333984375
24	176.50868225097656
25	172.99574279785156
26	170.2513427734375
27	169.52505493164062
28	166.90147399902344
29	162.60353088378906
30	162.4950408935547
31	159.81207275390625
32	156.32545471191406
33	156.70652770996094
34	153.5963134765625
35	151.57777404785156
36	151.4293670654297
37	147.83303833007812
38	145.04171752929688
39	145.02841186523438
40	144.65830993652344
41	141.60003662109375
42	139.1253204345703
43	139.55426025390625
44	137.54603576660156
45	135.5973663330078
46	134.2661895751953
47	131.2909698486328
48	129.84080505371094
49	129.01748657226562
50	127.30401611328125
51	126.06499481201172
52	124.34841918945312
53	125.29637145996094
54	122.91282653808594
55	122.87318420410156
56	120.08101654052734
57	118.40582275390625
58	118.68455505371094
59	116.23812866210938
60	115.5858154296875
61	113.9983139038086
62	113.97697448730469
63	112.02823638916016
64	111.10758209228516
65	110.7543716430664
66	109.65147399902344
67	108.42072296142578
68	107.04656219482422
69	107.50587463378906
70	106.47449493408203
71	104.41886138916016
72	104.03890991210938
73	102.70435333251953
74	103.41864776611328
75	101.26921844482422
76	101.18397521972656
77	100.96675872802734
78	99.60462188720703
79	96.96212005615234
80	96.42977142333984
81	97.1004409790039
82	96.20597839355469
83	95.9425048828125
84	94.4524154663086
85	94.93819427490234
86	91.85488891601562
87	92.32229614257812
88	89.93269348144531
89	90.48593139648438
90	89.66336059570312
91	87.80342102050781
92	87.24667358398438
93	89.08856201171875
94	85.92007446289062
95	85.62432098388672
96	85.38057708740234
97	84.13399505615234
98	84.2417984008789
99	83.03085327148438
100	83.2206039428711
101	81.08077239990234
102	81.34718322753906
103	81.82131958007812
104	78.97925567626953
105	78.36155700683594
106	78.93187713623047
107	77.9673843383789
108	77.76931762695312
109	75.42444610595703
110	75.95397186279297
111	75.28986358642578
112	74.8504409790039
113	73.77420043945312
114	73.53450012207031
115	72.64629364013672
116	72.78305053710938
117	71.4446792602539
118	70.49015045166016
119	70.42720794677734
120	70.01468658447266
121	68.30367279052734
122	68.05176544189453
123	67.40241241455078
124	67.78416442871094
125	67.085693359375
126	65.5610122680664
127	66.11930847167969
128	65.68911743164062
129	64.69635009765625
130	63.469581604003906
131	62.677249908447266
132	62.933021545410156
133	62.41975784301758
134	61.887203216552734
135	61.35774612426758
136	61.382781982421875
137	60.464725494384766
138	60.18635559082031
139	59.99516296386719
140	59.383934020996094
141	59.31960678100586
142	59.37077331542969
143	57.89314651489258
144	57.192928314208984
145	56.37849426269531
146	55.81031799316406
147	55.31123352050781
148	54.2213020324707
149	54.55731964111328
150	54.249412536621094
151	53.73252868652344
152	53.16767120361328
153	52.75075912475586
154	52.44886016845703
155	51.80963134765625
156	51.96128845214844
157	51.510128021240234
158	50.592262268066406
159	50.593631744384766
160	50.19878005981445
161	48.83537673950195
162	49.581424713134766
163	48.67436218261719
164	48.649471282958984
165	48.18345260620117
166	47.638362884521484
167	47.31877517700195
168	47.16237258911133
169	46.298912048339844
170	46.372314453125
171	45.467872619628906
172	45.62125015258789
173	45.22677993774414
174	45.34345245361328
175	44.62575912475586
176	44.230472564697266
177	43.59787368774414
178	42.75218963623047
179	42.7470703125
180	43.11074447631836
181	42.261783599853516
182	42.56937789916992
183	41.25202560424805
184	41.46248245239258
185	41.33485412597656
186	40.999027252197266
187	40.41981887817383
188	40.30423355102539
189	39.84275436401367
190	39.64043045043945
191	39.7430419921875
192	38.93886184692383
193	39.0708122253418
194	38.42795944213867
195	39.24061584472656
196	38.73963165283203
197	37.911094665527344
198	37.657073974609375
199	37.303531646728516
200	37.16508102416992
201	37.03396224975586
202	36.65935516357422
203	36.37947082519531
204	35.79291534423828
205	36.0179557800293
206	35.66875076293945
207	35.29962158203125
208	35.47409439086914
209	35.095664978027344
210	34.998687744140625
211	34.5212287902832
212	34.51197814941406
213	34.766483306884766
214	34.41153335571289
215	34.02770233154297
216	33.60685348510742
217	32.794517517089844
218	33.1785888671875
219	32.79838180541992
220	33.298561096191406
221	32.89775466918945
222	32.73781204223633
223	32.545440673828125
224	32.30206298828125
225	32.2369270324707
226	32.08523178100586
227	31.976245880126953
228	31.932147979736328
229	31.781814575195312
230	31.636070251464844
231	31.188692092895508
232	31.511564254760742
233	31.244022369384766
234	31.26921844482422
235	31.097021102905273
236	30.485685348510742
237	30.971994400024414
238	30.45783805847168
239	30.596460342407227
240	30.354137420654297
241	30.652109146118164
242	29.992422103881836
243	30.415651321411133
244	29.901561737060547
245	29.614770889282227
246	29.940872192382812
247	29.72063446044922
248	29.700498580932617
249	29.242509841918945
250	29.47870445251465
251	29.73748016357422
252	29.5323486328125
253	29.24201202392578
254	29.336530685424805
255	28.957721710205078
256	28.790546417236328
257	28.990150451660156
258	29.0478515625
259	28.91605567932129
260	28.834457397460938
261	28.59540557861328
262	28.81299591064453
263	28.615413665771484
264	28.50417709350586
265	28.695411682128906
266	28.437339782714844
267	28.240331649780273
268	28.509416580200195
269	28.48703956604004
270	28.640419006347656
271	28.068767547607422
272	28.272411346435547
273	28.120986938476562
274	28.06402015686035
275	27.799604415893555
276	28.001768112182617
277	27.83879852294922
278	27.90036392211914
279	27.801544189453125
280	27.692012786865234
281	27.500398635864258
282	27.52857208251953
283	27.508460998535156
284	27.49678611755371
285	27.00679588317871
286	27.596933364868164
287	27.551090240478516
288	27.218902587890625
289	27.163484573364258
290	27.277742385864258
291	27.494359970092773
292	26.976499557495117
293	26.91438865661621
294	27.142879486083984
295	27.129730224609375
296	26.735078811645508
297	26.866138458251953
298	27.164220809936523
299	26.94070053100586
300	27.12383460998535
301	26.599842071533203
302	26.48772621154785
303	26.690044403076172
304	26.69759178161621
305	26.30111312866211
306	26.823232650756836
307	26.51581573486328
308	26.558059692382812
309	26.386545181274414
310	26.260080337524414
311	26.581571578979492
312	26.36377716064453
313	26.629085540771484
314	26.45785140991211
315	26.409406661987305
316	26.480106353759766
317	26.158231735229492
318	26.616905212402344
319	26.316402435302734
320	26.31023406982422
321	26.01742172241211
322	25.961223602294922
323	25.93170738220215
324	26.073596954345703
325	26.065004348754883
326	25.680803298950195
327	25.889789581298828
328	26.006818771362305
329	25.895055770874023
330	25.92592430114746
331	25.763263702392578
332	25.83031463623047
333	25.86808967590332
334	25.81304359436035
335	25.718669891357422
336	25.590394973754883
337	25.583505630493164
338	25.43963623046875
339	25.665790557861328
340	25.638717651367188
341	25.47218132019043
342	25.594676971435547
343	25.554903030395508
344	25.5496826171875
345	25.44562339782715
346	25.768634796142578
347	25.568973541259766
348	25.68985939025879
349	25.672571182250977
350	25.286014556884766
351	25.273950576782227
352	25.411266326904297
353	25.270780563354492
354	25.053260803222656
355	24.898588180541992
356	25.070993423461914
357	25.117748260498047
358	25.109975814819336
359	25.259653091430664
360	25.17572593688965
361	25.074674606323242
362	25.00264549255371
363	25.262819290161133
364	25.163970947265625
365	24.822296142578125
366	25.0361270904541
367	25.110240936279297
368	25.06749725341797
369	24.769285202026367
370	24.93586540222168
371	24.680294036865234
372	24.651687622070312
373	25.041475296020508
374	24.952476501464844
375	25.134607315063477
376	24.756149291992188
377	24.88340187072754
378	24.863086700439453
379	24.763391494750977
380	24.576704025268555
381	24.274700164794922
382	24.71174430847168
383	24.459896087646484
384	24.46198081970215
385	24.604263305664062
386	24.442895889282227
387	24.3924560546875
388	24.37013053894043
389	24.450969696044922
390	24.673105239868164
391	24.565431594848633
392	24.556222915649414
393	24.45263671875
394	24.605079650878906
395	24.601716995239258
396	24.393268585205078
397	24.542898178100586
398	24.40787696838379
399	24.445253372192383
400	24.289878845214844
401	24.135250091552734
402	24.21192741394043
403	24.43543815612793
404	24.078670501708984
405	24.231266021728516
406	24.256616592407227
407	24.125133514404297
408	24.064163208007812
409	24.125423431396484
410	23.965316772460938
411	23.91376495361328
412	24.097522735595703
413	23.912189483642578
414	23.94317626953125
415	23.83354377746582
416	23.984472274780273
417	24.112110137939453
418	24.259902954101562
419	23.943435668945312
420	24.376310348510742
421	24.152793884277344
422	23.86541175842285
423	23.80097007751465
424	23.989171981811523
425	24.116147994995117
426	23.74489402770996
427	23.621519088745117
428	23.59079360961914
429	23.96476936340332
430	23.55973243713379
431	23.867881774902344
432	23.712902069091797
433	23.544126510620117
434	23.69734001159668
435	23.766679763793945
436	23.446701049804688
437	23.49704360961914
438	23.44443702697754
439	23.40896224975586
440	23.318418502807617
441	23.55727195739746
442	23.714508056640625
443	23.557401657104492
444	23.751710891723633
445	23.418882369995117
446	23.427154541015625
447	23.513872146606445
448	23.469493865966797
449	23.28620719909668
450	23.305070877075195
451	23.486661911010742
452	23.44194793701172
453	23.607473373413086
454	23.14474105834961
455	23.338172912597656
456	23.23302459716797
457	23.707582473754883
458	23.21405029296875
459	23.302236557006836
460	23.255800247192383
461	23.0858211517334
462	23.08542251586914
463	23.06201171875
464	23.160917282104492
465	23.04525375366211
466	22.841365814208984
467	23.116981506347656
468	23.042530059814453
469	22.981050491333008
470	22.992700576782227
471	23.437292098999023
472	23.07961082458496
473	23.018354415893555
474	22.787403106689453
475	23.158626556396484
476	23.063756942749023
477	22.933015823364258
478	22.69658660888672
479	22.94399070739746
480	23.03160858154297
481	22.632892608642578
482	22.78700065612793
483	22.66321563720703
484	22.81256103515625
485	22.75223159790039
486	22.68404197692871
487	22.567583084106445
488	22.6641788482666
489	22.654457092285156
490	22.51498794555664
491	22.922271728515625
492	22.699125289916992
493	22.719951629638672
494	22.80034065246582
495	22.632091522216797
496	22.458057403564453
497	22.497745513916016
498	22.878992080688477
499	22.59575080871582
500	22.56342887878418
501	22.549362182617188
502	22.481952667236328
503	22.740570068359375
504	22.537527084350586
505	22.61216926574707
506	22.291725158691406
507	22.297958374023438
508	22.324710845947266
509	22.222387313842773
510	22.24740219116211
511	22.44329833984375
512	22.254552841186523
513	22.17424774169922
514	22.659650802612305
515	22.30314064025879
516	22.08511734008789
517	22.50592803955078
518	22.091840744018555
519	22.132896423339844
520	22.445606231689453
521	22.27716827392578
522	22.26221466064453
523	22.06739616394043
524	22.106002807617188
525	22.265779495239258
526	22.2802791595459
527	22.568696975708008
528	22.109172821044922
529	21.969558715820312
530	21.895795822143555
531	22.071176528930664
532	21.973363876342773
533	21.858182907104492
534	22.03793716430664
535	22.23861312866211
536	21.867969512939453
537	21.788270950317383
538	22.14502716064453
539	22.150163650512695
540	22.04109764099121
541	22.043476104736328
542	22.076902389526367
543	22.11153221130371
544	21.532270431518555
545	21.891014099121094
546	22.18657875061035
547	21.82075309753418
548	21.86390495300293
549	21.779600143432617
550	21.501096725463867
551	21.877206802368164
552	21.784631729125977
553	21.68353843688965
554	21.685014724731445
555	21.769916534423828
556	21.748958587646484
557	21.930803298950195
558	21.45775604248047
559	21.735971450805664
560	21.860595703125
561	21.580272674560547
562	21.640811920166016
563	22.053909301757812
564	21.771411895751953
565	21.51616668701172
566	21.583967208862305
567	21.69127082824707
568	21.578277587890625
569	21.649065017700195
570	21.57586097717285
571	21.404626846313477
572	21.55137825012207
573	21.42753028869629
574	21.625520706176758
575	21.573806762695312
576	21.617294311523438
577	21.762754440307617
578	21.44674301147461
579	21.501188278198242
580	21.55328941345215
581	21.420717239379883
582	21.604774475097656
583	21.343008041381836
584	21.367488861083984
585	21.429813385009766
586	21.388782501220703
587	21.357444763183594
588	21.33805274963379
589	21.252700805664062
590	21.04661750793457
591	21.29723358154297
592	21.268213272094727
593	21.310091018676758
594	21.108930587768555
595	21.495967864990234
596	21.035707473754883
597	21.222166061401367
598	21.376663208007812
599	21.255186080932617
600	21.18307876586914
601	21.220590591430664
602	21.198516845703125
603	21.30098533630371
604	21.025148391723633
605	20.987226486206055
606	21.21669578552246
607	21.195079803466797
608	21.10330581665039
609	21.030887603759766
610	20.936796188354492
611	21.02393341064453
612	20.751432418823242
613	20.97046661376953
614	21.020288467407227
615	20.95902442932129
616	21.13319969177246
617	21.06784439086914
618	20.836849212646484
619	20.833072662353516
620	20.697998046875
621	20.935890197753906
622	21.088476181030273
623	20.729982376098633
624	20.738462448120117
625	21.03618049621582
626	20.890056610107422
627	21.005207061767578
628	20.590213775634766
629	20.797475814819336
630	20.894577026367188
631	20.95071792602539
632	20.649484634399414
633	20.615503311157227
634	20.759456634521484
635	20.69815444946289
636	20.816068649291992
637	20.591026306152344
638	20.854782104492188
639	20.7340030670166
640	20.77326202392578
641	20.72309684753418
642	20.59247398376465
643	20.80230140686035
644	20.760820388793945
645	20.71805191040039
646	20.585575103759766
647	20.743371963500977
648	20.710786819458008
649	20.83084487915039
650	20.787555694580078
651	20.970054626464844
652	20.518503189086914
653	20.584999084472656
654	20.48894500732422
655	20.482656478881836
656	20.706449508666992
657	20.344343185424805
658	20.395784378051758
659	20.606517791748047
660	20.480283737182617
661	20.511009216308594
662	20.31021499633789
663	20.134315490722656
664	20.45808982849121
665	20.66706085205078
666	20.6752986907959
667	20.57103157043457
668	20.212894439697266
669	20.428178787231445
670	20.398056030273438
671	20.661602020263672
672	20.61631202697754
673	20.436220169067383
674	20.36069107055664
675	20.001914978027344
676	20.46589469909668
677	20.336809158325195
678	20.292234420776367
679	20.317447662353516
680	20.253992080688477
681	20.22313690185547
682	20.29718780517578
683	20.192060470581055
684	20.221391677856445
685	20.128849029541016
686	20.204910278320312
687	20.091123580932617
688	20.119773864746094
689	20.44074821472168
690	20.07210350036621
691	20.355754852294922
692	20.060617446899414
693	20.038230895996094
694	20.227344512939453
695	19.98365020751953
696	20.255868911743164
697	20.113447189331055
698	20.15788459777832
699	19.963178634643555
700	20.049821853637695
701	20.30014419555664
702	19.881189346313477
703	20.184907913208008
704	20.141067504882812
705	20.259166717529297
706	20.142818450927734
707	19.955341339111328
708	20.16094207763672
709	19.88451385498047
710	19.88484001159668
711	19.904088973999023
712	20.124366760253906
713	19.935007095336914
714	20.012434005737305
715	19.973119735717773
716	19.96548080444336
717	20.2262020111084
718	19.948162078857422
719	19.965518951416016
720	19.88300323486328
721	20.00673484802246
722	20.082324981689453
723	19.962921142578125
724	20.068435668945312
725	20.14387321472168
726	20.062957763671875
727	19.634109497070312
728	19.839797973632812
729	19.753576278686523
730	19.86857795715332
731	19.712608337402344
732	19.84055519104004
733	19.344873428344727
734	20.083528518676758
735	19.947250366210938
736	19.83403968811035
737	19.82854461669922
738	19.699817657470703
739	19.745153427124023
740	19.828269958496094
741	19.567012786865234
742	19.582002639770508
743	19.50399398803711
744	19.9337215423584
745	19.749378204345703
746	19.698104858398438
747	19.5684814453125
748	19.629291534423828
749	19.611711502075195
750	19.43954086303711
751	19.470338821411133
752	19.65983772277832
753	19.500951766967773
754	19.664073944091797
755	19.796035766601562
756	19.756122589111328
757	19.675106048583984
758	19.922094345092773
759	19.754314422607422
760	19.48788833618164
761	19.46172332763672
762	19.654430389404297
763	19.69362449645996
764	19.55872917175293
765	19.603553771972656
766	19.504186630249023
767	19.666149139404297
768	19.41238784790039
769	19.48562240600586
770	19.504371643066406
771	19.569965362548828
772	19.498014450073242
773	19.522113800048828
774	19.603897094726562
775	19.638134002685547
776	19.58383560180664
777	19.443574905395508
778	19.46918487548828
779	19.386274337768555
780	19.503368377685547
781	19.68844223022461
782	19.515052795410156
783	19.80023956298828
784	19.79615592956543
785	19.651771545410156
786	19.48845863342285
787	19.285043716430664
788	19.368770599365234
789	19.503992080688477
790	19.6727237701416
791	19.578460693359375
792	19.44454574584961
793	19.302261352539062
794	19.403118133544922
795	19.378637313842773
796	19.230228424072266
797	19.221715927124023
798	19.178255081176758
799	19.53352928161621
800	19.30739974975586
801	19.28145980834961
802	19.477521896362305
803	19.231430053710938
804	19.28506088256836
805	19.081520080566406
806	19.16796875
807	19.410320281982422
808	19.53313636779785
809	19.040977478027344
810	19.324228286743164
811	19.141067504882812
812	18.9801025390625
813	19.017274856567383
814	19.04850196838379
815	19.22606086730957
816	19.13712501525879
817	19.06696319580078
818	19.113121032714844
819	19.1822566986084
820	19.072406768798828
821	19.141977310180664
822	19.098360061645508
823	19.144868850708008
824	19.17512321472168
825	19.009828567504883
826	18.881938934326172
827	19.029878616333008
828	19.327407836914062
829	18.973262786865234
830	19.29844856262207
831	18.96653175354004
832	19.180152893066406
833	19.233983993530273
834	19.10843276977539
835	19.1873779296875
836	19.02617645263672
837	18.92552947998047
838	19.17569351196289
839	19.103883743286133
840	18.928071975708008
841	19.10967445373535
842	18.953683853149414
843	19.082897186279297
844	18.679750442504883
845	18.969377517700195
846	18.903688430786133
847	18.993606567382812
848	19.07332420349121
849	19.02536392211914
850	19.05590057373047
851	19.154491424560547
852	19.063417434692383
853	18.993003845214844
854	19.07093620300293
855	18.905967712402344
856	19.02475357055664
857	19.221540451049805
858	18.980636596679688
859	18.733142852783203
860	18.9138126373291
861	18.97080421447754
862	18.74686622619629
863	18.59657859802246
864	18.876953125
865	19.196996688842773
866	18.8449649810791
867	19.038047790527344
868	18.864599227905273
869	18.915739059448242
870	18.82876968383789
871	19.230161666870117
872	18.95794105529785
873	18.8996524810791
874	18.858383178710938
875	18.991384506225586
876	18.972267150878906
877	18.804025650024414
878	18.86927032470703
879	18.897546768188477
880	18.70205307006836
881	18.844104766845703
882	18.78557014465332
883	18.694650650024414
884	18.996662139892578
885	18.842355728149414
886	18.939207077026367
887	18.777149200439453
888	18.92475700378418
889	18.985214233398438
890	18.819976806640625
891	18.7375431060791
892	18.701614379882812
893	18.877941131591797
894	18.8071346282959
895	18.768272399902344
896	18.880403518676758
897	19.070314407348633
898	18.78673553466797
899	18.871612548828125
900	18.721214294433594
901	18.694910049438477
902	18.502714157104492
903	18.54273223876953
904	18.94483184814453
905	18.831602096557617
906	18.584545135498047
907	18.814781188964844
908	18.801218032836914
909	18.942941665649414
910	18.810955047607422
911	18.783689498901367
912	18.48414421081543
913	18.396060943603516
914	18.81161880493164
915	18.786890029907227
916	18.647348403930664
917	18.39043426513672
918	18.716583251953125
919	18.957319259643555
920	18.71704864501953
921	18.638927459716797
922	18.76561164855957
923	18.47596549987793
924	18.57695770263672
925	18.65899085998535
926	18.553701400756836
927	18.56743621826172
928	18.58477020263672
929	18.833385467529297
930	18.480825424194336
931	18.801679611206055
932	18.561132431030273
933	18.7467098236084
934	18.467548370361328
935	18.720623016357422
936	18.67116355895996
937	18.639131546020508
938	18.831560134887695
939	18.520673751831055
940	18.579036712646484
941	18.5892333984375
942	18.555082321166992
943	18.479799270629883
944	18.298986434936523
945	18.701475143432617
946	18.617164611816406
947	18.528528213500977
948	18.70525550842285
949	18.661550521850586
950	18.53912353515625
951	18.548830032348633
952	18.548948287963867
953	18.41153335571289
954	18.752595901489258
955	18.65346336364746
956	18.80116081237793
957	18.47975730895996
958	18.549274444580078
959	18.42323875427246
960	18.581745147705078
961	18.641353607177734
962	18.52468490600586
963	18.607637405395508
964	18.22053337097168
965	18.597206115722656
966	18.5206298828125
967	18.60723114013672
968	18.48607635498047
969	18.27322769165039
970	18.769527435302734
971	18.507789611816406
972	18.45451545715332
973	18.543176651000977
974	18.555267333984375
975	18.42158317565918
976	18.760292053222656
977	18.592342376708984
978	18.560808181762695
979	18.333925247192383
980	18.45799446105957
981	18.44844627380371
982	18.299896240234375
983	18.279172897338867
984	18.37297248840332
985	18.372039794921875
986	18.47291374206543
987	18.15279197692871
988	18.2331600189209
989	18.49827003479004
990	18.50395965576172
991	18.49881935119629
992	18.31009864807129
993	18.25943374633789
994	18.548809051513672
995	18.309343338012695
996	18.476625442504883
997	18.366079330444336
998	18.397769927978516
999	18.433916091918945
1000	18.495813369750977
1001	18.503189086914062
1002	18.229867935180664
1003	18.40138053894043
1004	18.34630012512207
1005	18.402788162231445
1006	18.289657592773438
1007	18.759815216064453
1008	18.44675636291504
1009	18.533912658691406
1010	18.285247802734375
1011	18.24895477294922
1012	18.04854393005371
1013	18.4766902923584
1014	18.430004119873047
1015	18.557584762573242
1016	18.510963439941406
1017	18.403717041015625
1018	18.54570770263672
1019	18.180862426757812
1020	18.2573184967041
1021	18.279891967773438
1022	18.310043334960938
1023	18.22683334350586
1024	18.530033111572266
1025	18.283981323242188
1026	18.550371170043945
1027	18.371212005615234
1028	18.314067840576172
1029	18.292884826660156
1030	18.240768432617188
1031	18.139842987060547
1032	18.65886116027832
1033	18.45378303527832
1034	18.170406341552734
1035	18.468963623046875
1036	18.351394653320312
1037	18.43802261352539
1038	18.27442169189453
1039	18.215436935424805
1040	18.10457420349121
1041	18.29511070251465
1042	18.129751205444336
1043	18.40937042236328
1044	18.237443923950195
1045	18.34174346923828
1046	18.365337371826172
1047	18.16586685180664
1048	18.165725708007812
1049	18.31882667541504
1050	18.08058738708496
1051	18.244539260864258
1052	18.09075164794922
1053	17.979475021362305
1054	18.351383209228516
1055	18.306867599487305
1056	18.081342697143555
1057	18.48392677307129
1058	18.301969528198242
1059	18.27052879333496
1060	18.319129943847656
1061	18.38618278503418
1062	18.374265670776367
1063	18.28640365600586
1064	18.02911376953125
1065	17.951204299926758
1066	18.21693229675293
1067	18.09918785095215
1068	18.31114959716797
1069	18.110519409179688
1070	18.403797149658203
1071	17.903228759765625
1072	17.937955856323242
1073	18.24238395690918
1074	18.37451171875
1075	18.102697372436523
1076	18.24758529663086
1077	18.223949432373047
1078	18.195049285888672
1079	18.04412078857422
1080	18.530166625976562
1081	18.335744857788086
1082	18.578306198120117
1083	18.20979881286621
1084	18.32668113708496
1085	18.488250732421875
1086	18.29283905029297
1087	17.944766998291016
1088	18.157888412475586
1089	18.09398651123047
1090	18.30019187927246
1091	18.24740982055664
1092	18.416671752929688
1093	18.494199752807617
1094	17.86833381652832
1095	18.364042282104492
1096	18.232189178466797
1097	18.04392433166504
1098	17.90924072265625
1099	18.018943786621094
1100	18.251493453979492
1101	18.078367233276367
1102	18.032320022583008
1103	18.309282302856445
1104	17.984004974365234
1105	18.11046028137207
1106	17.938432693481445
1107	17.959686279296875
1108	18.214799880981445
1109	18.13641929626465
1110	18.167831420898438
1111	18.268491744995117
1112	18.084444046020508
1113	17.96379852294922
1114	18.067501068115234
1115	18.4220027923584
1116	18.145339965820312
1117	18.167219161987305
1118	18.073204040527344
1119	18.18767738342285
1120	18.150394439697266
1121	17.907114028930664
1122	17.907663345336914
1123	18.233169555664062
1124	18.286922454833984
1125	18.167518615722656
1126	18.017505645751953
1127	18.082529067993164
1128	18.14139175415039
1129	18.351564407348633
1130	17.962230682373047
1131	18.060302734375
1132	18.091421127319336
1133	17.954755783081055
1134	17.714759826660156
1135	18.147523880004883
1136	18.017457962036133
1137	18.268320083618164
1138	18.050241470336914
1139	18.22492027282715
1140	18.243288040161133
1141	18.021114349365234
1142	18.029708862304688
1143	17.992530822753906
1144	18.0474853515625
1145	17.98676300048828
1146	18.029279708862305
1147	18.29682159423828
1148	18.129684448242188
1149	18.47109603881836
1150	17.823375701904297
1151	18.21856117248535
1152	18.092884063720703
1153	18.025781631469727
1154	18.102338790893555
1155	18.00774383544922
1156	18.133548736572266
1157	18.101593017578125
1158	18.13943862915039
1159	18.340848922729492
1160	17.95355987548828
1161	17.951683044433594
1162	17.979007720947266
1163	17.9525203704834
1164	18.037683486938477
1165	18.08322525024414
1166	18.330867767333984
1167	17.88629150390625
1168	17.86562728881836
1169	18.066404342651367
1170	18.31581687927246
1171	18.009490966796875
1172	18.136978149414062
1173	18.235639572143555
1174	18.152877807617188
1175	18.293230056762695
1176	18.18048095703125
1177	18.241130828857422
1178	17.8890323638916
1179	18.29905128479004
1180	18.147621154785156
1181	17.837200164794922
1182	17.831565856933594
1183	18.217580795288086
1184	18.131725311279297
1185	18.242687225341797
1186	18.180747985839844
1187	17.909343719482422
1188	18.136962890625
1189	18.223604202270508
1190	18.088111877441406
1191	17.930448532104492
1192	18.037982940673828
1193	17.989225387573242
1194	18.262800216674805
1195	17.945411682128906
1196	18.081979751586914
1197	17.635812759399414
1198	18.122488021850586
1199	18.095888137817383
1200	17.978925704956055
1201	17.967836380004883
1202	18.00960922241211
1203	18.058704376220703
1204	17.73981285095215
1205	17.989652633666992
1206	18.087284088134766
1207	18.150331497192383
1208	18.278478622436523
1209	17.94046401977539
1210	18.277456283569336
1211	17.946401596069336
1212	18.083358764648438
1213	17.98333168029785
1214	18.03076934814453
1215	17.89906120300293
1216	18.17186737060547
1217	17.737863540649414
1218	18.00220489501953
1219	18.213573455810547
1220	17.814422607421875
1221	17.83652114868164
1222	17.79999542236328
1223	17.981184005737305
1224	17.969396591186523
1225	18.122173309326172
1226	18.045204162597656
1227	18.166934967041016
1228	18.08296012878418
1229	17.908254623413086
1230	18.150678634643555
1231	17.856714248657227
1232	18.078006744384766
1233	18.09964370727539
1234	18.156848907470703
1235	17.96697425842285
1236	18.250335693359375
1237	17.992338180541992
1238	18.311857223510742
1239	18.119932174682617
1240	18.011947631835938
1241	18.061847686767578
1242	18.181734085083008
1243	17.9211483001709
1244	17.892578125
1245	18.331430435180664
1246	17.886781692504883
1247	17.847095489501953
1248	18.076444625854492
1249	17.920494079589844
1250	18.114219665527344
1251	18.066720962524414
1252	18.151004791259766
1253	18.039873123168945
1254	18.056791305541992
1255	17.817171096801758
1256	17.860946655273438
1257	17.984872817993164
1258	17.656808853149414
1259	17.96611213684082
1260	17.91832160949707
1261	18.130264282226562
1262	18.367198944091797
1263	17.859039306640625
1264	18.06955909729004
1265	18.04172134399414
1266	17.950397491455078
1267	18.020645141601562
1268	17.776226043701172
1269	18.02458953857422
1270	18.070587158203125
1271	17.984237670898438
1272	18.082780838012695
1273	18.054485321044922
1274	17.737722396850586
1275	18.08894157409668
1276	17.904510498046875
1277	17.88880729675293
1278	18.025043487548828
1279	17.872257232666016
1280	18.055160522460938
1281	18.224876403808594
1282	18.01616668701172
1283	18.09918975830078
1284	18.060123443603516
1285	18.083335876464844
1286	17.958921432495117
1287	18.011180877685547
1288	18.020721435546875
1289	18.064212799072266
1290	17.964622497558594
1291	17.933307647705078
1292	17.927946090698242
1293	17.966550827026367
1294	17.89638900756836
1295	17.93648338317871
1296	18.120500564575195
1297	17.87432861328125
1298	18.098201751708984
1299	17.88964080810547
1300	18.09742546081543
1301	17.97283172607422
1302	18.253616333007812
1303	18.056814193725586
1304	18.067190170288086
1305	18.246030807495117
1306	18.05739402770996
1307	18.07347869873047
1308	18.059553146362305
1309	18.09636116027832
1310	18.031566619873047
1311	18.20155143737793
1312	17.706298828125
1313	17.851348876953125
1314	17.89010238647461
1315	18.094406127929688
1316	18.228879928588867
1317	17.8155517578125
1318	17.90656852722168
1319	18.06914520263672
1320	17.960491180419922
1321	18.126699447631836
1322	18.023635864257812
1323	18.099483489990234
1324	18.001041412353516
1325	18.190357208251953
1326	18.153549194335938
1327	18.060819625854492
1328	17.769515991210938
1329	18.010251998901367
1330	18.024877548217773
1331	17.957202911376953
1332	17.826969146728516
1333	17.957489013671875
1334	18.050151824951172
1335	18.25029182434082
1336	17.828094482421875
1337	17.8582763671875
1338	17.996919631958008
1339	17.841617584228516
1340	17.895648956298828
1341	17.914915084838867
1342	17.774438858032227
1343	18.048324584960938
1344	18.00824546813965
1345	17.867267608642578
1346	18.004356384277344
1347	18.03638458251953
1348	17.932058334350586
1349	17.948518753051758
1350	18.04631805419922
1351	18.255096435546875
1352	18.230539321899414
1353	17.819852828979492
1354	17.92525863647461
1355	18.035419464111328
1356	17.86150360107422
1357	17.82069969177246
1358	17.883899688720703
1359	18.25078773498535
1360	17.8199520111084
1361	17.93918800354004
1362	17.891523361206055
1363	17.774276733398438
1364	18.117246627807617
1365	17.809223175048828
1366	18.165958404541016
1367	18.041563034057617
1368	18.083499908447266
1369	17.815181732177734
1370	17.96697998046875
1371	18.226051330566406
1372	17.579587936401367
1373	17.829553604125977
1374	17.794767379760742
1375	18.003896713256836
1376	18.043350219726562
1377	18.038341522216797
1378	18.01137351989746
1379	18.007442474365234
1380	17.914710998535156
1381	17.89383888244629
1382	17.8095703125
1383	17.921527862548828
1384	18.006750106811523
1385	18.126802444458008
1386	17.897605895996094
1387	18.205339431762695
1388	18.08672332763672
1389	17.707366943359375
1390	18.022480010986328
1391	18.021486282348633
1392	18.088306427001953
1393	18.212791442871094
1394	17.969284057617188
1395	17.927698135375977
1396	17.94064712524414
1397	17.95086669921875
1398	18.064807891845703
1399	17.767976760864258
1400	17.801895141601562
1401	18.059017181396484
1402	18.244964599609375
1403	17.70654296875
1404	18.13636016845703
1405	18.036466598510742
1406	17.7443790435791
1407	17.755157470703125
1408	18.15856170654297
1409	18.044816970825195
1410	18.03373908996582
1411	18.23604393005371
1412	17.914724349975586
1413	18.039932250976562
1414	17.898195266723633
1415	17.724916458129883
1416	17.99761390686035
1417	18.021936416625977
1418	18.11993408203125
1419	17.85660743713379
1420	17.966489791870117
1421	17.6174373626709
1422	18.15223503112793
1423	17.90660285949707
1424	17.804468154907227
1425	17.89915657043457
1426	18.060792922973633
1427	17.774110794067383
1428	17.814956665039062
1429	18.064491271972656
1430	18.176759719848633
1431	18.068992614746094
1432	17.955820083618164
1433	17.97977066040039
1434	17.729799270629883
1435	17.92928695678711
1436	17.918975830078125
1437	17.826675415039062
1438	17.727012634277344
1439	17.832841873168945
1440	17.93541717529297
1441	18.005056381225586
1442	17.900672912597656
1443	17.883258819580078
1444	17.73857307434082
1445	17.858198165893555
1446	17.932466506958008
1447	18.168407440185547
1448	17.82707405090332
1449	17.78679656982422
1450	18.14097023010254
1451	17.876224517822266
1452	18.014989852905273
1453	17.773347854614258
1454	17.811311721801758
1455	17.9467716217041
1456	18.003419876098633
1457	17.80537223815918
1458	17.954458236694336
1459	17.90872573852539
1460	17.73688316345215
1461	17.76820182800293
1462	17.89592933654785
1463	18.154136657714844
1464	17.99173927307129
1465	17.877836227416992
1466	17.90448760986328
1467	18.036033630371094
1468	17.71788787841797
1469	17.903839111328125
1470	17.64546775817871
1471	17.98585319519043
1472	17.787094116210938
1473	18.081039428710938
1474	17.696014404296875
1475	18.162845611572266
1476	17.823394775390625
1477	18.027555465698242
1478	18.03415298461914
1479	18.021921157836914
1480	18.21947479248047
1481	17.902238845825195
1482	18.02004051208496
1483	18.061275482177734
1484	18.07219886779785
1485	17.89753532409668
1486	18.168949127197266
1487	17.86594581604004
1488	18.061241149902344
1489	18.07373809814453
1490	17.84261703491211
1491	18.09144401550293
1492	17.834367752075195
1493	17.82236099243164
1494	17.827367782592773
1495	17.8977108001709
1496	18.01718521118164
1497	18.15618896484375
1498	17.867809295654297
1499	17.952106475830078
1500	17.774036407470703
1501	17.839073181152344
1502	18.04604721069336
1503	17.88711929321289
1504	17.98642921447754
1505	17.934568405151367
1506	17.977994918823242
1507	18.066940307617188
1508	17.829673767089844
1509	17.906137466430664
1510	17.8953800201416
1511	17.96078109741211
1512	18.171913146972656
1513	17.900665283203125
1514	17.838117599487305
1515	17.96633529663086
1516	18.10638427734375
1517	18.006534576416016
1518	17.8909969329834
1519	17.831926345825195
1520	18.004865646362305
1521	17.9576473236084
1522	17.96969223022461
1523	18.028118133544922
1524	17.917753219604492
1525	17.728897094726562
1526	17.80359649658203
1527	17.86138343811035
1528	18.084228515625
1529	17.88810157775879
1530	17.811813354492188
1531	17.957632064819336
1532	18.02648162841797
1533	18.09521484375
1534	17.878297805786133
1535	18.233945846557617
1536	18.07777214050293
1537	17.985780715942383
1538	17.691125869750977
1539	18.093297958374023
1540	18.00899887084961
1541	17.822650909423828
1542	17.878116607666016
1543	17.965110778808594
1544	17.8109188079834
1545	17.938833236694336
1546	17.529817581176758
1547	17.900283813476562
1548	18.1187686920166
1549	17.934324264526367
1550	18.387535095214844
1551	17.987760543823242
1552	17.70849609375
1553	17.98439598083496
1554	17.90979766845703
1555	17.771533966064453
1556	18.037551879882812
1557	18.06678009033203
1558	18.160816192626953
1559	17.759000778198242
1560	18.080894470214844
1561	17.80448341369629
1562	18.017559051513672
1563	17.91185188293457
1564	17.726966857910156
1565	18.04583168029785
1566	17.837430953979492
1567	17.918132781982422
1568	17.894512176513672
1569	17.921798706054688
1570	17.878170013427734
1571	18.073976516723633
1572	18.035402297973633
1573	18.07805633544922
1574	17.846240997314453
1575	17.999656677246094
1576	17.877201080322266
1577	18.089990615844727
1578	17.87087059020996
1579	17.786029815673828
1580	17.987808227539062
1581	18.134912490844727
1582	17.88041114807129
1583	17.85944366455078
1584	17.551427841186523
1585	18.12592124938965
1586	18.0346622467041
1587	17.546470642089844
1588	18.125530242919922
1589	17.77569580078125
1590	18.263320922851562
1591	17.85294532775879
1592	18.226001739501953
1593	17.96274757385254
1594	18.05771827697754
1595	18.17295265197754
1596	17.96638298034668
1597	18.102519989013672
1598	17.760574340820312
1599	18.123979568481445
1600	18.21007537841797
1601	17.792156219482422
1602	17.965190887451172
1603	18.047786712646484
1604	17.862817764282227
1605	18.003522872924805
1606	18.124473571777344
1607	18.04949378967285
1608	17.928075790405273
1609	17.933794021606445
1610	18.064437866210938
1611	17.67673110961914
1612	18.022546768188477
1613	17.763038635253906
1614	17.681333541870117
1615	18.299291610717773
1616	18.0155029296875
1617	17.81557846069336
1618	17.90684700012207
1619	18.033863067626953
1620	17.899871826171875
1621	17.8448543548584
1622	18.040969848632812
1623	17.95656967163086
1624	17.921977996826172
1625	17.949066162109375
1626	17.778717041015625
1627	17.981874465942383
1628	18.119783401489258
1629	17.748245239257812
1630	17.7785587310791
1631	17.994394302368164
1632	17.90397834777832
1633	18.00338363647461
1634	17.649856567382812
1635	18.085981369018555
1636	18.065942764282227
1637	18.04617691040039
1638	17.773950576782227
1639	18.06765365600586
1640	17.957170486450195
1641	17.88303565979004
1642	17.791431427001953
1643	17.841846466064453
1644	17.80921745300293
1645	18.08989715576172
1646	17.65276527404785
1647	17.991390228271484
1648	17.78267478942871
1649	18.028287887573242
1650	18.07407569885254
1651	18.055986404418945
1652	17.826557159423828
1653	17.899442672729492
1654	18.218994140625
1655	17.779891967773438
1656	17.930566787719727
1657	17.966201782226562
1658	17.80109214782715
1659	17.762428283691406
1660	17.92188835144043
1661	17.872037887573242
1662	18.163005828857422
1663	17.86609649658203
1664	17.86115074157715
1665	17.854265213012695
1666	17.655654907226562
1667	18.240888595581055
1668	17.882951736450195
1669	17.988567352294922
1670	17.981124877929688
1671	17.943561553955078
1672	17.85252571105957
1673	17.963380813598633
1674	17.9556941986084
1675	18.13283348083496
1676	17.955852508544922
1677	17.879323959350586
1678	17.777494430541992
1679	17.972810745239258
1680	17.96272850036621
1681	17.9005184173584
1682	17.762413024902344
1683	17.93109130859375
1684	18.00312042236328
1685	18.13212776184082
1686	17.805105209350586
1687	18.29291534423828
1688	17.85735321044922
1689	17.653032302856445
1690	18.041105270385742
1691	18.065479278564453
1692	18.036237716674805
1693	17.984291076660156
1694	17.960102081298828
1695	17.853260040283203
1696	17.682327270507812
1697	18.15288543701172
1698	17.726795196533203
1699	17.850130081176758
1700	17.795625686645508
1701	18.14626693725586
1702	17.834022521972656
1703	17.78050994873047
1704	17.982736587524414
1705	17.81128692626953
1706	18.175289154052734
1707	17.852327346801758
1708	18.21879768371582
1709	17.901859283447266
1710	17.6788330078125
1711	17.960128784179688
1712	17.973102569580078
1713	18.004167556762695
1714	18.070053100585938
1715	17.641347885131836
1716	18.042221069335938
1717	17.750978469848633
1718	17.937681198120117
1719	18.114437103271484
1720	17.919837951660156
1721	17.7847843170166
1722	18.188861846923828
1723	17.869884490966797
1724	17.836084365844727
1725	17.69655418395996
1726	18.09442138671875
1727	17.876466751098633
1728	17.804447174072266
1729	17.988862991333008
1730	17.763782501220703
1731	18.0064640045166
1732	17.979461669921875
1733	17.93358612060547
1734	18.206024169921875
1735	17.99846649169922
1736	17.942626953125
1737	18.032854080200195
1738	17.600189208984375
1739	17.82546043395996
1740	17.970718383789062
1741	18.000694274902344
1742	17.818838119506836
1743	17.687192916870117
1744	17.975557327270508
1745	17.86522102355957
1746	18.026700973510742
1747	17.876333236694336
1748	17.916257858276367
1749	18.08330726623535
1750	17.79400634765625
1751	17.885732650756836
1752	17.818098068237305
1753	18.038663864135742
1754	17.978593826293945
1755	17.605392456054688
1756	18.217252731323242
1757	17.75505828857422
1758	17.853580474853516
1759	17.672149658203125
1760	18.05927848815918
1761	18.064172744750977
1762	17.917572021484375
1763	17.979705810546875
1764	18.062898635864258
1765	17.776527404785156
1766	17.92742347717285
1767	17.878826141357422
1768	17.9384822845459
1769	18.037561416625977
1770	17.918916702270508
1771	17.578338623046875
1772	17.829862594604492
1773	17.953813552856445
1774	18.029298782348633
1775	17.67357635498047
1776	17.9526424407959
1777	17.799591064453125
1778	18.065778732299805
1779	17.98651123046875
1780	17.810714721679688
1781	17.687164306640625
1782	17.96368408203125
1783	17.959821701049805
1784	17.789134979248047
1785	17.803070068359375
1786	17.659072875976562
1787	18.157005310058594
1788	18.11310577392578
1789	17.89694595336914
1790	18.08453369140625
1791	17.887516021728516
1792	18.029525756835938
1793	17.93276023864746
1794	17.98264503479004
1795	17.66297149658203
1796	17.96977996826172
1797	17.738609313964844
1798	18.026126861572266
1799	17.914052963256836
1800	17.990623474121094
1801	17.922985076904297
1802	17.795448303222656
1803	18.09945297241211
1804	18.117403030395508
1805	18.003854751586914
1806	17.863365173339844
1807	17.797290802001953
1808	17.99974250793457
1809	17.911550521850586
1810	17.872905731201172
1811	18.07098388671875
1812	17.7978515625
1813	17.858366012573242
1814	17.81990623474121
1815	17.721004486083984
1816	17.90213966369629
1817	17.942785263061523
1818	17.794658660888672
1819	18.014734268188477
1820	17.834657669067383
1821	17.97985076904297
1822	18.18409538269043
1823	18.050762176513672
1824	17.833627700805664
1825	17.857593536376953
1826	17.856504440307617
1827	17.921541213989258
1828	17.991872787475586
1829	18.001070022583008
1830	18.005033493041992
1831	17.887296676635742
1832	17.771821975708008
1833	17.88618278503418
1834	17.815107345581055
1835	18.05232810974121
1836	18.091049194335938
1837	18.015064239501953
1838	17.979625701904297
1839	17.925853729248047
1840	18.17005157470703
1841	18.0328426361084
1842	17.92978858947754
1843	17.966812133789062
1844	17.95492172241211
1845	17.74749755859375
1846	17.637691497802734
1847	17.775279998779297
1848	17.93558692932129
1849	17.943456649780273
1850	18.025510787963867
1851	17.887222290039062
1852	17.733871459960938
1853	17.993791580200195
1854	17.842185974121094
1855	18.045642852783203
1856	17.86925506591797
1857	17.82577896118164
1858	17.877103805541992
1859	18.021371841430664
1860	17.93657875061035
1861	18.086383819580078
1862	17.70985221862793
1863	17.731346130371094
1864	17.853670120239258
1865	18.03241729736328
1866	17.95451545715332
1867	18.201805114746094
1868	17.966896057128906
1869	17.946731567382812
1870	18.065420150756836
1871	18.037111282348633
1872	18.14335060119629
1873	17.846328735351562
1874	17.9949893951416
1875	18.09890365600586
1876	17.904314041137695
1877	17.984783172607422
1878	18.10484504699707
1879	17.65593719482422
1880	18.092130661010742
1881	17.997501373291016
1882	17.890512466430664
1883	17.947450637817383
1884	17.80748176574707
1885	17.852834701538086
1886	17.765596389770508
1887	17.85375213623047
1888	17.950008392333984
1889	18.00458335876465
1890	17.719451904296875
1891	17.65007209777832
1892	18.051502227783203
1893	18.014169692993164
1894	17.901512145996094
1895	17.7216796875
1896	17.936111450195312
1897	17.77345848083496
1898	18.166292190551758
1899	17.94928550720215
1900	17.91279411315918
1901	17.861709594726562
1902	17.86094856262207
1903	18.006755828857422
1904	17.98932456970215
1905	17.848140716552734
1906	18.132888793945312
1907	17.952022552490234
1908	17.86069107055664
1909	18.08583641052246
1910	17.96846580505371
1911	17.57431983947754
1912	18.247846603393555
1913	17.967689514160156
1914	18.11855697631836
1915	18.138442993164062
1916	17.895706176757812
1917	17.9804744720459
1918	18.17261505126953
1919	17.742212295532227
1920	17.764026641845703
1921	17.91583824157715
1922	18.131967544555664
1923	17.897363662719727
1924	17.84232521057129
1925	17.961069107055664
1926	18.058574676513672
1927	17.969867706298828
1928	18.15361785888672
1929	18.168914794921875
1930	17.829448699951172
1931	18.05083465576172
1932	18.028419494628906
1933	18.106109619140625
1934	17.873037338256836
1935	18.040267944335938
1936	17.899328231811523
1937	18.066667556762695
1938	18.015806198120117
1939	18.171720504760742
1940	18.1358585357666
1941	17.792512893676758
1942	17.870647430419922
1943	18.00369644165039
1944	18.0560302734375
1945	18.14507293701172
1946	17.942258834838867
1947	17.933298110961914
1948	17.817625045776367
1949	18.0300350189209
1950	17.792024612426758
1951	17.98710060119629
1952	17.846418380737305
1953	18.04060935974121
1954	17.926870346069336
1955	17.920961380004883
1956	18.08824348449707
1957	18.28659439086914
1958	17.94074058532715
1959	17.837879180908203
1960	18.02022933959961
1961	17.833778381347656
1962	17.750865936279297
1963	17.943208694458008
1964	17.94451141357422
1965	17.97057342529297
1966	17.985130310058594
1967	18.01700210571289
1968	17.979236602783203
1969	17.954809188842773
1970	18.02773666381836
1971	17.90960121154785
1972	17.897174835205078
1973	17.787858963012695
1974	17.90275764465332
1975	17.858808517456055
1976	18.1044921875
1977	18.060134887695312
1978	18.1324462890625
1979	17.89175796508789
1980	17.917591094970703
1981	17.90561866760254
1982	17.87421417236328
1983	17.816194534301758
1984	18.05363655090332
1985	18.02532386779785
1986	17.99744987487793
1987	17.61408805847168
1988	17.996381759643555
1989	17.959938049316406
1990	17.768020629882812
1991	17.82840919494629
1992	18.148422241210938
1993	17.98524284362793
1994	18.236970901489258
1995	17.850692749023438
1996	18.101699829101562
1997	17.662580490112305
1998	17.990413665771484
1999	17.731340408325195
2000	17.712514877319336
2001	17.887800216674805
2002	17.780153274536133
2003	17.80660057067871
2004	17.961814880371094
2005	17.814544677734375
2006	17.952442169189453
2007	17.992286682128906
2008	17.945539474487305
2009	17.93268394470215
2010	18.074703216552734
2011	18.009674072265625
2012	18.062210083007812
2013	17.764484405517578
2014	17.912403106689453
2015	17.947254180908203
2016	18.17003059387207
2017	18.257286071777344
2018	17.581880569458008
2019	17.890064239501953
2020	17.808317184448242
2021	17.924692153930664
2022	17.936450958251953
2023	17.891979217529297
2024	17.613365173339844
2025	18.044921875
2026	17.88458824157715
2027	18.18999671936035
2028	17.947154998779297
2029	17.78994369506836
2030	17.94059181213379
2031	18.122953414916992
2032	18.05414581298828
2033	17.997291564941406
2034	17.903274536132812
2035	17.920381546020508
2036	17.88319969177246
2037	17.91466522216797
2038	18.160152435302734
2039	17.800291061401367
2040	17.684886932373047
2041	18.165742874145508
2042	18.166664123535156
2043	17.863096237182617
2044	18.003576278686523
2045	18.192068099975586
2046	17.773296356201172
2047	18.108238220214844
2048	17.823204040527344
2049	17.909616470336914
2050	18.017873764038086
2051	17.809213638305664
2052	17.765199661254883
2053	17.941198348999023
2054	17.911638259887695
2055	17.820171356201172
2056	17.855945587158203
2057	17.699344635009766
2058	17.990612030029297
2059	17.891080856323242
2060	18.070770263671875
2061	17.843490600585938
2062	17.925151824951172
2063	17.771448135375977
2064	17.87792205810547
2065	18.06637191772461
2066	17.730215072631836
2067	17.944547653198242
2068	17.937519073486328
2069	17.88564682006836
2070	17.850406646728516
2071	18.151554107666016
2072	17.96491050720215
2073	17.795969009399414
2074	17.982254028320312
2075	17.934789657592773
2076	17.94336700439453
2077	18.272968292236328
2078	17.84697151184082
2079	18.028345108032227
2080	17.856082916259766
2081	18.015907287597656
2082	18.064220428466797
2083	17.75840187072754
2084	18.020349502563477
2085	18.008182525634766
2086	18.242950439453125
2087	17.975305557250977
2088	17.87700843811035
2089	18.00332260131836
2090	17.817626953125
2091	17.93524742126465
2092	17.95310401916504
2093	17.919519424438477
2094	17.98945426940918
2095	17.746238708496094
2096	17.815637588500977
2097	17.98113250732422
2098	17.750473022460938
2099	17.938081741333008
2100	17.759052276611328
2101	17.950212478637695
2102	17.904293060302734
2103	17.805057525634766
2104	18.068845748901367
2105	17.954553604125977
2106	17.920764923095703
2107	17.8643798828125
2108	17.660552978515625
2109	17.988676071166992
2110	17.966466903686523
2111	17.92366600036621
2112	17.884811401367188
2113	17.838735580444336
2114	17.74350929260254
2115	17.81182289123535
2116	17.94303321838379
2117	17.84416389465332
2118	17.779191970825195
2119	18.03447914123535
2120	18.020179748535156
2121	17.841514587402344
2122	17.887313842773438
2123	17.897396087646484
2124	17.901947021484375
2125	17.81500244140625
2126	17.88833236694336
2127	17.830020904541016
2128	17.82029151916504
2129	18.048606872558594
2130	17.926084518432617
2131	17.858720779418945
2132	17.811216354370117
2133	17.906234741210938
2134	18.14561653137207
2135	17.792190551757812
2136	17.922840118408203
2137	17.704326629638672
2138	17.800596237182617
2139	17.875465393066406
2140	18.037233352661133
2141	17.75067710876465
2142	17.885995864868164
2143	17.999454498291016
2144	17.955913543701172
2145	18.029088973999023
2146	18.124906539916992
2147	18.001426696777344
2148	17.96431541442871
2149	17.868940353393555
2150	18.05345916748047
2151	17.895978927612305
2152	17.75701141357422
2153	17.84056282043457
2154	17.953163146972656
2155	17.975189208984375
2156	17.995500564575195
2157	18.204484939575195
2158	18.177221298217773
2159	17.674236297607422
2160	17.969411849975586
2161	18.04840087890625
2162	17.846437454223633
2163	17.86176872253418
2164	17.957393646240234
2165	17.84938621520996
2166	17.74688148498535
2167	18.10588836669922
2168	17.901369094848633
2169	18.04693031311035
2170	18.042938232421875
2171	17.73099136352539
2172	17.900606155395508
2173	17.864194869995117
2174	18.05544090270996
2175	18.030681610107422
2176	17.813404083251953
2177	17.669063568115234
2178	18.011329650878906
2179	17.996826171875
2180	17.75594711303711
2181	17.83066749572754
2182	17.83016586303711
2183	17.88344383239746
2184	17.901769638061523
2185	17.72623634338379
2186	17.79008674621582
2187	18.09296417236328
2188	17.593400955200195
2189	17.931053161621094
2190	17.82981300354004
2191	17.965837478637695
2192	17.87368392944336
2193	17.879358291625977
2194	17.888065338134766
2195	17.893733978271484
2196	17.967132568359375
2197	17.742982864379883
2198	17.867177963256836
2199	17.88374137878418
2200	17.752012252807617
2201	18.048460006713867
2202	18.058889389038086
2203	18.001129150390625
2204	17.974477767944336
2205	17.85523223876953
2206	17.755748748779297
2207	17.879674911499023
2208	18.132614135742188
2209	17.790241241455078
2210	18.004077911376953
2211	17.942581176757812
2212	17.815683364868164
2213	18.00881004333496
2214	18.073026657104492
2215	18.067955017089844
2216	17.791349411010742
2217	18.03961753845215
2218	18.087921142578125
2219	18.047578811645508
2220	17.952869415283203
2221	17.865863800048828
2222	17.98802375793457
2223	18.22768211364746
2224	18.007099151611328
2225	17.97186279296875
2226	17.807106018066406
2227	18.00383949279785
2228	18.035888671875
2229	18.14496421813965
2230	17.79988670349121
2231	17.888460159301758
2232	17.89483642578125
2233	18.01314353942871
2234	18.12807846069336
2235	18.085176467895508
2236	17.934856414794922
2237	17.827545166015625
2238	18.2030029296875
2239	17.932453155517578
2240	17.901277542114258
2241	17.91547393798828
2242	17.878215789794922
2243	17.969406127929688
2244	17.68414878845215
2245	18.221839904785156
2246	17.78098487854004
2247	17.994972229003906
2248	18.184141159057617
2249	17.872018814086914
2250	17.63624382019043
2251	17.889507293701172
2252	18.136350631713867
2253	17.88225555419922
2254	18.04091453552246
2255	18.021074295043945
2256	18.033727645874023
2257	17.837739944458008
2258	17.900493621826172
2259	17.831153869628906
2260	17.99388885498047
2261	17.9083251953125
2262	17.947189331054688
2263	17.959365844726562
2264	18.05170249938965
2265	18.021629333496094
2266	18.215072631835938
2267	18.044477462768555
2268	18.070695877075195
2269	18.017621994018555
2270	17.825603485107422
2271	17.881288528442383
2272	18.035367965698242
2273	17.807628631591797
2274	18.130895614624023
2275	17.905330657958984
2276	17.774673461914062
2277	17.99378776550293
2278	17.644777297973633
2279	18.000804901123047
2280	17.636802673339844
2281	17.959003448486328
2282	17.950796127319336
2283	17.879365921020508
2284	17.921985626220703
2285	17.931652069091797
2286	17.640745162963867
2287	18.119211196899414
2288	17.87870979309082
2289	18.087228775024414
2290	18.013595581054688
2291	17.87950325012207
2292	17.941516876220703
2293	17.807504653930664
2294	18.16389274597168
2295	17.68816375732422
2296	17.798072814941406
2297	18.05413818359375
2298	18.03938865661621
2299	17.907611846923828
2300	17.987213134765625
2301	17.9081974029541
2302	17.926246643066406
2303	18.045421600341797
2304	17.902185440063477
2305	17.659236907958984
2306	18.18365478515625
2307	18.092866897583008
2308	18.02080726623535
2309	17.8478946685791
2310	17.998611450195312
2311	17.9363956451416
2312	17.977100372314453
2313	18.03914451599121
2314	17.621004104614258
2315	17.795461654663086
2316	18.02586555480957
2317	18.108781814575195
2318	17.96744155883789
2319	17.960233688354492
2320	17.580209732055664
2321	17.928081512451172
2322	17.692899703979492
2323	17.789817810058594
2324	18.020490646362305
2325	17.86614418029785
2326	17.938186645507812
2327	17.88958168029785
2328	18.17991065979004
2329	18.009973526000977
2330	18.134225845336914
2331	17.813875198364258
2332	17.832035064697266
2333	17.922870635986328
2334	18.009458541870117
2335	18.157466888427734
2336	17.848024368286133
2337	17.707763671875
2338	17.819793701171875
2339	17.986515045166016
2340	18.0374755859375
2341	17.86447525024414
2342	17.838529586791992
2343	17.999719619750977
2344	18.08738899230957
2345	17.869579315185547
2346	17.837244033813477
2347	17.983091354370117
2348	17.949533462524414
2349	17.950578689575195
2350	18.126428604125977
2351	17.784217834472656
2352	17.694196701049805
2353	17.845870971679688
2354	18.041934967041016
2355	17.89045524597168
2356	17.82880973815918
2357	17.829368591308594
2358	18.103002548217773
2359	17.951740264892578
2360	18.201990127563477
2361	18.07205581665039
2362	17.843873977661133
2363	17.64347267150879
2364	17.92148208618164
2365	18.217397689819336
2366	17.741540908813477
2367	17.77121925354004
2368	17.878889083862305
2369	17.82532501220703
2370	17.94422721862793
2371	18.032258987426758
2372	17.586139678955078
2373	17.92548942565918
2374	18.080942153930664
2375	17.833925247192383
