1	67.2855224609375
2	66.88829803466797
3	66.37542724609375
4	66.08351135253906
5	66.16089630126953
6	65.60860443115234
7	65.77526092529297
8	64.81845092773438
9	64.63056945800781
10	64.30187225341797
11	64.33397674560547
12	63.77311325073242
13	62.768524169921875
14	62.81583786010742
15	62.1514778137207
16	62.881282806396484
17	62.34396743774414
18	60.94205856323242
19	60.85094451904297
20	60.69105529785156
21	59.84839630126953
22	59.54418182373047
23	58.894569396972656
24	58.4091911315918
25	57.70027542114258
26	57.859859466552734
27	57.085296630859375
28	56.614036560058594
29	56.13180923461914
30	55.75825500488281
31	54.897552490234375
32	54.80524826049805
33	53.884368896484375
34	53.17143249511719
35	52.8669319152832
36	52.46775817871094
37	51.80856704711914
38	51.0501594543457
39	50.97806167602539
40	50.31675720214844
41	49.48735809326172
42	49.19990921020508
43	48.471439361572266
44	47.95166015625
45	48.380001068115234
46	47.49000549316406
47	47.227046966552734
48	46.74595260620117
49	46.73691177368164
50	46.3260612487793
51	46.35267639160156
52	45.33311080932617
53	44.86151123046875
54	44.31674575805664
55	44.61160659790039
56	44.24016571044922
57	43.63044738769531
58	43.63903045654297
59	43.38279724121094
60	43.21806716918945
61	42.828216552734375
62	42.743106842041016
63	42.22739791870117
64	41.53069305419922
65	41.63951110839844
66	41.23286056518555
67	40.6062126159668
68	40.477638244628906
69	40.21602249145508
70	39.81648635864258
71	39.544376373291016
72	39.57670974731445
73	38.879600524902344
74	38.67158508300781
75	38.145328521728516
76	38.34171676635742
77	38.31236267089844
78	38.113216400146484
79	37.99059295654297
80	37.308780670166016
81	37.014564514160156
82	37.128334045410156
83	36.897918701171875
84	36.866146087646484
85	36.59989547729492
86	36.26472091674805
87	36.031551361083984
88	35.893062591552734
89	35.63413619995117
90	35.619693756103516
91	35.54582214355469
92	35.26726531982422
93	35.041465759277344
94	34.80289077758789
95	34.49776840209961
96	34.47746276855469
97	33.95765686035156
98	33.98929977416992
99	33.936058044433594
100	33.62954330444336
101	33.53725814819336
102	33.45683670043945
103	33.65724182128906
104	33.196693420410156
105	33.050514221191406
106	33.163185119628906
107	32.575340270996094
108	32.81981658935547
109	32.613502502441406
110	32.05644226074219
111	31.79636001586914
112	32.07205581665039
113	31.87276840209961
114	31.539833068847656
115	31.443342208862305
116	31.3437557220459
117	31.23710060119629
118	31.144601821899414
119	30.807161331176758
120	31.166595458984375
121	31.081340789794922
122	30.46148681640625
123	30.43544578552246
124	30.124677658081055
125	30.17093849182129
126	30.062244415283203
127	29.713336944580078
128	30.24691390991211
129	29.43743133544922
130	29.82501792907715
131	29.463207244873047
132	29.86707878112793
133	29.298505783081055
134	29.227439880371094
135	29.07952117919922
136	28.729101181030273
137	28.115846633911133
138	28.52713394165039
139	28.579631805419922
140	27.970932006835938
141	28.302783966064453
142	28.05658531188965
143	28.046091079711914
144	27.837055206298828
145	27.737201690673828
146	27.688709259033203
147	27.442468643188477
148	27.485858917236328
149	27.47231674194336
150	26.87542152404785
151	27.148433685302734
152	26.47770881652832
153	26.532331466674805
154	26.67591667175293
155	26.45734214782715
156	26.189678192138672
157	26.216188430786133
158	26.090518951416016
159	26.05840301513672
160	26.065265655517578
161	25.86789894104004
162	25.788606643676758
163	25.7108154296875
164	25.50790786743164
165	25.563783645629883
166	25.41257667541504
167	25.129920959472656
168	24.974214553833008
169	25.023191452026367
170	25.046358108520508
171	24.654516220092773
172	24.51749038696289
173	24.777284622192383
174	24.332260131835938
175	24.430261611938477
176	23.91935920715332
177	24.12494659423828
178	24.171463012695312
179	23.968961715698242
180	23.753528594970703
181	23.865386962890625
182	23.528396606445312
183	23.493684768676758
184	23.2723445892334
185	23.31901741027832
186	23.247745513916016
187	23.457355499267578
188	22.572168350219727
189	22.6806640625
190	22.932876586914062
191	22.710485458374023
192	22.943035125732422
193	22.26886558532715
194	22.349021911621094
195	22.387725830078125
196	22.198328018188477
197	22.65432357788086
198	22.09400749206543
199	22.140254974365234
200	22.032489776611328
201	22.193225860595703
202	21.87625503540039
203	21.717161178588867
204	21.46307945251465
205	21.70610809326172
206	21.423259735107422
207	21.376220703125
208	21.211849212646484
209	21.103309631347656
210	21.458984375
211	21.09957504272461
212	21.131031036376953
213	20.92319107055664
214	20.93965721130371
215	20.917919158935547
216	20.785247802734375
217	20.6104793548584
218	20.30760955810547
219	20.563875198364258
220	20.39493179321289
221	20.50771713256836
222	20.274822235107422
223	20.107433319091797
224	20.046199798583984
225	19.98143768310547
226	20.086023330688477
227	19.565279006958008
228	20.12458038330078
229	20.04181671142578
230	19.993030548095703
231	19.84400749206543
232	19.843185424804688
233	19.74752426147461
234	19.47576141357422
235	19.31197738647461
236	19.876497268676758
237	19.640350341796875
238	19.46704864501953
239	19.599727630615234
240	19.378564834594727
241	19.290027618408203
242	19.080001831054688
243	19.27186393737793
244	19.328685760498047
245	19.290752410888672
246	19.129793167114258
247	19.25996208190918
248	18.981748580932617
249	18.853302001953125
250	18.80539321899414
251	18.565940856933594
252	18.771760940551758
253	18.769704818725586
254	18.597501754760742
255	18.72783851623535
256	18.527420043945312
257	18.55574607849121
258	18.619962692260742
259	18.446754455566406
260	18.54473304748535
261	18.681747436523438
262	18.295196533203125
263	18.462974548339844
264	18.174226760864258
265	18.18128204345703
266	18.474702835083008
267	18.20939826965332
268	18.131481170654297
269	18.173877716064453
270	17.91804313659668
271	18.261356353759766
272	18.180784225463867
273	18.011030197143555
274	18.060396194458008
275	18.234811782836914
276	17.97317123413086
277	17.950531005859375
278	17.922693252563477
279	18.00385093688965
280	17.755573272705078
281	17.96172523498535
282	17.906143188476562
283	18.027250289916992
284	17.80957794189453
285	17.73740005493164
286	17.59101104736328
287	17.687101364135742
288	17.51858901977539
289	17.71872329711914
290	17.63420295715332
291	17.638530731201172
292	17.722412109375
293	17.710023880004883
294	17.58642578125
295	17.718942642211914
296	17.683446884155273
297	17.24906349182129
298	17.38878059387207
299	17.36454200744629
300	17.40184211730957
301	17.4525089263916
302	17.59836196899414
303	17.36119270324707
304	17.38516616821289
305	17.594636917114258
306	17.51390266418457
307	17.47562026977539
308	17.315481185913086
309	17.049114227294922
310	17.253145217895508
311	17.463356018066406
312	17.306594848632812
313	17.391077041625977
314	17.438339233398438
315	17.17827796936035
316	17.231565475463867
317	16.905162811279297
318	17.100839614868164
319	17.135650634765625
320	16.887794494628906
321	17.080636978149414
322	17.086793899536133
323	17.392850875854492
324	17.173023223876953
325	17.09429168701172
326	17.35982894897461
327	17.41240119934082
328	17.044267654418945
329	17.04339027404785
330	17.136911392211914
331	17.190807342529297
332	17.04743003845215
333	17.07391929626465
334	17.22755241394043
335	17.09015464782715
336	16.751089096069336
337	17.065170288085938
338	17.076581954956055
339	16.83603286743164
340	16.804485321044922
341	16.882354736328125
342	16.869882583618164
343	16.75146484375
344	17.08287811279297
345	16.74867057800293
346	16.749752044677734
347	16.956825256347656
348	17.023059844970703
349	16.899925231933594
350	16.966121673583984
351	16.912227630615234
352	16.671571731567383
353	16.878591537475586
354	16.869718551635742
355	17.124345779418945
356	16.749042510986328
357	17.098176956176758
358	16.806819915771484
359	16.786279678344727
360	16.79201316833496
361	16.540279388427734
362	16.80280113220215
363	16.86063003540039
364	16.552034378051758
365	16.58298110961914
366	16.79215431213379
367	16.757225036621094
368	16.622339248657227
369	16.811779022216797
370	16.890148162841797
371	16.86138153076172
372	16.7195987701416
373	16.57346534729004
374	16.576772689819336
375	16.646251678466797
376	16.5408878326416
377	16.745691299438477
378	16.70000457763672
379	16.528440475463867
380	16.63150405883789
381	16.45916175842285
382	16.485244750976562
383	16.656147003173828
384	16.48143768310547
385	16.593063354492188
386	16.335681915283203
387	16.508243560791016
388	16.600215911865234
389	16.604713439941406
390	16.843473434448242
391	16.49301528930664
392	16.761695861816406
393	16.410194396972656
394	16.27711296081543
395	16.298622131347656
396	16.581125259399414
397	16.481365203857422
398	16.385557174682617
399	16.31009864807129
400	16.249025344848633
401	16.293764114379883
402	16.24327850341797
403	16.386274337768555
404	16.16761016845703
405	16.231544494628906
406	16.31572914123535
407	16.453754425048828
408	16.530439376831055
409	16.36459732055664
410	16.299394607543945
411	16.252124786376953
412	16.458110809326172
413	16.35849952697754
414	16.31546401977539
415	16.241025924682617
416	16.54750633239746
417	16.358366012573242
418	16.445499420166016
419	16.188488006591797
420	16.287670135498047
421	16.302291870117188
422	16.38313865661621
423	16.348896026611328
424	16.194355010986328
425	16.016454696655273
426	16.2509708404541
427	15.998309135437012
428	16.128049850463867
429	16.092449188232422
430	16.2081241607666
431	16.04949951171875
432	16.238525390625
433	15.964310646057129
434	16.148883819580078
435	16.333080291748047
436	15.971364974975586
437	16.37217140197754
438	16.382997512817383
439	15.921402931213379
440	16.226085662841797
441	16.03214454650879
442	16.13791847229004
443	16.161487579345703
444	15.957710266113281
445	15.890667915344238
446	16.103593826293945
447	16.224193572998047
448	16.225862503051758
449	15.906503677368164
450	16.130393981933594
451	16.101118087768555
452	16.217802047729492
453	15.983139991760254
454	15.98967456817627
