1	1597.884033203125
2	1575.013916015625
3	1555.9962158203125
4	1533.2001953125
5	1481.5032958984375
6	1459.98876953125
7	1419.323486328125
8	1403.07958984375
9	1382.528076171875
10	1368.5810546875
11	1339.420166015625
12	1304.952392578125
13	1280.923095703125
14	1262.2734375
15	1241.9219970703125
16	1211.098876953125
17	1194.703369140625
18	1164.8245849609375
19	1138.002197265625
20	1125.2205810546875
21	1088.6746826171875
22	1088.125
23	1051.2022705078125
24	1045.4803466796875
25	1014.7042236328125
26	1015.4315795898438
27	992.3153686523438
28	961.2438354492188
29	943.8825073242188
30	932.01953125
31	906.4031372070312
32	903.5623779296875
33	883.9887084960938
34	861.71337890625
35	840.8768920898438
36	837.0413818359375
37	824.79541015625
38	804.9113159179688
39	782.9935302734375
40	779.892822265625
41	761.7750854492188
42	765.8323974609375
43	741.9797973632812
44	728.5335693359375
45	705.5040893554688
46	690.8328857421875
47	693.2189331054688
48	672.9064331054688
49	664.9364013671875
50	652.4879760742188
51	645.1107788085938
52	631.8818359375
53	620.6656494140625
54	604.5335693359375
55	599.4170532226562
56	591.35546875
57	574.7135620117188
58	569.0593872070312
59	563.7468872070312
60	552.6640625
61	550.4320678710938
62	536.126220703125
63	526.3368530273438
64	519.4630737304688
65	512.4815673828125
66	513.7345581054688
67	492.36700439453125
68	491.6951599121094
69	474.0157165527344
70	476.5025939941406
71	465.858642578125
72	458.36273193359375
73	444.1391296386719
74	441.66986083984375
75	434.52069091796875
76	428.03790283203125
77	424.3228759765625
78	411.0936584472656
79	408.262939453125
80	404.1609191894531
81	394.0491027832031
82	389.8731689453125
83	384.5513000488281
84	372.4017028808594
85	376.3836975097656
86	366.234375
87	360.69970703125
88	353.0552062988281
89	349.0425109863281
90	345.242919921875
91	338.4186096191406
92	328.6251525878906
93	330.2666015625
94	326.17620849609375
95	314.1270446777344
96	311.41680908203125
97	302.56744384765625
98	299.8186340332031
99	296.4810791015625
100	292.4652099609375
101	284.3048095703125
102	285.0765686035156
103	277.0445556640625
104	271.09149169921875
105	265.1667785644531
106	262.1312561035156
107	260.1634216308594
108	252.73574829101562
109	253.4425048828125
110	242.142822265625
111	241.68980407714844
112	239.90586853027344
113	234.83590698242188
114	229.2330780029297
115	222.1179962158203
116	219.9628448486328
117	218.65957641601562
118	213.97463989257812
119	209.87306213378906
120	210.63223266601562
121	204.7587432861328
122	197.86990356445312
123	193.89300537109375
124	190.95529174804688
125	188.16294860839844
126	184.86630249023438
127	181.43653869628906
128	178.09609985351562
129	172.3884735107422
130	171.37896728515625
131	167.6840057373047
132	163.84092712402344
133	163.1605682373047
134	157.4335174560547
135	154.9285430908203
136	151.3780059814453
137	148.001953125
138	144.37791442871094
139	141.99012756347656
140	138.01048278808594
141	138.44606018066406
142	134.32208251953125
143	130.7496337890625
144	130.56858825683594
145	125.9631576538086
146	123.02515411376953
147	119.00275421142578
148	115.61209869384766
149	116.35903930664062
150	112.82843017578125
151	110.05076599121094
152	106.74269104003906
153	104.77394104003906
154	103.66806030273438
155	100.12274932861328
156	98.68441772460938
157	94.8672866821289
158	93.21479034423828
159	88.60089874267578
160	88.3112564086914
161	85.7921142578125
162	84.00438690185547
163	82.66078186035156
164	80.67229461669922
165	78.34727478027344
166	76.47947692871094
167	72.58550262451172
168	73.4144058227539
169	70.2828140258789
170	69.43800354003906
171	65.9105224609375
172	64.98042297363281
173	63.274227142333984
174	63.73652648925781
175	60.02911376953125
176	57.147605895996094
177	56.408103942871094
178	54.370887756347656
179	53.33141326904297
180	51.86418914794922
181	50.95663070678711
182	48.72540283203125
183	47.42299270629883
184	46.88949203491211
185	44.35786437988281
186	43.476749420166016
187	41.799041748046875
188	40.66093826293945
189	38.786659240722656
190	38.179832458496094
191	36.95988082885742
192	36.05165481567383
193	34.39947509765625
194	34.00988006591797
195	32.662811279296875
196	31.29078483581543
197	30.23546028137207
198	29.769458770751953
199	28.520280838012695
200	27.161197662353516
201	27.069725036621094
202	26.76342010498047
203	25.410747528076172
204	24.83205795288086
205	24.04837417602539
206	23.498292922973633
207	22.698463439941406
208	22.09430694580078
209	21.919090270996094
210	21.445037841796875
211	21.08418846130371
212	20.62977409362793
213	20.414474487304688
214	20.037931442260742
215	19.64824104309082
216	19.638505935668945
217	19.65825080871582
218	19.207794189453125
219	19.12484359741211
220	19.393247604370117
221	19.066158294677734
222	19.053491592407227
223	18.69383430480957
224	18.77521324157715
225	19.05692481994629
226	19.1154842376709
227	18.86241912841797
228	19.041610717773438
229	19.02205467224121
230	18.818395614624023
231	19.210399627685547
232	18.768001556396484
233	18.740766525268555
234	18.859214782714844
235	18.70079231262207
236	18.963552474975586
237	18.90608787536621
238	18.995664596557617
239	19.03658676147461
240	18.977622985839844
241	19.132299423217773
242	19.271047592163086
243	18.985414505004883
244	18.92579460144043
245	18.731151580810547
246	19.060443878173828
247	18.752687454223633
248	18.807111740112305
249	18.872648239135742
250	18.879823684692383
251	18.7352294921875
252	18.802366256713867
253	18.8253116607666
254	18.976009368896484
255	18.787019729614258
256	18.79622459411621
257	19.009843826293945
258	18.686681747436523
259	18.92516326904297
260	18.80508804321289
261	18.831085205078125
262	18.782522201538086
263	19.064979553222656
264	18.771303176879883
265	18.882558822631836
266	18.807050704956055
267	18.826862335205078
268	19.066930770874023
269	18.703577041625977
270	18.867414474487305
271	18.641260147094727
272	19.01865005493164
273	18.761911392211914
274	18.38331413269043
275	19.043434143066406
276	18.569568634033203
277	18.754480361938477
278	18.786666870117188
279	18.892915725708008
280	18.93474769592285
281	18.805028915405273
282	18.799882888793945
283	18.8818359375
284	18.696481704711914
285	18.683029174804688
286	18.768678665161133
287	19.084001541137695
288	18.968347549438477
289	18.748607635498047
290	18.82271385192871
291	18.9274845123291
292	18.70594024658203
293	18.849992752075195
294	18.898073196411133
295	18.885326385498047
296	19.03929328918457
297	19.045682907104492
298	18.69473648071289
299	18.64769744873047
300	18.731782913208008
301	18.79521942138672
302	18.955408096313477
303	19.145784378051758
304	18.72697639465332
305	18.7326717376709
306	19.086576461791992
307	18.902027130126953
308	19.04128074645996
309	18.964351654052734
310	18.80569839477539
311	18.616212844848633
312	18.741310119628906
313	19.04427146911621
314	18.946870803833008
315	18.855052947998047
316	18.84319305419922
317	18.780200958251953
318	18.723398208618164
319	18.75080108642578
320	18.91773796081543
321	18.734363555908203
322	18.616209030151367
323	19.05168914794922
324	18.983779907226562
325	19.04364013671875
326	18.595685958862305
327	18.906545639038086
328	18.862781524658203
329	18.904056549072266
330	18.598249435424805
331	18.778661727905273
332	18.753427505493164
333	18.581928253173828
334	18.878122329711914
335	18.915794372558594
336	18.80328369140625
337	18.967529296875
338	18.874773025512695
339	18.814603805541992
340	18.98981475830078
341	18.681716918945312
342	18.572622299194336
343	18.769195556640625
344	19.024675369262695
345	18.99944305419922
346	18.769935607910156
347	18.667543411254883
348	18.784597396850586
349	18.692752838134766
350	18.52932357788086
351	18.67047119140625
352	18.856491088867188
353	18.680713653564453
354	18.77635955810547
355	18.975385665893555
356	18.867698669433594
357	19.136030197143555
358	18.659923553466797
359	18.956985473632812
360	18.838455200195312
361	18.922016143798828
362	18.974578857421875
363	18.86129379272461
364	18.647829055786133
365	18.8134708404541
366	18.674606323242188
367	18.760814666748047
368	18.6812744140625
369	19.007129669189453
370	18.769275665283203
371	18.912601470947266
372	18.88292121887207
373	18.979284286499023
374	18.737314224243164
375	18.822412490844727
376	18.68802833557129
377	18.80966567993164
378	18.404155731201172
379	18.70110511779785
380	18.845739364624023
381	18.89295196533203
382	18.83234977722168
383	18.88996124267578
384	18.67721176147461
385	18.900110244750977
386	18.59090805053711
387	18.85556411743164
388	19.13313102722168
389	18.80744171142578
390	18.81647491455078
391	18.611326217651367
392	18.768095016479492
393	18.94338035583496
394	18.781648635864258
395	18.99410057067871
396	18.923967361450195
397	18.846759796142578
398	18.815481185913086
399	18.78246307373047
400	18.877758026123047
401	18.797786712646484
402	19.14049530029297
403	18.854942321777344
404	18.676097869873047
405	18.988298416137695
406	18.492305755615234
407	18.87686538696289
408	18.7387752532959
409	18.61530113220215
410	18.989004135131836
411	18.783035278320312
412	18.957229614257812
413	18.863027572631836
414	18.814428329467773
415	18.788986206054688
416	18.83672332763672
417	18.68620491027832
418	18.71158790588379
419	18.660104751586914
420	18.903371810913086
421	18.546592712402344
422	18.949296951293945
423	19.012027740478516
424	18.749855041503906
425	18.8463134765625
426	18.801084518432617
427	18.777664184570312
428	18.7463321685791
429	18.982168197631836
430	18.880332946777344
431	18.894685745239258
432	18.777111053466797
433	18.783281326293945
434	19.165691375732422
435	18.80942153930664
436	18.8194637298584
437	18.957250595092773
438	18.864158630371094
439	18.716829299926758
440	18.7476749420166
441	18.630897521972656
442	18.76382064819336
443	18.83251190185547
444	18.90601921081543
445	18.627622604370117
446	18.711755752563477
447	18.82442855834961
448	18.74010467529297
449	18.72258949279785
450	18.80048370361328
451	19.13547134399414
452	18.72001075744629
453	18.915613174438477
454	18.785888671875
455	18.834842681884766
456	18.920751571655273
457	18.943639755249023
458	18.67564582824707
459	18.722854614257812
460	18.74054718017578
461	18.975719451904297
462	18.678382873535156
463	18.916820526123047
464	18.881145477294922
465	19.016616821289062
466	18.883657455444336
467	18.572853088378906
468	18.830476760864258
469	18.711761474609375
470	18.9324893951416
471	18.91211700439453
472	18.957260131835938
473	18.720138549804688
474	18.95671272277832
475	18.606414794921875
476	18.676239013671875
477	19.002994537353516
478	18.956113815307617
479	18.935754776000977
480	19.052236557006836
481	18.8197021484375
482	18.62716293334961
483	18.60460662841797
484	18.57750701904297
485	18.834732055664062
486	19.17943572998047
487	18.72760772705078
488	19.016555786132812
489	18.973657608032227
490	18.758167266845703
491	18.6558895111084
492	19.004140853881836
493	18.936697006225586
494	18.823156356811523
495	18.446992874145508
496	18.998682022094727
497	18.73004150390625
498	18.804927825927734
499	18.889474868774414
500	18.941383361816406
501	18.6761417388916
502	18.99710464477539
503	18.945003509521484
504	18.97127342224121
505	18.723556518554688
506	18.76605987548828
507	18.657230377197266
508	18.644636154174805
509	19.105436325073242
510	18.85777473449707
511	18.698955535888672
