1	5967.88525390625
2	5821.02099609375
3	5720.4716796875
4	5632.720703125
5	5519.87109375
6	5431.74462890625
7	5357.47021484375
8	5216.6220703125
9	5141.5380859375
10	5034.60498046875
11	4941.44677734375
12	4837.42333984375
13	4769.6494140625
14	4681.81787109375
15	4583.50732421875
16	4501.70166015625
17	4429.48779296875
18	4349.3955078125
19	4277.48291015625
20	4193.44580078125
21	4127.548828125
22	4035.199462890625
23	3971.27880859375
24	3900.717529296875
25	3815.833251953125
26	3758.916259765625
27	3685.0927734375
28	3627.75732421875
29	3562.09716796875
30	3505.079345703125
31	3437.433837890625
32	3362.77197265625
33	3327.812255859375
34	3253.038818359375
35	3204.83642578125
36	3157.98095703125
37	3099.7109375
38	3041.4384765625
39	2990.118408203125
40	2938.412841796875
41	2881.246826171875
42	2830.60595703125
43	2795.384765625
44	2736.28369140625
45	2706.820068359375
46	2653.51513671875
47	2599.883544921875
48	2565.46240234375
49	2508.183349609375
50	2476.6220703125
51	2438.192138671875
52	2396.9716796875
53	2362.461669921875
54	2333.302490234375
55	2288.3681640625
56	2251.632080078125
57	2218.376953125
58	2178.709228515625
59	2144.948486328125
60	2112.65625
61	2083.50634765625
62	2057.05859375
63	2032.143798828125
64	1995.5611572265625
65	1969.8472900390625
66	1938.7313232421875
67	1912.909423828125
68	1882.464599609375
69	1858.4268798828125
70	1833.556640625
71	1805.5296630859375
72	1784.560791015625
73	1755.6826171875
74	1729.590087890625
75	1709.5260009765625
76	1687.7647705078125
77	1665.3001708984375
78	1647.1357421875
79	1620.1092529296875
80	1588.980224609375
81	1569.1392822265625
82	1550.4248046875
83	1527.2607421875
84	1508.2801513671875
85	1480.697265625
86	1460.9390869140625
87	1443.0234375
88	1418.8248291015625
89	1398.3585205078125
90	1385.4498291015625
91	1363.6065673828125
92	1336.8985595703125
93	1319.271484375
94	1303.447265625
95	1281.6468505859375
96	1264.8531494140625
97	1246.9124755859375
98	1224.8155517578125
99	1204.1844482421875
100	1191.0885009765625
101	1166.3272705078125
102	1148.3319091796875
103	1136.28173828125
104	1114.63916015625
105	1097.8125
106	1078.7318115234375
107	1058.6329345703125
108	1049.7352294921875
109	1032.2525634765625
110	1013.1480712890625
111	992.788818359375
112	979.8646240234375
113	964.4339599609375
114	944.5468139648438
115	933.2177124023438
116	910.1826782226562
117	894.396240234375
118	878.9931030273438
119	862.9686279296875
120	849.422607421875
121	837.2922973632812
122	820.3098754882812
123	804.49072265625
124	787.8030395507812
125	772.1831665039062
126	760.31201171875
127	746.9212036132812
128	732.7725830078125
129	720.2444458007812
130	702.6396484375
131	689.1580810546875
132	673.4141845703125
133	660.7085571289062
134	645.2135620117188
135	629.232666015625
136	618.3346557617188
137	605.6998901367188
138	589.8799438476562
139	578.1237182617188
140	565.043212890625
141	551.1924438476562
142	538.2725219726562
143	527.9169311523438
144	512.3282470703125
145	499.7797546386719
146	488.0065612792969
147	476.31976318359375
148	462.68560791015625
149	447.9493103027344
150	437.82257080078125
151	424.4056396484375
152	413.9534912109375
153	402.43450927734375
154	390.5918273925781
155	378.3157043457031
156	368.36834716796875
157	355.197021484375
158	344.9263000488281
159	332.5415954589844
160	323.2491760253906
161	311.68719482421875
162	299.72784423828125
163	289.4478759765625
164	278.8936767578125
165	268.6460266113281
166	257.27557373046875
167	247.1815948486328
168	238.66725158691406
169	227.7368927001953
170	217.54632568359375
171	208.02017211914062
172	199.2899932861328
173	189.97557067871094
174	180.22608947753906
175	172.2518768310547
176	163.403564453125
177	155.4231414794922
178	146.77291870117188
179	139.38011169433594
180	132.0457763671875
181	125.20990753173828
182	118.35997772216797
183	111.94959259033203
184	106.4948959350586
185	101.12791442871094
186	96.53366088867188
187	92.08036804199219
188	88.64835357666016
189	85.70332336425781
190	83.11334991455078
191	80.89735412597656
192	79.4507064819336
193	78.54229736328125
194	78.06206512451172
195	77.58213806152344
196	77.28350830078125
197	77.29486083984375
198	77.76797485351562
199	77.71355438232422
200	78.00302124023438
201	78.19933319091797
202	78.3730697631836
203	78.62306213378906
204	78.41972351074219
205	78.49222564697266
206	78.4320068359375
207	78.41800689697266
208	78.24496459960938
209	77.74569702148438
210	77.70206451416016
211	77.32730865478516
212	77.22702026367188
213	76.68327331542969
214	76.51240539550781
215	76.32205200195312
216	76.2441177368164
217	75.92887115478516
218	76.15467071533203
219	75.65093994140625
220	75.41776275634766
221	75.73997497558594
222	75.33099365234375
223	75.38673400878906
224	75.5416488647461
225	75.00916290283203
226	75.17926788330078
227	75.1559829711914
228	75.58476257324219
229	75.4514389038086
230	75.21515655517578
231	75.0715560913086
232	75.25584411621094
233	75.32192993164062
234	75.13025665283203
235	75.03406524658203
236	75.38838958740234
237	75.22127532958984
238	75.33464050292969
239	75.15074157714844
240	75.2441177368164
241	75.16184997558594
242	75.27242279052734
243	75.08786010742188
244	75.00495147705078
245	74.94039154052734
246	75.24163818359375
247	75.3844223022461
248	75.35340881347656
249	75.01581573486328
250	75.17000579833984
251	75.29346466064453
252	75.07967376708984
253	75.15055847167969
254	74.96602630615234
255	74.95687866210938
256	74.757568359375
257	75.07571411132812
258	75.1072006225586
259	74.73263549804688
260	74.9897689819336
261	75.11746978759766
262	75.03994750976562
263	75.12210083007812
264	75.19790649414062
265	75.28231048583984
266	75.01752471923828
267	75.26571655273438
268	75.07018280029297
269	75.00839233398438
270	75.14295959472656
271	75.07952117919922
272	75.3110122680664
273	75.26166534423828
274	74.94667053222656
275	74.94820404052734
276	75.28960418701172
277	74.984375
278	75.16716766357422
279	75.21984100341797
280	75.13968658447266
281	75.26070404052734
282	75.2862319946289
283	75.14007568359375
284	74.96617126464844
285	74.97103118896484
286	75.17371368408203
287	74.98729705810547
288	75.12229919433594
289	75.24129486083984
290	75.35198974609375
291	74.78929901123047
292	74.9103012084961
293	75.02944946289062
294	74.90241241455078
295	75.0804443359375
296	75.1165542602539
297	75.033203125
298	75.08168029785156
299	75.1029052734375
300	75.48932647705078
301	75.19657897949219
302	75.02779388427734
303	75.1961441040039
304	75.2245864868164
305	75.04161071777344
306	75.27095794677734
307	75.15684509277344
308	75.0903091430664
309	75.00528717041016
310	75.08787536621094
311	74.88642883300781
312	75.35160064697266
313	75.34274291992188
314	74.84152221679688
315	75.61170959472656
316	75.07414245605469
317	75.15496063232422
318	75.01687622070312
319	75.40018463134766
320	75.30792999267578
321	75.41114807128906
322	74.97725677490234
323	75.22742462158203
324	75.20401000976562
325	75.08514404296875
326	75.22014617919922
327	75.23117065429688
328	74.95404052734375
329	75.03044128417969
330	75.04146575927734
331	75.2645034790039
332	75.0903091430664
333	75.22567749023438
334	75.15766143798828
335	75.21504974365234
336	74.92772674560547
337	75.01506042480469
338	75.20601654052734
339	75.15925598144531
340	75.22341918945312
341	75.24217987060547
342	75.19174194335938
343	75.14500427246094
344	75.24895477294922
345	75.33726501464844
346	75.21833801269531
347	75.0924301147461
348	74.9510269165039
349	75.0418701171875
350	75.09854888916016
351	75.11647033691406
352	74.76506042480469
353	75.15011596679688
354	75.11241149902344
355	75.00927734375
356	74.9466552734375
357	75.42118072509766
358	74.81450653076172
359	75.1224136352539
360	75.27162170410156
361	75.07112121582031
362	75.03300476074219
363	75.23871612548828
364	75.01502990722656
365	75.31999206542969
366	75.1358871459961
367	74.88700866699219
368	74.95974731445312
369	75.2393798828125
370	75.18269348144531
371	75.34307861328125
372	75.24834442138672
373	75.17874908447266
374	74.82373809814453
375	75.04206848144531
376	75.26707458496094
377	74.97463989257812
378	75.18805694580078
379	74.82430267333984
380	75.08987426757812
381	75.2918701171875
382	74.7798843383789
383	74.89265441894531
384	75.42549896240234
385	75.12417602539062
386	74.97516632080078
387	75.24921417236328
388	75.14981079101562
389	75.14199829101562
390	75.05812072753906
391	75.3216781616211
392	74.96953582763672
393	75.2834701538086
394	75.29985809326172
395	75.2547836303711
396	75.47102355957031
397	75.00880432128906
398	75.30027770996094
399	75.07910919189453
400	75.02977752685547
401	75.30094146728516
402	74.91142272949219
403	75.05936431884766
404	75.11324310302734
405	75.15193939208984
406	75.16704559326172
407	75.00109100341797
408	75.11182403564453
409	75.23812103271484
410	74.95259857177734
411	75.21485900878906
412	74.96380615234375
413	75.20501708984375
414	75.33586120605469
415	75.33670806884766
416	74.96688079833984
417	75.344482421875
418	75.35095977783203
419	75.11029815673828
420	75.1795883178711
421	75.21023559570312
422	74.91496276855469
423	74.82527923583984
424	75.09830474853516
425	74.8525619506836
426	74.85556030273438
427	75.32330322265625
428	75.47994232177734
429	74.7504653930664
430	74.9000015258789
431	74.79524230957031
432	75.12446594238281
433	75.03722381591797
434	75.44377136230469
435	75.03009796142578
436	74.9784927368164
437	75.03083801269531
438	75.39615631103516
439	74.96915435791016
440	75.41938018798828
441	75.26792907714844
