1	382.3575940242126
2	329.8390737851367
3	278.06668301199005
4	272.4271336179429
5	242.76471352585406
6	102.82874263882432
7	92.3022334587783
8	77.05218729546371
9	89.33508948483612
10	81.06331045030622
11	89.76895557994551
12	74.87216483138957
13	72.74525838672658
14	74.7470945268294
15	70.54319330187779
16	69.58379418815765
17	74.23880125709452
18	66.01380839089975
19	69.74862043355405
20	56.48619165636471
21	57.86912617680726
22	52.15642197950366
23	51.49374137498246
24	48.53015072200613
25	48.01235476958084
26	46.85180609441127
27	45.82224020104494
28	43.50854612817277
29	41.79718283932166
30	41.711599924780934
31	41.62451127302147
32	41.5344269216365
33	40.67056689257417
34	39.33404880067052
35	39.67950367269029
36	39.20084860377769
37	38.56024383400851
38	38.35665642223527
39	38.02007171788658
40	38.22176540274053
41	37.48756861407577
42	37.295899858958194
43	37.253454474406986
44	37.08798570043498
45	37.19276019413172
46	37.84747629793416
47	37.652007783735414
48	37.21970149109298
49	36.8612760263529
50	36.78782277524299
51	36.71042099847579
52	36.61858184470261
53	36.0352273292396
54	36.359761595833724
55	36.31457362087302
56	36.27394883073805
57	36.52081536246446
58	36.42487214234027
59	36.14000316780005
60	36.262683609509345
61	36.18314746008805
62	36.24923670909191
63	36.331566669902784
64	36.3820894189092
65	35.8594078601764
66	36.153104836251565
67	36.03876197959948
68	35.737698697107746
69	35.832717258057365
70	36.07639082872148
71	35.701891366527526
72	35.63302324116562
73	35.50491305178744
74	35.77992096457255
75	35.7383833051931
76	36.07854180509605
77	36.004330296908904
78	35.623418366831245
79	35.815680418874116
80	35.62230651674018
81	35.5050106305202
82	35.62557353637229
83	35.44831541252838
84	35.45967830749334
85	35.77095013851335
86	35.30374103550647
87	35.59424184700839
88	35.694264889871974
89	35.40628243371121
90	35.44376429821072
91	35.570572020953584
92	35.84521754457177
93	35.281836263004955
94	35.55379403384454
95	35.77911004065271
96	35.285315922636414
97	35.213798813999816
98	35.689450992016525
99	35.42204974496808
100	35.4543405712842
101	35.73485504073216
102	35.62631278002584
103	35.01546895722094
104	35.67844800987231
105	35.16675323262746
106	35.39716193094638
107	35.61185517564707
108	35.311357553117126
109	35.49137847389794
110	35.251765905859
111	35.099403505956815
112	35.41494274428487
113	35.859290330726196
114	35.37652522044821
115	35.6406909046362
116	35.30014534610636
117	35.258852266224395
118	35.54200032227017
119	35.16120206858142
120	35.260321137174515
121	35.41014967949509
122	35.068308012740964
123	35.495494634657305
124	35.32592046287539
125	35.56271348000056
126	35.28768926806686
127	35.44869573767189
128	35.43575340620431
129	35.26750684442451
130	35.263274871561904
131	35.05574588690613
132	35.49012210676339
133	35.42351000376578
134	35.459436107277455
135	35.69556401486439
136	35.5647495243668
137	35.089007924918036
138	34.964032109773306
139	35.31211607452558
140	35.27803045728913
141	35.52843506573285
142	35.11151092772569
143	35.49553788885092
144	34.733669199603156
145	35.111300767663856
146	35.53249196706142
147	35.43133482983593
148	35.50458695381025
149	34.73978563079885
150	35.2767452785207
151	35.320109807877444
152	35.117700807027866
153	35.25324361986011
154	35.13301453491923
155	35.31780409204796
156	35.04594271564971
157	35.477955893634274
158	35.31867184457955
159	35.03655968983448
160	34.98195667102866
161	35.22093899617926
162	35.3548015722942
163	35.040599742276896
164	35.37519815456221
165	35.11493114964074
166	35.423284591371456
167	35.37693412991065
168	35.00724159143242
169	35.13308521357064
170	34.975228988901335
171	35.02391946411824
172	35.18574231360388
173	35.140240640554595
174	34.908934955371656
175	35.33468922929911
176	34.97513158221554
177	35.01485466780572
178	35.02078357163612
179	35.23720476172912
180	35.431152733209046
181	35.23950413541539
182	35.119712539223634
183	34.759375403791026
184	34.99431833614986
185	35.294788690045586
186	34.522935283251854
187	35.21733037014487
188	35.07328030015035
189	35.03661843178667
190	35.25342688813562
191	35.092782295909544
192	35.022828900551644
193	34.93981770776938
194	35.32183393019621
195	34.850237497585574
196	35.103330789601365
197	35.078060376445315
198	34.95812392512795
199	35.09432796919005
200	34.88567227354786
201	34.96307832037182
202	34.9500595950479
203	35.32402108988231
204	34.64404137489766
205	35.06039266949089
206	34.82090975126971
207	35.274477692309276
208	35.193306848445076
209	34.696335527571584
210	34.97769348441971
211	34.700897675741736
212	35.3270965095624
213	34.614595173752114
214	34.769507838865074
215	35.14823819189359
216	34.925255303637
217	35.26427869866169
218	34.792284177285666
219	35.01060635718478
220	34.89277130260201
221	34.864723582519176
222	34.89163230217594
223	35.044829014530876
224	34.689735469917885
225	35.16344381938585
226	34.68198911126781
227	34.48777399069765
228	35.20606056853499
229	35.112773174342074
230	35.0915092586642
231	35.089240916023584
232	34.64279157418367
233	34.632710609204196
234	34.758835278075914
235	34.909590519712054
236	34.66940470277939
237	35.10736908690197
238	34.91587268703501
239	34.944636452390846
240	34.356808938093444
241	34.77281286591444
242	35.01362490374595
243	34.842941252201165
244	34.86127838374139
245	34.57462524768661
246	35.050663437447106
247	34.81414870019807
248	34.752056541507876
249	35.27669590589275
250	34.65022338038645
251	34.84231433212532
252	34.98862958344096
253	35.10750203293969
254	34.56860633006441
255	35.01759521135165
256	35.06050910400919
257	35.113184249390486
258	35.0348151796824
259	35.17209774001282
260	34.648555786295354
261	34.971200740443436
262	34.74927343039964
263	34.95828466636342
264	34.67527694427772
265	34.36732432406461
266	35.06803042998121
267	34.78572531188958
268	34.64222564296612
269	34.80749765409556
270	34.48566849294395
271	34.78049570274482
272	34.7971350058604
273	34.836825772219406
274	34.43113863302104
275	34.969792592720076
276	34.602755515384416
277	34.89988273149105
278	34.88459546665284
279	34.60016052235741
280	34.662498936199285
281	35.0134527389893
282	34.691958640050295
283	34.75349841505612
284	34.64938107566842
285	34.63432680566573
286	34.78626016470285
287	34.93747240884147
288	34.495560554761354
289	34.871924416923534
290	34.67325095786039
291	34.61850286021954
292	35.10832815668438
293	34.66918750488096
294	34.74238866253493
295	34.64847099878452
296	34.62443448862828
297	35.01893005793628
298	34.78973253920316
299	34.8023706563718
300	34.99201085683092
301	34.56435808763336
302	34.60842401007449
303	34.95548715520903
304	34.63648506976211
305	34.7858534684122
306	34.95818195465089
307	34.7214330232384
308	34.53936179707616
309	34.72253112756814
310	34.89400514930491
311	34.95228772300355
312	35.03998539963616
313	34.93042820460936
314	34.6508721821191
315	34.71777504832099
316	34.99787215585777
317	34.77258571872924
318	34.93458675122493
319	34.79235343421963
320	34.519607002634814
321	34.900812511152985
322	34.954957920751
323	34.64459802476423
324	34.71200737048665
325	34.3698071168236
326	34.51577176827401
327	34.55869548450186
328	34.7409342291584
329	34.66527354855861
330	34.29847088292855
331	34.64746989332052
332	34.72228300377255
333	34.8763054375408
334	34.77419665703829
335	34.35991059286899
336	34.64193447787097
337	34.74204754298418
338	34.59378662862342
339	34.907399207685664
340	34.700160397638896
341	34.74538612267163
342	34.51445551026555
343	34.70475332880957
344	35.01543193410035
345	34.6125108398872
346	34.37224537410262
347	34.798213103668154
348	34.57020919937086
349	34.89424708421819
350	34.77063976076347
351	34.86974724119744
352	34.701396607965656
353	34.81796049016038
354	34.758565356833266
355	34.59376685068696
356	34.37644913268886
357	34.92936707988467
358	34.76739469246169
359	34.77088602778914
360	34.69757275747306
361	34.64767346600547
362	34.83007134168798
363	34.66756466387231
364	34.09676946731296
365	34.89738075852642
366	34.500375530873775
367	34.60274516483033
368	34.623714708075596
369	34.51370574479616
370	34.391362668139415
371	34.771318197912585
372	34.456579240570456
373	34.55682331273084
374	34.61817650504177
375	34.856252087471795
376	34.682952118267174
377	34.810260992341675
378	34.66138548022539
379	34.9033458257577
380	34.78416911364064
381	34.80250209921508
382	34.621611358206856
383	34.42173031362496
384	34.405191862250724
385	34.864885833840965
386	34.82476317881553
387	34.95590421148924
388	34.38490754419427
389	34.42351513856627
390	34.853614878157565
391	34.6373183170909
392	34.3440490602898
393	34.73980758755382
394	34.598750134689205
395	34.455148451731596
396	34.866636053455416
397	34.873973680990524
398	34.5461411194183
399	34.60489863874449
400	34.445650606876725
401	34.5465109850252
402	34.44477684771796
403	34.46954217645002
404	34.430175322560856
405	34.413805707193276
406	34.30584844231664
407	34.12037398203808
408	34.66135852270307
409	34.52790966032619
410	34.61052610034521
411	34.32025668460945
412	34.34193265154187
413	34.42398082815378
414	34.6533787847013
415	34.89104579547888
416	34.32801474952084
417	34.63843837720657
418	34.25152582327267
419	34.65382303473657
420	34.53114700605451
421	34.38613939398547
422	34.69714474930623
423	34.4468374370033
424	34.337717126902234
425	34.536653336388795
426	34.415948488893235
427	34.11570840023773
428	34.452649567395476
429	34.216256396691094
430	34.59145918230915
431	34.47495116694708
432	34.717677647581255
433	34.35640354925505
434	34.22260714057387
435	34.60004234121175
436	34.771166904502934
437	34.55833286711094
438	34.28823031177053
439	34.787099064552
440	34.57175421750524
441	34.52323608349715
442	34.26400266396301
443	34.561025612469756
444	34.65150526450663
445	34.1914582800247
446	34.48993733292936
447	34.50663067478648
448	34.29956196999575
449	34.42970885557644
450	34.71865399344423
451	34.5148351419342
452	34.34658274642071
453	34.29337287431041
454	34.373986728487154
455	34.282592270057926
456	34.322743292146065
457	33.95501279251286
458	34.494154328427435
459	34.505902172452664
460	34.76184988291973
461	34.43326812759197
462	34.48053230975326
463	34.37826442199549
464	34.40913826713903
465	34.41789302302876
466	34.143030353750525
467	34.378434610407176
468	34.5342914698739
469	34.15672135409385
470	34.14714600018086
471	34.285655391241804
472	34.355250720759436
473	34.46113595390114
474	34.50739384518452
475	34.412754748939975
476	34.234176584215994
477	34.362343834980344
478	34.10404945969295
479	34.23664237944606
480	34.39951954182345
481	34.01839219120627
482	34.24333942003206
483	34.35259593860459
484	34.09977487817512
485	34.29114472780794
486	34.438304722950406
487	34.35704964914143
488	34.54179613865834
489	34.15595769306558
490	34.58052698362795
491	34.52021924077617
492	34.29186429751536
493	34.42569008929816
494	34.5960361896264
495	33.997183962888386
496	34.38341823663933
497	34.3643384689438
498	34.11365358662056
499	34.30486450722224
500	34.04748077438004
501	33.92754530412269
502	34.098626979277356
503	33.95425025968371
504	34.147875903304104
505	34.23008778244734
506	34.33090970811479
507	34.32270528534357
508	34.348176791917695
509	33.803749679342346
510	34.007457367716
511	33.91636817004796
512	33.84163816420044
513	34.27310420765052
514	34.15841891824315
515	34.24078528027023
516	34.49856905265909
517	34.017902629586686
518	34.36135005752511
519	33.99710152465309
520	34.20123026517072
521	33.911898064803715
522	34.53638851857355
523	34.168328376416774
524	34.315985265718695
525	34.075487490006324
526	34.147550625290215
527	34.06568478611629
528	33.871613941183156
529	33.79629280708776
530	34.08764092487992
531	34.088277983650876
532	34.1599139338057
533	34.042317965936235
534	34.4326313061801
535	34.14280110350784
536	34.10557954014685
537	34.06288184836113
538	34.03237274238121
539	34.38334543620147
540	34.25024570103731
541	33.988685427473726
542	34.57960195668878
543	33.605515021924454
544	33.74494941746765
545	33.91852892634964
546	33.91251193376024
547	34.06873752418047
548	34.02243862214482
549	34.037042379425195
550	33.900398991884
551	33.90112186744854
552	33.86476779129548
553	33.82485836030117
554	33.594143395225956
555	34.27029560948164
556	33.93828027791959
557	34.13996251531153
558	34.08750487559205
559	33.86222598696322
560	34.0577273671589
561	33.90674804617337
562	34.10569564218637
563	33.92128135679798
564	33.63691507790632
565	33.91134346362269
566	34.019582836485824
567	33.948165572700226
568	34.52793818314258
569	33.84595689428786
570	33.89267268529371
571	33.707954601481696
572	33.69572379640836
573	34.07310909987727
574	33.70947077280403
575	33.735075179401505
576	33.81201622389159
577	34.02023979717009
578	33.82134385543151
579	33.67063911970282
580	33.95837894378344
581	33.80106960400949
582	33.87639097854977
583	33.664237645673005
584	33.71750499949463
585	33.61154407932372
586	33.37498019786452
587	33.88115094601059
588	33.81765964386002
589	33.805982106405764
590	33.70194443502511
591	33.7758241195261
592	33.80210939432271
593	33.44326635040702
594	33.9779447769996
595	33.938215529622624
596	33.50425406151942
597	33.50791623890696
598	33.75450946449117
599	33.70743059970694
600	33.78572853830469
601	33.56178255422961
602	33.66707750827066
603	33.73419397880233
604	33.589389947891156
605	33.61780731902914
606	33.75587128572256
607	33.73050323999328
608	33.56731295083404
609	33.471225421926455
610	33.54434065043233
611	33.110501262615216
612	33.368283362087986
613	33.568025800289114
614	33.6534507619189
615	33.02603362687531
616	33.56304702426748
617	33.63985129045815
618	33.79594949969859
619	33.66350458816002
620	33.66334175506704
621	33.6811414144787
622	33.81689208110208
623	33.63069205517427
624	33.21480116869926
625	33.406457897136896
626	33.19019565343662
627	33.372733360727594
628	33.48494974186249
629	33.226268755683556
630	33.40095816548499
631	33.21202628197155
632	33.34269840014637
633	33.18682932577267
634	33.322660166553426
635	33.13439465741387
636	33.26465001960901
637	33.52677518333347
638	33.33578820787026
639	33.12409866672611
640	33.15345066186974
641	33.30727115584188
642	33.04766071940377
643	33.24303062324557
644	33.44553419003267
645	33.032541660857575
646	33.20502659577762
647	33.29913097821274
648	33.11785185664261
649	33.001630123040734
650	33.13462428494403
651	33.16211115264642
652	32.91119343676708
653	33.216917786961275
654	32.74169595246202
655	32.80156160525299
656	32.94044270429093
657	33.116080400988764
658	33.062146071297306
659	33.328334571318244
660	33.282089088012874
661	32.691644499533155
662	32.7736119022559
663	32.58477991864872
664	32.93689461907565
665	32.814277087337324
666	32.89334820259535
667	33.08964174026547
668	32.774723794603155
669	32.713829993944756
670	32.85651042529455
671	33.000527143322174
672	32.66610794532088
673	32.678655278821466
674	32.656740746512064
675	33.02003563578465
676	32.94750697244545
677	32.75437574415565
678	32.42236015593675
679	32.76540006187479
680	32.56869632653062
681	32.62968743819803
682	32.796056324035405
683	32.414035380390196
684	32.7702282175981
685	32.43809827783116
686	32.48878366056734
687	32.459415967726024
688	32.39349889341452
689	32.13898982148531
690	32.69812957839261
691	32.304828916562464
692	32.29012629024321
693	32.37673652658086
694	32.11499399784934
695	31.98689503974028
696	32.05283643088236
697	32.46562904778321
698	32.15366213831385
699	32.09607827517878
700	32.32599660296769
701	32.27425800501055
702	31.958814242717608
703	31.818687306737836
704	32.08430104110172
705	32.17802007927419
706	32.105394386334964
707	31.94642742699102
708	31.87646472931567
709	32.064675127032814
710	31.892426170996217
711	32.07783668212957
712	31.82277864741667
713	31.646317612177487
714	31.632323214125137
715	31.792738439729654
716	31.69228097282603
717	31.909830574903765
718	31.64268109012511
719	31.751917069737786
720	32.00435829876661
721	31.7610785410306
722	31.680186930390498
723	32.751119996221114
724	31.37105224978023
725	31.932757926496716
726	31.80629124500471
727	32.08311755208994
728	31.49252182465518
729	31.98203997438038
730	31.30692738317905
731	31.620276771387097
732	31.561140387037135
733	31.368759152176786
734	31.69475657690753
735	31.30982586393492
736	31.44181640684605
737	31.387417356757215
738	31.62604827294119
739	31.413851561912015
740	31.58957424406498
741	31.221230565914762
742	31.48171276837648
743	31.220883891257326
744	31.406973810161592
745	31.170566036647188
746	31.300093445664565
747	31.088983574000288
748	31.28423320773588
749	31.279379799625385
750	31.176893009415675
751	31.02166512449684
752	31.45592108550961
753	30.85282431187528
754	31.321162761893913
755	31.110445172028736
756	30.72827104091792
757	30.886403855866902
758	30.983775710486693
759	30.86863392394994
760	30.866787431374348
761	30.907428274264944
762	30.613469294130955
763	30.99611455139653
764	31.158148973158838
765	30.905810472148453
766	31.35268750254779
767	30.858299778789654
768	30.61429184915444
769	30.477449069570508
770	30.504602094099692
771	30.91274375017252
772	30.645569835754294
773	30.391235747396266
774	30.37575189157824
775	30.824944591237173
776	30.98030952716263
777	30.342324061247137
778	30.79255227488331
779	30.510974075257916
780	30.320903652988942
781	30.652600460281896
782	30.594019181158146
783	30.60587806993136
784	30.777506038828303
785	30.309079617718236
786	30.656642321589473
787	30.433451047212
788	30.659538251558555
789	30.284280402563795
790	30.25292447786914
791	30.061122214171405
792	30.245770193888724
793	30.081502781102778
794	30.11359380916498
795	30.52647067098001
796	30.254002651799482
797	30.32719283521061
798	30.55895092937018
799	29.92137477084621
800	30.251153621985726
801	30.084553922216738
802	30.026015076458535
803	30.241716542785245
804	29.92602456278917
805	30.04060645217594
806	30.116133430435745
807	30.200887107634816
808	30.191384702254634
809	29.880963719856776
810	29.998351206308435
811	29.637724568551697
812	29.842589786587293
813	30.062451180686512
814	29.89824697823839
815	30.04645862311255
816	29.905329649235867
817	29.57721806381189
818	30.056155387136137
819	29.62233732326428
820	29.816814412918855
821	30.01763685295645
822	29.911711799065298
823	29.628972621277313
824	30.03846820854449
825	29.672255415461503
826	29.699168402608763
827	29.378487261090083
828	30.0411660326402
829	29.387720497281247
830	29.73548252436585
831	29.74694073501758
832	29.84902969288223
833	29.40310566223242
834	29.171011363722922
835	29.274507514761652
836	29.403143584558983
837	29.45605311524066
838	29.5884390182278
839	29.546486934998796
840	29.674146722061266
841	29.328432569944518
842	29.2382921798666
843	29.602321798150477
844	29.4028202738599
845	29.2973632334436
846	29.43111637213755
847	29.22671346442951
848	29.115209396557137
849	29.219011703527407
850	29.190329833222695
851	29.40834641786006
852	28.97388605223406
853	29.648735615971297
854	29.499177184800807
855	28.872602580644347
856	29.20824842763896
857	29.117121627646274
858	28.968331596830037
859	29.063398393541284
860	28.800680631581265
861	29.110981511823883
862	29.308035147296536
863	29.414947429645803
864	29.276105636060187
865	28.71501041145279
866	29.360066874736187
867	29.39491547885684
868	28.424338368946614
869	29.262358964116665
870	29.570106451369565
871	28.875875450568945
872	28.84390682271035
873	29.15597992884982
874	29.415295823860024
875	28.865793064200194
876	28.970871770785042
877	29.097810985090987
878	28.78101766958052
879	28.777352913999103
880	29.196024448117296
881	29.294588672906265
882	28.87132493820782
883	28.96703464293588
884	28.947986922352953
885	28.908859654044992
886	28.611312754095362
887	29.100716627920775
888	28.69667273794714
889	28.855994073376174
890	28.804290139399804
891	28.982939408086374
892	28.78665101296347
893	28.666781982986524
894	28.63396914663917
895	29.0198895628526
896	28.403055396829977
897	28.494321860603822
898	28.643997436474432
899	28.531529620078608
900	28.516601557055804
901	28.57576531609412
902	28.46651253496406
903	28.429800135479812
904	28.733245181831737
905	28.497226162673957
906	28.506858067238838
907	28.27671492224728
908	28.75608859491069
909	28.53379220398093
910	28.73184388732579
911	28.418911710521222
912	28.46789980444591
913	28.489553998145364
914	28.351780382183033
915	28.285860061080427
916	28.47504406979975
917	28.195242776309147
918	28.553121771884694
919	28.34325829729255
920	28.20103189528522
921	27.993334779471933
922	28.041265894090717
923	28.28570576398601
924	28.046717649786334
925	27.963968501458375
926	28.42871975338876
927	28.036193515629755
928	28.083848377745436
929	28.236325875421937
930	27.979811106729198
931	28.37112768175643
932	27.779196032894788
933	27.95603933598525
934	28.03632128407055
935	28.282732081237715
936	28.323846235901602
937	28.007233118483494
938	27.853411063446142
939	28.105679464188768
940	28.101178587425736
941	27.92970948686916
942	28.15373570789351
943	28.024926922659585
944	28.289396120139685
945	27.59374075682343
946	28.013786143361934
947	28.091575839997873
948	27.884686892578866
949	27.67296663285963
950	27.79501175784609
951	27.880781586417253
952	27.610088208807333
953	28.036576314795763
954	27.8528147201536
955	27.77711588802768
956	27.945051722123853
957	27.468568470751833
958	27.866123627300382
959	27.97329370738587
960	27.986963616623864
961	27.747329958123764
962	27.827099636581256
963	27.76443003448
964	27.70968893850303
965	27.630725609740537
966	27.43318478067346
967	27.500079995939664
968	27.534834006606687
969	27.58703954649414
970	27.590774277528414
971	27.44327916993125
972	27.437277468534273
973	26.981360570332242
974	27.890204835509465
975	27.69693970615512
976	27.45538352912277
977	27.626241423429395
978	27.317807488029757
979	27.377342567345256
980	27.1494793417123
981	27.455646327227623
982	27.52439766955684
983	27.547695891105533
984	27.26340744842784
985	27.23137793516009
986	27.37138547528294
987	27.031763665525713
988	27.266510853489148
989	27.32404144189846
990	27.459830989420244
991	27.17756521544765
992	27.10735438767066
993	27.08894205128737
994	27.191046380232642
995	26.969531425992653
996	27.27187222724497
997	27.186215809426432
998	27.08074971598014
999	26.94601544438703
1000	27.00400712751444
1001	27.090628481026613
1002	27.517263551415674
1003	27.151423295037407
1004	26.830794425721045
1005	26.867688844576694
1006	27.081477321152715
1007	27.058601417178412
1008	27.30813018364402
1009	26.944805615038707
1010	26.88736874036106
1011	26.995516249102227
1012	27.352887345373585
1013	26.818606864267366
1014	27.30450915759867
1015	26.975332668656765
1016	27.06571002145266
1017	26.8811251392422
1018	26.814327004690597
1019	26.926856327711597
1020	26.907101558283596
1021	26.530499338877178
1022	26.62489683690235
1023	27.238289730655474
1024	26.84845989061278
1025	26.522644746776983
1026	27.18804698173392
1027	26.593851033323194
1028	26.69183143496503
1029	26.67639671333062
1030	26.786943124414975
1031	26.80949421283435
1032	26.75994455373287
1033	26.622218931321193
1034	26.822950868255067
1035	26.790399389443262
1036	27.066573750374086
1037	26.716406311813458
1038	26.543909933301315
1039	26.734621909668025
1040	26.744322288261873
1041	26.565812495512937
1042	26.582048277226598
1043	26.401278413530328
1044	26.539407266765885
1045	26.887470945060237
1046	26.455942727828482
1047	26.626982348566393
1048	26.556846485790675
1049	26.617474131854316
1050	26.44719975645669
1051	26.79322182413887
1052	26.729699250321538
1053	26.796889655239386
1054	26.544935834224727
1055	26.24280233134578
1056	26.3227822814431
1057	26.96592961360659
1058	26.153084465905692
1059	26.73389948401154
1060	26.3476772331995
1061	26.507279998557795
1062	26.339395781800246
1063	26.369299609069024
1064	26.563280751727234
1065	26.379233891856213
1066	26.318241601756995
1067	26.725515061848625
1068	26.516124717317275
1069	26.196529413734336
1070	26.28925143593254
1071	26.17548958166322
1072	26.01869636128125
1073	26.37842754210112
1074	26.088437645246884
1075	26.447258639007043
1076	26.30064537211901
1077	26.342649682974244
1078	26.449742968833338
1079	26.060338513991486
1080	26.17064170907622
1081	26.151461877539884
1082	26.45974165974961
1083	26.127866261341566
1084	26.020372019794035
1085	26.058395375399822
1086	26.062476684146183
1087	26.27776830663862
1088	25.862160557217535
1089	26.26299145347039
1090	26.242656098605934
1091	26.313297125030743
1092	26.139444008113312
1093	25.92314758986617
1094	26.017489607998808
1095	25.85106120003255
1096	26.529397448436626
1097	25.912943277965596
1098	26.171303448959733
1099	25.993156716487693
1100	26.2011211334371
1101	26.027485925363223
1102	25.782853267770754
1103	25.89860747868304
1104	26.22764411679709
1105	26.27912880474769
1106	26.040693162192042
1107	25.87385413621769
1108	25.8853485838102
1109	25.79822069352987
1110	25.629326932458703
1111	25.84262671470033
1112	25.950549067641344
1113	25.833085735113016
1114	25.998074792021896
1115	25.77756502513692
1116	25.839972078405786
1117	25.741645565543607
1118	25.664996060120593
1119	25.524630206128723
1120	25.629126596197818
1121	25.607542149296147
1122	25.750748509443863
1123	26.043686484636932
1124	25.761998034387933
1125	25.816374193188153
1126	25.467711224336416
1127	26.11916531921712
1128	26.09272368830642
1129	25.667576181855413
1130	25.969842446678957
1131	25.56823649524763
1132	25.589510306804993
1133	25.658908741134876
1134	25.661957223268423
1135	25.522332927152856
1136	25.466455439477134
1137	25.489731450365184
1138	25.551580064126657
1139	25.364562748242804
1140	25.851852621014647
1141	25.515618130108127
1142	25.603352301883053
1143	25.638067483479904
1144	25.456240659977844
1145	25.419815547777752
1146	25.46372219832619
1147	25.47040234109534
1148	25.535082180479947
1149	25.909271640336247
1150	25.250430981009792
1151	25.4502498079009
1152	24.96535263375896
1153	25.249963353507873
1154	25.60884252621711
1155	25.49919524760663
1156	25.442889979408577
1157	25.39320258290036
1158	25.712114641242774
1159	25.65548570067723
1160	25.115759975365826
1161	25.25789403855339
1162	25.429931804704584
1163	25.09361098614077
1164	25.489861453294054
1165	25.37712731250775
1166	25.535161202517806
1167	25.08403514987224
1168	25.30416399357128
1169	25.211288722222257
1170	25.36777823983256
1171	25.130967744799328
1172	25.54984964149148
1173	25.216706789896236
1174	25.267687704140428
1175	24.943247549569556
1176	25.131273507555008
1177	25.416428433442473
1178	25.292680832689094
1179	25.075057974220204
1180	25.4126115476915
1181	25.18243641056615
1182	25.111014855007628
1183	25.128194908549403
1184	25.202798054009303
1185	25.265045759633033
1186	25.083265170345708
1187	25.061476041934213
1188	25.519074798768564
1189	25.27438641474898
1190	25.144262264655026
1191	24.75010344471465
1192	25.29827905032763
1193	25.065814588102644
1194	25.3688432618986
1195	24.9456608183074
1196	25.056869474108385
1197	24.95184797849676
1198	25.263230229095313
1199	25.012556096833563
1200	24.918989638453205
1201	24.511333671897074
1202	24.896600918040345
1203	24.992138937256524
1204	24.816424469800378
1205	25.122283425281413
1206	25.190955917828518
1207	25.18086680228303
1208	25.077947606969257
1209	24.795543622533312
1210	25.26681277697422
1211	24.69818225441671
1212	25.155443635693654
1213	24.82778067871249
1214	24.99729224891179
1215	25.086440903487194
1216	24.812641572782173
1217	24.909514788204177
1218	24.837285217896493
1219	25.146889858027755
1220	24.922012053784982
1221	24.584302286744713
1222	24.598676412220325
1223	24.809540802391428
1224	24.8908937495898
1225	25.060830248323573
1226	24.810407939824824
1227	24.47136332140613
1228	24.66616553422651
1229	24.334016066435968
1230	24.858453533393547
1231	24.44583226933476
1232	24.67826128598839
1233	24.70885056895256
1234	25.01364672217775
1235	24.79814662109552
1236	24.415587606778374
1237	24.638205578035283
1238	24.62776829493844
1239	24.406527414188574
1240	24.711842995514008
1241	24.688632404728807
1242	24.570940602581103
1243	24.78355035675193
1244	24.623842598792738
1245	24.676904482751056
1246	24.32720293780649
1247	24.58907041582476
1248	24.8157175724763
1249	24.46924822249111
1250	24.68641855067409
1251	24.609237467044924
1252	24.58913478581344
1253	24.536682636554634
1254	24.81361870280341
1255	24.66139691879415
1256	24.65487731274968
1257	24.13587746804415
1258	24.633540276989013
1259	24.6520721336416
1260	24.897380096874315
1261	24.12014493994056
1262	24.460990782903533
1263	24.369239141330056
1264	23.942297918296944
1265	24.111291758564246
1266	24.471183297920472
1267	24.516714304454446
1268	24.487896948671054
1269	24.46210920172159
1270	24.33868085006837
1271	24.667655931652334
1272	24.233075940917715
1273	24.533149953879434
1274	24.31638887529559
1275	24.427628658135674
1276	24.655824941011154
1277	24.092411517432176
1278	24.49067319287286
1279	24.290925706974175
1280	24.586368741868824
1281	24.411134577247022
1282	24.198423709443965
1283	24.341241653348366
1284	24.134274271928568
1285	24.36459160129715
1286	24.360875839063315
1287	23.90425220192353
1288	24.17854498474596
1289	23.966498922476834
1290	24.02056207750349
1291	24.24732645207035
1292	24.04084931905857
1293	24.178910179982363
1294	24.49280880467157
1295	24.110311859200785
1296	24.224866526224282
1297	24.163690500287068
1298	24.147687298862113
1299	24.10196592206688
1300	23.90931790420377
1301	24.050057653841886
1302	23.79349124696141
1303	24.01000311342279
1304	24.47371632642756
1305	23.806956167606955
1306	23.988142394000995
1307	23.68561421590196
1308	23.659213327133255
1309	24.07983690010166
1310	24.066456964022723
1311	24.041178247509645
1312	23.890598143804944
1313	23.95215754939376
1314	24.095141355931343
1315	23.639036977058034
1316	24.031219485560303
1317	24.32444751339823
1318	24.06212501775533
1319	23.825500950534224
1320	24.242245231126187
1321	23.950915695186477
1322	24.065545946504347
1323	23.81266816777436
1324	23.976468958015328
1325	23.483937582103685
1326	23.946631022509347
1327	23.7396851877568
1328	23.974483339129044
1329	23.763326374390807
1330	23.86355827632885
1331	23.771275397496822
1332	23.790531192357133
1333	23.746874747587054
1334	23.84504791611622
1335	23.87901698352619
1336	23.791871379987438
1337	23.771317027247697
1338	23.721461793518476
1339	23.88755738210703
1340	23.593929884041177
1341	23.81792120692706
1342	23.49630382501795
1343	23.616126699603615
1344	23.804884718753392
1345	24.049877199536187
1346	23.703922110156626
1347	23.94101766257385
1348	23.597933547775224
1349	24.020930297996305
1350	23.88223616232528
1351	23.931651820310492
1352	23.797979826743212
1353	23.819094055455476
1354	23.749995359746464
1355	23.99605668816178
1356	23.818686761120343
1357	23.514382971183892
1358	23.555723933782215
1359	23.965674097024188
1360	23.61473691024538
1361	23.60538196956219
1362	23.85872955525878
1363	23.470141129561284
1364	23.69512252902892
1365	23.39184429028586
1366	23.66731230969892
1367	23.67625808980495
1368	23.878835875119506
1369	23.52981053105349
1370	23.923868125353206
1371	23.450326268829784
1372	23.59135037884422
1373	23.538126591768926
1374	23.53006839930076
1375	23.538883290441092
1376	23.77229153021184
1377	23.656918401131602
1378	23.728899776619905
1379	23.5711101870068
1380	23.690943836116002
1381	23.655558570472223
1382	23.741999265386788
1383	23.580165153461955
1384	23.84156661038255
1385	23.268065052150376
1386	23.425671553599443
1387	23.440731563174072
1388	23.681739908976674
1389	23.548913189891124
1390	23.497609211063704
1391	23.40494935030597
1392	23.299338613644622
1393	23.363408372748978
1394	23.882867612247733
1395	23.382871137466868
1396	23.652408531744538
1397	23.571545245844142
1398	23.162682270122968
1399	23.470335774902438
1400	23.827778250824455
1401	23.992371992183376
1402	23.990321745216068
1403	23.275095560900937
1404	23.51910532224398
1405	23.371274189507286
1406	23.649069649824074
1407	23.452424378941465
1408	23.612844216392737
1409	23.212042567749013
1410	23.38025497830008
1411	23.364564845184383
1412	23.347001201541556
1413	23.24260206292248
1414	23.338998589209258
1415	23.256302163045564
1416	23.20994525986732
1417	23.346775877925165
1418	23.323299843309663
1419	23.071733832190592
1420	23.202292283656877
1421	23.14077914435094
1422	23.323878987957446
1423	23.138975261952336
1424	23.144460120429006
1425	23.413253472545033
1426	23.410641098238944
1427	23.25009938206198
1428	23.202856368812498
1429	23.058942384919302
1430	23.22394428456918
1431	23.216898428472643
1432	23.27099035507721
1433	23.19282601743606
1434	23.05161380781453
1435	23.41628031913886
1436	23.03543685417806
1437	23.090817973386198
1438	22.95680897278248
1439	23.31226412522817
1440	23.334667407148824
1441	23.251828205888383
1442	22.819348997703845
1443	23.137276514158224
1444	23.34017401101773
1445	23.268685770823947
1446	23.194347886102385
1447	23.141729837829597
1448	22.91874099704306
1449	23.30260469571904
1450	23.13704842942289
1451	23.078748517850947
1452	23.40426508197791
1453	23.22362322105624
1454	22.844410118737603
1455	23.14920930966147
1456	23.126831310978584
1457	23.058462990850746
1458	22.867604246744786
1459	23.177391389445443
1460	22.847714722888234
1461	23.228680761247855
1462	22.90563830541996
1463	22.713934317342716
1464	23.169124855469676
1465	23.038351727632307
1466	23.125475682246186
1467	23.016563491141042
1468	23.31378621898724
1469	22.936956820656135
1470	22.83838127314497
1471	23.294256343584742
1472	22.690623082129605
1473	23.09014587639381
1474	22.963440510652386
1475	22.875016353420055
1476	22.860220227550712
1477	22.974162820374737
1478	22.845152528330612
1479	22.417516944977343
1480	22.969728419238308
1481	22.969370737693414
1482	23.026472082722286
1483	22.77012496355223
1484	22.89791572083585
1485	22.940954550925916
1486	23.062088869275698
1487	22.661897360081117
1488	22.669372543152676
1489	22.73008022074714
1490	23.060028150406882
1491	22.57239173254643
1492	23.015302922836558
1493	22.749142241292205
1494	23.136849716333785
1495	22.715551510785335
1496	22.478440511654497
1497	23.055017533929956
1498	23.05435765182788
1499	22.55276479758095
1500	22.68220277094065
1501	22.57895372706733
1502	22.878123458212986
1503	22.7648063381313
1504	22.64586721436562
1505	22.751515993629877
1506	22.486711559764775
1507	22.822389358307632
1508	22.60678676672103
1509	22.48026059976137
1510	22.875458876828976
1511	22.827221764988924
1512	22.788376386962593
1513	22.575329173073175
1514	22.54485467704022
1515	22.574826542366043
1516	22.52845829474819
1517	22.961173912344663
1518	22.59058206339466
1519	22.34937416966439
1520	22.631202978553233
1521	22.60632611831782
1522	22.57836291231321
1523	22.447460829376894
1524	22.435939781195113
1525	22.610305276582363
1526	22.51075333934201
1527	22.578299541924874
1528	22.340695793815744
1529	22.290442778440774
1530	22.185034287940244
1531	22.58815023358831
1532	22.47600631270051
1533	22.46514275353564
1534	22.669564235171023
1535	22.400026809510084
1536	22.781439304057557
1537	22.47277943545782
1538	22.45535691990101
1539	22.546358489832997
1540	22.783712116750454
1541	22.421063624189596
1542	22.57663095502733
1543	22.385208612402003
1544	22.62157663063298
1545	22.550816084926478
1546	22.258529314266198
1547	22.30274709527128
1548	22.538733265518733
1549	22.257446435864555
1550	22.65750973486975
1551	22.081184518020095
1552	22.306947559161717
1553	22.204839453222423
1554	22.621732602792473
1555	22.09233171412179
1556	22.227643175573924
1557	22.483403831820972
1558	22.44415173354801
1559	22.159895634681842
1560	22.278796207487296
1561	22.53626214163621
1562	22.67892986216176
1563	22.530434191713933
1564	22.562381361790678
1565	22.19274549751299
1566	22.37226557000258
1567	22.48110480093949
1568	22.560955677792276
1569	21.97615377002578
1570	22.573731849093768
1571	22.626295100203343
1572	22.29821772729587
1573	22.295153099533337
1574	22.315666835945223
1575	22.16316410030776
1576	22.373516366830398
1577	22.311486421962417
1578	22.138638943248466
1579	22.11333263268484
1580	22.324246380079156
1581	22.324319398336932
1582	22.34595872507213
1583	22.181401618201022
1584	22.507422949398826
1585	22.258473066092655
1586	22.406589303211547
1587	22.208679018564176
1588	22.29912115808323
1589	22.4620376563576
1590	22.42964453514649
1591	22.19430217550169
1592	22.43852088191443
1593	22.206909037080848
1594	21.849043415852822
1595	22.30567320622912
1596	22.2435256494188
1597	21.95521526836405
1598	22.466305813608056
1599	22.143437709137658
1600	22.1592782869139
1601	22.09156301718686
1602	22.203195205763897
1603	22.18894360432566
1604	22.146921907693756
1605	22.173523670544785
1606	22.060271297425004
1607	21.967028088837846
1608	22.382380608786995
1609	22.076052767338307
1610	22.404763048186854
1611	22.31906983876413
1612	21.996632080954537
1613	22.12673302707637
1614	21.99974132880216
1615	22.102101466255192
1616	21.98100990324937
1617	22.118348575490568
1618	22.026375329272685
1619	22.079139878756617
1620	22.23137186522796
1621	22.372562921282288
1622	21.99993744875875
1623	22.22147302935191
1624	21.880322378858278
1625	21.995730281893252
1626	22.12533577512558
1627	21.79440102767851
1628	22.387215751973926
1629	22.010725933762075
1630	21.87190427145627
1631	22.324626258290024
1632	22.10432871595868
1633	22.086054114927837
1634	22.244458976675173
1635	22.076430751987964
1636	22.09026277468332
1637	22.08861848233877
1638	22.57155533747883
1639	21.690632162241748
1640	21.836693746625972
1641	21.89041888417313
1642	21.821667242345573
1643	22.09351756624891
1644	22.061712614915876
1645	21.947993567613086
1646	22.1232786604981
1647	21.98125349483046
1648	21.70756688300647
1649	21.836972152365377
1650	21.77429270711994
1651	21.910742106772854
1652	21.9534948689681
1653	21.845805473559494
1654	22.010569510759417
1655	21.963453757200295
1656	22.03439740397136
1657	21.944036934115893
1658	21.935428975058162
1659	21.83557618943902
1660	21.838794386237577
1661	21.666002223598287
1662	21.833402710565288
1663	22.02224238775859
1664	22.030338791207576
1665	22.089721240000863
1666	21.74315937501524
1667	21.66062736954447
1668	22.186400713702433
1669	21.88059451072632
1670	21.83046366482833
1671	21.706344058397775
1672	21.796449454092702
1673	21.515692569411357
1674	21.919382225605347
1675	21.943537387144953
1676	21.79399726109081
1677	21.848289190950705
1678	21.778145856718854
1679	21.734396699557973
1680	21.470927448334656
1681	21.833509920740134
1682	21.88313438442624
1683	21.939846751173413
1684	21.78569208812321
1685	21.73084025928775
1686	21.807042975469002
1687	21.54023167848099
1688	21.645419786216976
1689	21.665397355142055
1690	21.59340656828395
1691	21.66955908120023
1692	21.487880255352234
1693	21.77120950592349
1694	21.556422810918413
1695	21.607282398283466
1696	21.753679187875896
1697	22.10798912659096
1698	21.76768524480728
1699	21.55486643547973
1700	21.765682382322577
1701	21.644902961167247
1702	21.283627177501
1703	21.39008742364707
1704	21.418848660911245
1705	21.7584226403834
1706	21.673058236919506
1707	21.650427868406027
1708	21.746126516682082
1709	21.37268732179186
1710	21.81091435904974
1711	22.014985946930658
1712	21.28618634558824
1713	21.629978331688708
1714	21.658835704438292
1715	21.542632424382518
1716	21.418802272101765
1717	21.500615226190632
1718	21.59373154105587
1719	21.36407987972227
1720	21.392723052808112
1721	21.49544017462089
1722	21.408338881795103
1723	21.459121502270964
1724	21.42019504754016
1725	21.66333285191408
1726	21.82308315590247
1727	21.51801252591278
1728	21.501766877522872
1729	21.534625314153427
1730	21.314111525459698
1731	21.486089578338323
1732	21.36997412118841
1733	21.348061337984078
1734	21.332894185757667
1735	21.087205288873058
1736	21.400843293361905
1737	21.293720566221005
1738	21.4026485599999
1739	21.532848783205353
1740	21.216036997531724
1741	21.22836709235786
1742	21.404773762333384
1743	21.559298872458477
1744	21.265533560985016
1745	21.352192637549177
1746	21.526681187671613
1747	21.543720512532595
1748	21.465276580968606
1749	21.487859894009645
1750	21.399119939301194
1751	21.399206156121355
1752	21.52581657633949
1753	21.250172777615575
1754	21.718407342339553
1755	21.539893919361962
1756	21.64068318637163
1757	21.74875495692415
1758	21.48582004542207
1759	21.504703536881713
1760	21.585324387151786
1761	21.475262593879815
1762	21.513525555283458
1763	21.123920809770222
1764	21.278190350671093
1765	21.186996973134985
1766	21.064791680005268
1767	21.309453513745922
1768	21.22454187847656
1769	20.935115576120808
1770	21.16269220152184
1771	21.36400241923286
1772	21.234508612899877
1773	21.02381221037187
1774	21.336318697709693
1775	21.10605946104812
1776	21.264836401911644
1777	21.089218582332318
1778	21.004611946508717
1779	20.94033762407242
1780	21.149531704068718
1781	21.295657373103346
1782	21.35496851990755
1783	21.240872924620664
1784	21.063188385914117
1785	21.296371293326928
1786	21.304355413108276
1787	21.016419656565404
1788	21.1323559656115
1789	21.290099197137668
1790	21.23865975635118
1791	20.777568356810317
1792	21.245557500142326
1793	21.31495998931165
1794	21.22823926517003
1795	21.20670893291257
1796	21.305759287491775
1797	21.403452570140537
1798	21.362576169522317
1799	21.076213469787298
1800	21.40071374699054
1801	21.09889554421728
1802	21.353151320699908
1803	21.172114202177884
1804	21.050161768061713
1805	21.076655694276866
1806	21.29124568656196
1807	21.193837342255417
1808	20.949471483877904
1809	20.845827308905182
1810	21.283853372956678
1811	21.430958806016854
1812	21.608862833101306
1813	21.328836258209897
1814	21.22565500465565
1815	21.137502356055176
1816	21.290607073052648
1817	21.294408365110158
1818	20.832534846309798
1819	21.010473932674984
1820	21.111232428404147
1821	21.255567015795386
1822	20.926156695175127
1823	21.06357923043133
1824	21.15301806992848
1825	21.14877086735326
1826	20.878981026748882
1827	21.12778398111294
1828	20.875857895702758
1829	21.06329090407611
1830	21.23492624990782
1831	20.92761180674682
1832	20.767462193362356
1833	21.099598208899952
1834	20.993142643510474
1835	21.039135317710976
1836	20.925290470903725
1837	21.02887023029181
1838	20.988817796499568
1839	21.163421435089205
1840	21.06463471598039
1841	20.916212989334188
1842	20.871976221644776
1843	20.965522034523183
1844	20.968782703382878
1845	21.02592901253793
1846	21.087445567271644
1847	21.01271465318103
1848	21.060360146311172
1849	21.280536258399
1850	20.854860209134504
1851	21.017956247128456
1852	20.943853170074487
1853	20.758035992363883
1854	20.980174444500094
1855	20.954486237694976
1856	21.03295189021494
1857	21.042693507188247
1858	20.973296912036133
1859	21.083363461045437
1860	21.110742993182296
1861	20.920553332209728
1862	20.815845293584427
1863	20.933611331720417
1864	21.145799572352022
1865	20.966091822449737
1866	21.00255725060372
1867	21.079103684275857
1868	20.68887998908952
1869	20.760561569220446
1870	20.7957716985113
1871	21.15595997756727
1872	20.92031525585292
1873	21.16262090918986
1874	20.71319195674972
1875	21.081180636549675
1876	20.71363882846183
1877	20.779632015162207
1878	20.64793510067898
1879	20.884805966432683
1880	20.7925815301878
1881	20.774064311572904
1882	20.694242880404275
1883	20.772709817073768
1884	20.684338384758128
1885	20.625457273159434
1886	20.88500101952654
1887	20.7847283965966
1888	20.548877239053322
1889	20.97775182772824
1890	20.729842982157233
1891	20.750762668689983
1892	20.895727891311264
1893	20.708551937252068
1894	20.647456207869066
1895	20.62023470855425
1896	20.726937334307937
1897	20.80154729974661
1898	20.541979811045763
1899	20.72403986086264
1900	20.890707941707163
1901	20.52218171019875
1902	20.764167752772995
1903	20.482962911228306
1904	20.96039111433766
1905	20.49969516827305
1906	21.01499160324406
1907	20.916143270662126
1908	20.50858340767874
1909	20.665642421857694
1910	20.704390298274287
1911	20.775863656445217
1912	20.78258619773565
1913	20.507401949909656
1914	20.761343783943726
1915	20.74065583639115
1916	20.2889143756511
1917	20.694063380069544
1918	20.74056176313566
1919	20.693188193028796
1920	20.690496226622738
1921	20.949116874414884
1922	20.566698035237
1923	20.497199356557182
1924	20.637704349912482
1925	20.757652885959384
1926	20.82598202184882
1927	20.62431048447858
1928	20.68874912115354
1929	20.494997653211552
1930	20.441432360274053
1931	20.70501190068452
1932	20.69766877321064
1933	20.669091013069735
1934	20.410142913399948
1935	20.405415917064232
1936	20.22525444502503
1937	20.520909512682234
1938	20.611756024806496
1939	20.38541367080454
1940	20.56250826786176
1941	20.7143968484329
1942	20.694816748137548
1943	20.852540152287407
1944	20.703641422232916
1945	20.556044482194885
1946	20.60225087317865
1947	20.5898857341683
1948	20.5628981914683
1949	20.460738403972353
1950	20.34443699082308
1951	20.395976781552953
1952	20.72364157043005
1953	20.659179384183144
1954	20.696369835396673
1955	20.6333826261456
1956	20.53485341585657
1957	20.369823350036214
1958	20.443717831628764
1959	20.42713067373578
1960	20.371016513776308
1961	20.8201431134474
1962	20.352662749723496
1963	20.60328373690852
1964	20.292923518279895
1965	20.694062379628907
1966	21.136796086951744
1967	20.444250310246264
1968	20.715462065475887
1969	20.49073063349737
1970	20.622912287533158
1971	20.57839030764276
1972	20.43082142669707
1973	20.341571492731912
1974	20.373382570694066
1975	20.46026381370574
1976	20.569071817347186
1977	20.366016535908305
1978	20.433142135567934
1979	20.690214596799805
1980	20.13027470103281
1981	20.383052675512932
1982	20.530570869585752
1983	20.624618057376214
1984	20.385831411410027
1985	20.46874840834718
1986	20.68406772862411
1987	20.486203950156295
1988	20.533831023295726
1989	20.23540642662907
1990	20.65922605236975
1991	20.600549930921485
1992	20.266765744130073
1993	20.21822830432226
1994	20.47240388292696
1995	20.63655631220586
1996	20.87541858347423
1997	20.269203259207394
1998	20.421887659678905
1999	20.17156231250163
2000	20.205823619341896
2001	20.334207643672922
2002	20.18701694045412
2003	20.172013501824633
2004	20.321921521665075
2005	20.495696192312824
2006	20.273369262573368
2007	20.53876088791427
2008	20.16309804437142
2009	20.418491633470232
2010	20.355213426748936
2011	20.60494264240954
2012	20.311283428186666
2013	20.175867312027606
2014	20.37100568695421
2015	20.426811048306583
2016	20.347228757397833
2017	20.275577551868913
2018	20.265908454092386
2019	20.372732676130752
2020	20.187296945218296
2021	20.21773616774409
2022	20.2082784851857
2023	20.502573456221928
2024	20.547431770610807
2025	19.994885246418082
2026	20.250254271948723
2027	20.052546051180084
2028	20.233744748524703
2029	20.3794710417074
2030	20.264282412868155
2031	20.285001330022734
2032	20.40299581221592
2033	20.306748670049284
2034	19.933853907238536
2035	20.194458026899667
2036	20.55076583794666
2037	20.586440199818924
2038	20.490750433358716
2039	20.408303042682874
2040	20.2061733527001
2041	20.40627829347165
2042	20.509374111115964
2043	20.125202077709908
2044	20.28778668768594
2045	20.413126369581082
2046	20.03359162662823
2047	20.323684554777824
2048	19.979563320388134
2049	20.305678077419866
2050	20.268615141320282
2051	20.11729717108162
2052	20.136582434687597
2053	20.238996699533825
2054	20.29149689625138
2055	20.127266525124806
2056	20.085115382446517
2057	20.175668284371305
2058	20.36630929521412
2059	20.26832753905854
2060	19.85828585196885
2061	19.921888934387137
2062	19.99323431474192
2063	19.813692907955936
2064	20.13221337629895
2065	20.188111248055666
2066	20.28619141196981
2067	20.291522179655278
2068	20.140859173218573
2069	20.354901099869867
2070	20.166718263056215
2071	20.2831285750717
2072	20.042853718703846
2073	20.265980513984488
2074	20.04765336750827
2075	20.178645042445357
2076	20.04777402735048
2077	19.970428232159556
2078	19.993363654712294
2079	19.800604920138817
2080	19.904974323447497
2081	19.86064634068674
2082	20.11205506099286
2083	20.07452072819554
2084	20.276292037009902
2085	20.117708333533383
2086	20.171532156690674
2087	19.8140129573457
2088	20.3432533138462
2089	19.963724539052635
2090	20.023674221637094
2091	20.042041834641893
2092	19.777730469343886
2093	20.232245773345202
2094	19.787768411117874
2095	20.090156555746685
2096	20.222502923016606
2097	20.077068226460355
2098	20.04290755301963
2099	19.69227898730777
2100	19.85388578119444
2101	19.928179586635483
2102	20.036227563151414
2103	19.891379859574663
2104	20.08595623917114
2105	19.722950604024483
2106	19.974203714086343
2107	20.124931444452216
2108	19.825231690117853
2109	20.049596499166775
2110	20.062570428946014
2111	19.983441584888876
2112	19.83646617316551
2113	19.98872710866176
2114	20.23801351375028
2115	20.140334381365086
2116	19.766576773392163
2117	19.937158398614734
2118	20.20668741070194
2119	19.802668759070038
2120	20.152297348538642
2121	19.97003033471309
2122	20.11764989471355
2123	20.105318280859358
2124	19.846199913458094
2125	19.98231222724889
2126	19.991871148296603
2127	20.005215233541414
2128	19.93506645239132
2129	19.93624694547582
2130	20.108241614970485
2131	19.930028996182127
2132	20.10539471529269
2133	19.839821182943933
2134	19.829137722441608
2135	20.21633333701053
2136	19.969729096808532
2137	20.143617455302973
2138	19.96403180000877
2139	20.115835573945507
2140	19.907208561611206
2141	19.819793544548283
2142	19.74416842106074
2143	20.165854800593728
2144	20.094654650216956
2145	19.920289020945983
2146	20.057699328287267
2147	19.8044353627383
2148	19.808872170294965
2149	20.02372203972252
2150	19.723142577157812
2151	19.929031547408414
2152	19.785243008455517
2153	19.64434692388511
2154	19.746469823903293
2155	20.042461763454973
2156	19.916567686065147
2157	19.687985353200936
2158	19.67313483687411
2159	19.9842823177188
2160	19.81432072037121
2161	20.05659469391289
2162	19.858247733600045
2163	19.957566465253738
2164	19.835795385148817
2165	19.93172421258897
2166	20.072491108193216
2167	19.790013902413264
2168	19.787096698319772
2169	19.955621215318544
2170	19.639485154576857
2171	20.074487259921913
2172	19.714892693410516
2173	19.672966758498074
2174	19.627097536141292
2175	19.864719079978997
2176	20.084626639098072
2177	20.048298919564616
2178	19.72937121038905
2179	20.162437467982702
2180	19.584962592234152
2181	19.959213046847513
2182	19.659601207949752
2183	19.63144962557549
2184	20.000967174548357
2185	19.76406082307249
2186	19.652287367693976
2187	19.87836419232818
2188	19.842311296958247
2189	19.7241089030852
2190	19.630125217852562
2191	19.57600466332423
2192	19.657294731358576
2193	19.72095016550716
2194	19.55443566093349
2195	19.441155394976686
2196	19.69309839747047
2197	19.59827560025185
2198	19.700724786797114
2199	19.61291898031522
2200	19.575460342787725
2201	19.470223148481622
2202	20.00158620464369
2203	20.17407542140962
2204	19.57247283731965
2205	19.656400709872
2206	19.84612045711674
2207	19.705568338508286
2208	19.635907235856738
2209	19.505844896184627
2210	19.518612747424005
2211	19.622333909757582
2212	19.693714732453984
2213	19.634696092893222
2214	19.67777579033161
2215	19.70559308575308
2216	19.683875900595652
2217	19.656519515042625
2218	19.890629731575995
2219	19.29674248056035
2220	19.837167899907215
2221	19.917299497992488
2222	19.59291158375581
2223	19.717833873422606
2224	19.743689577836907
2225	19.633977705394088
2226	19.438775620718037
2227	19.571121433535893
2228	19.702150124631824
2229	19.778687439415382
2230	19.721519059316126
2231	19.906871986508648
2232	19.6248759864295
2233	19.301358401642627
2234	19.59519261613264
2235	19.978650648203995
2236	19.62762416633644
2237	19.576300454764564
2238	19.662708277821572
2239	19.680616518086214
2240	19.48871263040045
2241	19.592297682891004
2242	19.705439173983617
2243	19.417319498853804
2244	19.531358937409202
2245	19.48667591945612
2246	19.379126283220607
2247	19.5008745913242
2248	19.508789731851348
2249	19.269182706637235
2250	19.23265356041649
2251	19.127635494568093
2252	19.695550264201284
2253	19.505680287032245
2254	19.693511947365266
2255	19.522685492932776
2256	19.650238718762846
2257	19.484818352289295
2258	19.37241455098065
2259	19.55421057638505
2260	19.168380564473534
2261	19.382335152038365
2262	19.319944867051642
2263	19.255019905399074
2264	19.28187522395234
2265	19.49195643356138
2266	19.4089280464473
2267	19.598664890663727
2268	19.391688997133123
2269	19.44111812730759
2270	19.487962701899466
2271	19.57384506869597
2272	19.55862871321966
2273	19.602698449003892
2274	19.30415559007276
2275	19.55785045397006
2276	19.562858141019927
2277	19.505716231036924
2278	19.590138854262886
2279	19.359941723608923
2280	19.26694502376587
2281	19.51351446202755
2282	19.470400663695692
2283	19.914590981521535
2284	19.634348650350866
2285	18.978796240496642
2286	19.37544537253704
2287	19.34814240986112
2288	19.582526955953373
2289	19.49076780864601
2290	19.87222072175848
2291	19.418653917162004
2292	19.64484866460313
2293	18.991648921818438
2294	19.74802144984763
2295	19.2726938266503
2296	19.295493448002446
2297	19.40025957023494
2298	19.50797384967447
2299	19.364000662461404
2300	19.663204564239646
2301	19.375684993777615
2302	19.40838559393008
2303	19.345560791886204
2304	19.257643956205044
2305	19.344545962825173
2306	19.42916633640937
2307	19.306547120537246
2308	19.16605205360106
2309	19.633436542514726
2310	19.312090278146428
2311	19.305356998166562
2312	19.282656824427175
2313	19.62112500682935
2314	19.655322736541333
2315	19.457349503597147
2316	19.516944285158505
2317	19.33771405009517
2318	19.59764779598234
2319	19.325806271245934
2320	19.321388681243356
2321	19.380101073605296
2322	19.39417327679574
2323	19.406755573771218
2324	19.463513613710898
2325	19.275196249964523
2326	19.38833286086698
2327	19.494731263146384
2328	19.44091283318697
2329	19.249466525109334
2330	19.234427700721373
2331	19.424385093075212
2332	19.30181422315095
2333	19.32467645843536
2334	19.17738725917738
2335	19.172024553557854
2336	19.44862406439932
2337	19.169948001802965
2338	19.469455604083894
2339	19.44586913129356
2340	19.36689560437901
2341	19.64704894185451
2342	19.41996510041264
2343	19.35287565755499
2344	19.63542002073983
2345	19.44914001555486
2346	19.154754906630696
2347	19.39058121378468
2348	19.520661259101498
2349	19.249759178419314
2350	19.327869399435368
2351	19.636888940803633
2352	19.419262426088036
2353	19.190591023847155
2354	19.199158809524874
2355	19.565669050699444
2356	19.31406389202699
2357	19.096361028871787
2358	19.356965328799514
2359	19.378385337299186
2360	19.305750801444464
2361	19.513456674501217
2362	19.50513914334531
2363	19.252551854540354
2364	19.235129723366878
2365	19.144371746350906
2366	19.323799709624264
2367	19.366922220290835
2368	19.20746746885701
2369	19.205406898283265
2370	19.347829164398988
2371	19.51614943333969
2372	19.46820739000337
2373	19.565817684227888
2374	19.06822461063567
2375	19.383805168578988
2376	19.291424472136352
2377	19.267760802054017
2378	19.312134023041146
2379	19.327263100214758
2380	19.12275873205465
2381	19.14772825144068
2382	19.354421830258957
2383	19.213642612912246
2384	19.14476193611367
2385	19.29132586939786
2386	19.20921913227242
2387	19.404440314935787
2388	19.207633746155068
2389	19.51965384785374
2390	18.99230104030878
2391	19.39307257287282
2392	19.36870494856691
2393	19.374713525931185
2394	19.039242508009924
2395	19.07308291358419
2396	19.427754243972675
2397	19.33605685896683
2398	19.2787134731431
2399	19.15256377092458
2400	19.310284433388794
2401	19.077866650047017
2402	19.190845616137757
2403	18.816084311790608
2404	19.131903024060385
2405	18.922258586197355
2406	19.0505118167363
2407	19.02122393006328
2408	18.982435562830478
2409	18.973063581571108
2410	19.340954361597436
2411	19.17884071229018
2412	19.03845621992589
2413	19.20693153668633
2414	19.188255049336174
2415	19.165832343372646
2416	19.26240717568893
2417	19.072217281395623
2418	19.30909968146967
2419	19.339425887166357
2420	18.976481153867166
2421	19.200644909777836
2422	19.042172410266602
2423	18.991954649710657
2424	19.350584048273067
2425	19.095208253494004
2426	19.11821134811526
2427	19.244118054803504
2428	19.12966432033121
2429	19.023654990963923
2430	19.29154077449551
2431	19.290548733667443
2432	19.13318614982507
2433	19.423582269320146
2434	19.106926206129422
2435	19.073898226393936
2436	19.293203676862987
2437	19.193265796539507
2438	18.874154572735012
2439	19.244727788737784
2440	18.919169837159412
2441	19.255459083651093
2442	19.349724650564898
2443	19.06073232053424
2444	19.200994094366546
2445	18.88473067086317
2446	19.033711924518105
2447	18.764834431749783
2448	18.941107526262503
2449	18.977682935229883
2450	18.973637663463844
2451	19.359566430419022
2452	18.92278791330287
2453	18.931945341936224
2454	18.922342313794374
2455	19.085208084508633
2456	18.70340778220316
2457	18.983455352215557
2458	18.924077194798222
2459	18.96163574105912
2460	18.93341620589189
2461	18.72222293722084
2462	19.118965374578497
2463	18.973075204677272
2464	19.0187540763302
2465	19.185687032486626
2466	18.734754290201835
2467	19.122837104849747
2468	19.12996211079084
2469	19.03568498291258
2470	18.970355322247837
2471	19.135890397203813
2472	18.746829175666793
2473	18.926739071098908
2474	19.097117925983007
2475	19.00637341772149
2476	19.14509744013447
2477	19.287808412442917
2478	19.192517870645293
2479	19.0481465074817
2480	19.33850767252918
2481	19.31103637113692
2482	18.736619800050338
2483	19.16852699957853
2484	19.154200907849592
2485	18.95963443769418
2486	19.12680493161414
2487	18.949884500320323
2488	19.00640975131947
2489	18.914608159113854
2490	18.741564907547406
2491	19.15687776191752
2492	18.939510626486697
2493	19.017174833817485
2494	18.796167831530283
2495	18.708193990130937
2496	18.96535785266704
2497	18.918819023049572
2498	19.051040595250882
2499	18.96816780894741
2500	18.674138492752522
2501	18.80657330288953
2502	19.142812664351133
2503	18.97035765116249
2504	19.22763744475767
2505	18.99642703906039
2506	18.761476802446104
2507	18.920095494490365
2508	18.74124340716887
2509	18.856354689440103
2510	18.792687718650296
2511	18.815947458726523
2512	18.788881021970024
2513	18.902354731128202
2514	19.179542637951087
2515	18.799470610458744
2516	18.952655557318028
2517	18.76025118498301
2518	19.237126672789394
2519	18.745222399661387
2520	19.18068323224415
2521	18.77523857148042
2522	18.942345269078107
2523	18.851664889234833
2524	18.81680655245772
2525	18.873601110149895
2526	18.856543523593782
2527	18.73803270096877
2528	18.691909278126097
2529	19.140339124978805
2530	18.969861011266943
2531	18.860193982157828
2532	18.865759225005323
2533	19.098333283317622
2534	19.093592969853457
2535	18.822611271045787
2536	18.641905275542143
2537	19.096052770904087
2538	18.79330827626465
2539	18.95130993346099
2540	18.960628810631412
2541	18.904403727755223
2542	19.09056613804104
2543	18.896283296401013
2544	18.927664849401587
2545	18.919543864369288
2546	19.02611644985133
2547	19.054799370179683
2548	18.828659269444323
2549	18.8541926139753
2550	18.89751723866525
2551	18.830943018246522
2552	18.90040114715927
2553	19.04547506275473
2554	19.254198372368293
2555	18.884285487523027
2556	19.220426264238704
2557	18.878316722887785
2558	18.87341366213877
2559	18.78331547252597
2560	18.868269145345995
2561	18.8613185126689
2562	18.815659882415463
2563	18.885823875207073
2564	18.928344987649403
2565	18.658701518558647
2566	18.861440099189995
2567	18.961299168513303
2568	18.738223785867337
2569	18.767808050260253
2570	18.81880941016158
2571	18.814036532064065
2572	19.1124255870781
2573	18.525980417099056
2574	19.082359304144
2575	18.911995414856314
2576	18.689839147666973
2577	18.893406649797587
2578	18.68435932616691
2579	18.563257435161127
2580	18.663905332594695
2581	18.66398962224626
2582	18.655390555491266
2583	18.798952698098475
2584	18.649889682710864
2585	18.568022816476024
2586	18.812044349174222
2587	18.754450726189432
2588	18.754706470691538
2589	18.83397534664877
2590	18.600643117497842
2591	18.73683613316931
2592	18.696797128032422
2593	18.752156091392983
2594	18.6712107745692
2595	18.57785649080967
2596	18.796121910670948
2597	18.46364044791451
2598	18.444703161104396
2599	18.6817450931485
2600	18.85871579615382
2601	18.59440797756459
2602	18.530525206078952
2603	18.582572189591048
2604	18.501720952777674
2605	18.997992216082178
2606	19.019927700422564
2607	18.793913887770803
2608	18.780090789827593
2609	18.875739188752377
2610	18.930960250108832
2611	18.845118246883946
2612	18.672848081517014
2613	18.68378584216583
2614	18.820870794182934
2615	18.772066219711842
2616	18.65481859967307
2617	18.730531195142238
2618	18.68138978816979
2619	19.040844487912914
2620	18.752988574042977
2621	18.73331324528727
2622	18.976728391261783
2623	18.708422360125148
2624	18.59013218390861
2625	18.788706605383542
2626	18.756554121827577
2627	18.534992960527667
2628	18.37108940080686
2629	18.686875306315503
2630	18.622442435154227
2631	18.585754142376825
2632	18.821356729974468
2633	18.78821327707014
2634	18.209308916703975
2635	18.53705443890586
2636	18.60138878681407
2637	18.284610718074312
2638	18.60020260896281
2639	18.49384522913183
2640	18.49716846201176
2641	18.627966371883964
2642	18.74034946335501
2643	18.830786716802084
2644	18.933416836610473
2645	18.74399758887708
2646	18.460338341274817
2647	18.70464603143151
2648	18.666372798683845
2649	18.576584313800314
2650	18.433446617213114
2651	18.46927132302213
2652	18.561778760056857
2653	18.646489327813754
2654	18.41734880824467
2655	18.658753816431503
2656	18.69991075720392
2657	18.8597797827899
2658	18.631483576078203
2659	18.713995848528786
2660	18.646169133384348
2661	18.560926647127722
2662	18.47579370755151
2663	18.36836727508273
2664	18.248678979920605
2665	18.53619117492004
2666	18.674759507492485
2667	18.62051378106177
2668	18.8399073473633
2669	18.490840054009706
2670	18.643939532972055
2671	18.4089668849586
2672	18.714653671249845
2673	18.563005804552805
2674	18.590371833466886
2675	18.63016059263158
2676	18.603510292652075
2677	18.657011174997255
2678	18.381446684498407
2679	18.42343239346878
2680	18.43874283797963
2681	18.583560327340273
2682	18.400562348453512
2683	18.650841680318955
2684	18.436755442722063
2685	18.7176708623842
2686	18.467968676965054
2687	18.27824627049336
2688	18.471942883040864
2689	18.601421603172984
2690	18.270319594777636
2691	18.64871707737856
2692	18.315435167533206
2693	18.527110923551145
2694	18.66662864454993
2695	18.74142740641997
2696	18.62176839465892
2697	18.573730542490313
2698	18.60083245458799
2699	18.71891357615883
2700	18.589499006919866
2701	18.898031712629795
2702	18.714674502244257
2703	18.712772141979734
2704	18.375304509961012
2705	18.635731315322513
2706	18.697391501967214
2707	18.76141312162384
2708	18.69245717100991
2709	18.163720161938027
2710	18.426719467429695
2711	18.584727767610353
2712	18.23061649983259
2713	18.602488428263364
2714	18.55374807561342
2715	18.605303657738126
2716	18.683753182489454
2717	18.210794349861942
2718	18.851143630652437
2719	18.388047249904044
2720	18.590464660620576
2721	18.418803106373435
2722	18.471646428933003
2723	18.495342449479153
2724	18.431426481925158
2725	18.539256506570318
2726	18.538403272774236
2727	18.60895826177914
2728	18.750332806996646
2729	18.30037805978512
2730	18.596688519828746
2731	18.487587416825214
2732	18.457268568465615
2733	18.229224654693823
2734	18.631807181411784
2735	18.420432494235698
2736	18.363050282007638
2737	18.43001201518718
2738	18.58567058460097
2739	18.456948788138934
2740	18.545199292994546
2741	18.446783037942367
2742	18.461376809713745
2743	18.485460328443384
2744	18.68427278323474
2745	18.42352918447691
2746	18.756814931915134
2747	18.41865425637205
2748	18.68995666649085
2749	18.512231678863078
2750	18.677132732350568
2751	18.347929589625657
2752	18.712021117629757
2753	18.35287799417513
2754	18.442915396175955
2755	18.67807814491826
2756	18.411715379359386
2757	18.664467987001515
2758	18.630099910523008
2759	18.769019578600574
2760	18.55989835230063
2761	18.328920656617733
2762	18.222568209158087
2763	18.299038091813145
2764	18.573823569985436
2765	18.637246214919305
2766	18.334525379398315
2767	18.51836486965032
2768	18.549643292165282
2769	18.656698100129354
2770	18.535389736648057
2771	18.598884310507444
2772	18.558857329263876
2773	18.24971520737256
2774	18.465929160444517
2775	18.286376947438267
2776	18.696996436407453
2777	18.475943223002968
2778	18.166344764763988
2779	18.55727249017759
2780	18.414538739561277
2781	18.024197851493188
2782	18.539093436842247
2783	18.254978481579627
2784	18.338155668668442
2785	18.529116402630596
2786	18.307408706880683
2787	18.571555646915876
2788	18.526870736199893
2789	18.550518918553173
2790	18.437076936413053
2791	18.589178235600105
2792	18.670570407562547
2793	18.43308105212465
2794	18.41040829231823
2795	18.174763876404636
2796	18.42409068721506
2797	18.316885797131224
2798	18.444230469329828
2799	18.27645054213909
2800	18.246847902413165
2801	18.709045942097838
2802	18.344954302659474
2803	18.373236588486776
2804	18.31234599206379
2805	18.347747343189234
2806	18.37843981898172
2807	18.330080341251012
2808	18.546510957674727
2809	18.477001746574448
2810	18.573853270974116
2811	18.581386077273823
2812	18.300512441392506
2813	18.435449449334353
2814	18.63395562787192
2815	18.36805117117356
2816	18.42025205537799
2817	18.508520819440108
2818	18.273166188486798
2819	18.582815672593693
2820	18.126160795326218
2821	18.30089682801068
2822	18.531624631699326
2823	18.375866911460264
2824	18.297537053981166
2825	18.152279003382777
2826	18.397994709792123
2827	18.27753537219033
2828	18.411731230689554
2829	18.193340850145606
2830	18.555384279439032
2831	18.41117044165775
2832	18.403869641681094
2833	18.25758637682399
2834	18.16558394560472
2835	18.34219958163171
2836	18.199905436684436
2837	18.397368093837393
2838	18.02658784079252
2839	18.17138207847574
2840	18.197358713496044
2841	18.674755395615364
2842	18.231235266552794
2843	18.122725215579447
2844	18.2392511594061
2845	18.237226806847975
2846	18.317002045412952
2847	18.404758863368713
2848	18.187640760881663
2849	18.13793291488081
2850	18.43241544264586
2851	18.292015969105627
2852	18.111229564993092
2853	18.451457976876753
2854	18.22387287136828
2855	18.37428851856413
2856	18.359588254804663
2857	18.021937807293988
2858	18.41463138265262
2859	18.501802640787464
2860	18.007489302564547
2861	18.285780988145326
2862	18.44506379316029
2863	18.328352105005617
2864	17.94892676996949
2865	18.486856859086718
2866	18.383310060188997
2867	18.29269492759315
2868	18.301394972266312
2869	18.159177545566337
2870	18.1192370378986
2871	18.571163361567866
2872	18.15120555607829
2873	18.2467219128823
2874	18.032977349133045
2875	18.151115755206735
2876	18.19565813724928
2877	18.416141024937247
2878	18.224174112208036
2879	18.362233481552312
2880	18.272060246017652
2881	18.337668793555252
2882	18.44653753918683
2883	18.1401913013768
2884	18.380376199390476
2885	18.424207552540118
2886	18.548560836096993
2887	18.364766399273833
2888	18.273456919243817
2889	18.289974184491292
2890	18.148165681859012
2891	18.460008950865518
2892	18.031144690919803
2893	18.295499469042806
2894	18.01971778571513
2895	18.368284191617537
2896	18.30627077130544
2897	18.227836411910765
2898	18.269891032321404
2899	18.357360347286377
2900	18.131043730180952
2901	18.77159730034536
2902	17.938109447910197
2903	18.249044901376422
2904	18.4663462659711
2905	18.184509692565765
2906	18.254073224660544
2907	18.289798446311874
2908	18.245492328165884
2909	18.50617529466813
2910	18.075091246949015
2911	18.11869755453332
2912	18.291764600393996
2913	18.424186194222802
2914	18.2506741752412
2915	18.156343165921236
2916	18.333163301873967
2917	18.29300888573545
2918	18.343033763374084
2919	18.063735020919374
2920	18.21610434988855
2921	18.206460696489728
2922	18.369165419145478
2923	18.23049691673804
2924	18.043437094462554
2925	18.568623964528907
2926	18.444926307672823
2927	18.19714421170076
2928	18.32121133500074
2929	18.400584777805882
2930	18.414417983601464
2931	18.334624244022375
2932	18.170507997711535
2933	18.214056610000583
2934	18.26142337558207
2935	18.215187256487482
2936	18.19145797821529
2937	18.404032632388706
2938	17.90960366448613
2939	18.495052371410296
2940	18.136530271114207
2941	18.226668510323037
2942	18.120620946454085
2943	17.96618114301309
2944	18.185288786660685
2945	18.146501125303814
2946	18.204298687325984
2947	18.206832339580835
2948	17.985738760416215
2949	18.029618215226836
2950	18.02286751498602
2951	18.008085950497435
2952	18.077415553906633
2953	18.260773105919927
2954	18.144338341246346
2955	18.100408900531825
2956	18.075632163277753
2957	18.07938040202409
2958	18.0106978709608
2959	18.229769930563297
2960	17.82562397903056
2961	17.68674273709501
2962	17.99706924166184
2963	18.186103606373237
2964	18.059972570522675
2965	18.126712290703143
2966	18.20094334387014
2967	18.167863392230885
2968	17.98792487887155
2969	18.299069783842395
2970	17.95737953921746
2971	18.22117773589483
2972	17.881621535232167
2973	18.15397384886818
2974	17.87436465584176
2975	18.155792430942622
2976	17.946929974539607
2977	17.981088977424623
2978	18.05792576141536
2979	18.073583260121886
2980	18.180878395332257
2981	17.882820880854805
2982	17.938478022938085
2983	17.968163849054612
2984	18.121996362771434
2985	18.134832677138306
2986	18.091576255162295
2987	18.036698759571962
2988	18.105241674946576
2989	18.03893262988931
2990	18.022503664009275
2991	17.93314759747362
2992	18.170055564021695
2993	17.94713739621489
2994	17.902086464138367
2995	18.321714478724505
2996	17.850287034432867
2997	18.073873819010444
2998	18.363243560607057
2999	18.035163475418972
3000	18.25579262982009
3001	17.96157135446396
3002	18.36490210156271
3003	18.11188056438435
3004	18.038208422611703
3005	18.136464890821507
3006	18.207632446533175
3007	17.893328452018128
3008	18.320975078550372
3009	17.858819630141184
3010	18.325837718924614
3011	18.062204921781966
3012	18.18793411338964
3013	18.208147889472936
3014	18.12635711425662
3015	18.111108566381635
3016	18.191929628789925
3017	18.355487489472658
3018	18.591503875486257
3019	18.024025410298865
3020	18.250813115758913
3021	18.27308141234213
3022	18.092119250028606
3023	18.368360301942037
3024	18.011654799793668
3025	17.93493173749973
3026	17.98779466446632
3027	18.094535927871302
3028	18.04139015924075
3029	18.07933583742516
3030	17.944842675324463
3031	17.762236314787394
3032	17.985043923550464
3033	17.89718613363223
3034	18.006066867957095
3035	18.080532054646135
3036	17.995841409108642
3037	18.131817632053714
3038	17.94442204365352
3039	17.735420671649404
3040	17.887252308568282
3041	18.100209397923727
3042	18.000529154931012
3043	18.231361912230163
3044	17.744467111287523
3045	18.02046298928522
3046	18.2489928381981
3047	17.684724397740837
3048	18.120573379628674
3049	17.965957478541462
3050	17.931563195147685
3051	18.344319554916655
3052	18.07312395764124
3053	17.820701939975276
3054	17.859783564151627
3055	17.88487036561644
3056	17.86770599891549
3057	17.99364827720773
3058	17.713760051486016
3059	18.043607443956123
3060	17.768652195531256
3061	17.930097315903133
3062	17.84471551921971
3063	18.06570609897273
3064	18.023972945310785
3065	17.760395792539896
3066	18.085710515424662
3067	18.143300351853988
3068	17.825569340422273
3069	17.882378693298225
3070	17.8371977168277
3071	17.841308092222476
3072	17.692575316486092
3073	17.842192904476473
3074	18.092660386400436
3075	17.804051403890053
3076	17.92380994465857
3077	17.968497636890778
3078	17.935258573915267
3079	17.909045437584016
3080	18.15657189731199
3081	18.029052648319954
3082	18.00615736166601
3083	17.763369277623514
3084	17.82632440202154
3085	18.080914269578955
3086	18.085082220671236
3087	18.040435749873776
3088	17.90970116177811
3089	17.946618766285177
3090	17.802436295178573
3091	17.76965036406862
3092	18.06924206910696
3093	17.983647686287295
3094	17.949851459238356
3095	18.010877593247304
3096	18.236388408846246
3097	17.98926519512963
3098	17.936336200854747
3099	17.91149977209249
3100	18.0980806317835
3101	17.709955715815482
3102	18.321238987746163
3103	17.975063574315033
3104	18.0816707667538
3105	18.002980113903902
3106	18.053961448476482
3107	18.032548599695915
3108	17.698469292873803
3109	17.951008273091876
3110	18.038071372255402
3111	17.673075300458535
3112	17.94980463163909
3113	17.936329605922168
3114	17.82326884189772
3115	18.189561438991554
3116	17.908616199319326
3117	17.83586178016436
3118	17.986695190934267
3119	17.70468161509562
3120	18.084774193876996
3121	18.02917640882309
3122	18.032734515838225
3123	17.936316710858215
3124	18.12936486728915
3125	18.10021316213433
3126	17.852298132960595
3127	17.91804509086021
3128	17.937953281171634
3129	18.02891873625366
3130	18.142137584169117
3131	17.790472486082983
3132	18.36763630204835
3133	17.911395364332556
3134	17.806621239730557
3135	17.742176863625367
3136	18.603727938278954
3137	17.951668579528025
3138	18.30295045771666
3139	17.871400545618872
3140	17.9389608255258
3141	18.357656388733
3142	17.577915253776847
3143	18.107197421707223
3144	18.30797267092097
3145	17.859464186483756
3146	18.48308945039327
3147	17.87558560049338
3148	18.39433173989894
3149	18.109360190002846
3150	17.895915738481172
3151	18.03728442900522
3152	17.964021425854728
3153	17.682830503040176
3154	18.242709361606313
3155	17.917225566959807
3156	17.837321119611925
3157	17.734678855713835
3158	17.74664576789306
3159	17.916686857127328
3160	17.856967139227926
3161	17.977126657487442
3162	18.005220935337523
3163	17.81956980915692
3164	17.78660729035623
3165	17.720897085180532
3166	17.887077644421
3167	18.00953693399358
3168	17.852738551591766
3169	18.105679223333954
3170	18.169333082019
3171	17.94940993713496
3172	17.741635184452374
3173	17.82385124544766
3174	17.74697175796575
3175	18.016672325614756
3176	17.850663478433386
3177	17.844310845488174
3178	18.08094742608042
3179	17.71882445521946
3180	17.67693026801856
3181	17.813076675680684
3182	17.853961225755494
3183	17.974340944089043
3184	17.70941126093444
3185	17.92922169415801
3186	17.890078432131578
3187	17.879220860032234
3188	17.812486294570288
3189	17.886508405280598
3190	17.702521767171007
3191	17.73954550123534
3192	17.832636964710655
3193	17.786160254257155
3194	17.832300398855637
3195	17.829952200027193
3196	18.016403905797397
3197	18.00139073257856
3198	17.451581276252632
3199	17.422048468150017
3200	17.83652421129947
3201	17.605976582459416
3202	17.74153055190246
3203	18.041340898513315
3204	17.47287914502203
3205	17.643935614881872
3206	17.943891549299515
3207	17.90214341579408
3208	17.889892538655403
3209	17.602476842477465
3210	17.824481642139936
3211	17.5572251560713
3212	17.493234633575714
3213	17.71111859108569
3214	17.94836948997074
3215	18.256454262229532
3216	17.848820558478153
3217	17.85663920678027
3218	17.81715572434587
3219	17.82313437879468
3220	18.085516602250454
3221	17.763282181244016
3222	17.890810325745974
3223	17.62914033506873
3224	17.843564845967162
3225	18.087252415362
3226	17.59034064576773
3227	17.518101189778047
3228	17.75070391296588
3229	17.758748942382077
3230	17.697500255762485
3231	17.63879407828729
3232	17.829562014765763
3233	17.788988037139347
3234	17.82382263614754
3235	17.482791701094886
3236	17.76323753865006
3237	17.754581873354724
3238	17.58364991380009
3239	17.52748103576401
3240	17.656681312320064
3241	17.803567220087547
3242	17.79692770513956
3243	17.728901837173375
3244	17.803088135465142
3245	17.969849760180583
3246	17.668663567281857
3247	17.582285944242035
3248	17.920767445251922
3249	17.706090756231422
3250	17.80556313679746
3251	17.67776909500475
3252	17.76078417737254
3253	17.743289873902768
3254	17.71106398393172
3255	17.400016232650277
3256	17.84807101053322
3257	18.027847641085543
3258	17.66052846537253
3259	17.664382496589813
3260	17.580046084861547
3261	17.80785211563661
3262	17.490416168605044
3263	17.53303876276195
3264	17.71445382522898
3265	17.452686794126308
3266	17.781009237143362
3267	17.814060515451985
3268	17.516380162324182
3269	17.619709987690662
3270	17.567704374020852
3271	17.672291108013944
3272	17.50187400026935
3273	17.69866399297666
3274	17.854294581315326
3275	17.589956789156176
3276	17.35738555018575
3277	17.70123635463348
3278	17.909420312186228
3279	17.796673058778527
3280	17.556616352335684
3281	17.513766982065217
3282	17.633062101501604
3283	17.442382400322593
3284	17.5731808681861
3285	17.865104689912858
3286	17.733947923644962
3287	17.6540393161891
3288	17.72009773565305
3289	17.49716665490105
3290	17.70403596400014
3291	17.705734451576173
3292	17.86365968022123
3293	17.748595573747373
3294	17.697525468859038
3295	17.689321615341413
3296	17.499746088526585
3297	17.79597576084387
3298	17.57669294420141
3299	17.678939135729067
3300	17.48792629731955
3301	17.71357802098377
3302	17.666945570380555
3303	17.685255790532874
3304	17.714514133235113
3305	17.954087260676623
3306	17.66648874751926
3307	17.5606225438835
3308	17.840423854790572
3309	17.659011895457116
3310	17.786644083155164
3311	17.624642824699986
3312	17.728624959311304
3313	17.470236550838628
3314	17.49456414339628
3315	17.502976226935424
3316	17.699405249355117
3317	17.696664712148785
3318	17.377824863659235
3319	17.985003681526763
3320	17.681583234091296
3321	17.387787764564376
3322	17.52046461108266
3323	17.59450219566894
3324	17.583869926458966
3325	17.483702000226224
3326	17.55833162992699
3327	17.892324569004955
3328	17.596754102599974
3329	17.800351205552708
3330	18.071976564412477
3331	17.742776782911626
3332	17.44279018798259
3333	17.613647016287867
3334	17.76606276715032
3335	17.593705330981397
3336	17.684665355172402
3337	17.436009562938047
3338	17.565878271928153
3339	17.465196933236648
3340	17.38648808276489
3341	17.731436485890818
3342	17.691637216369987
3343	17.71667701823975
3344	17.66992037669506
3345	17.48415281253502
3346	17.713989963708276
3347	17.789618779406133
3348	17.641037883562717
3349	17.523882049349695
3350	17.435874700443815
3351	17.43514404729183
3352	17.64341547550008
3353	17.50507497323252
3354	17.738972909203596
3355	17.53493699711341
3356	17.424161207697548
3357	17.634298696818934
3358	17.617715535186203
3359	17.68717112401325
3360	17.409310273889137
3361	17.795616200480247
3362	17.332076713888313
3363	17.713293876149464
3364	17.5418538229125
3365	17.766899875903018
3366	17.701005643151948
3367	17.68115892641682
3368	17.800565113387023
3369	17.462812114246947
3370	17.80892100924027
3371	17.542910308867594
3372	17.512547584480664
3373	17.584549677166265
3374	17.51609501051116
3375	17.242426756319695
3376	17.416174982121884
3377	17.492015070886374
3378	17.50608011018802
3379	17.657681576878073
3380	17.61237202635857
3381	17.564167906697975
3382	17.840223173285892
3383	17.64193691533279
3384	17.727206059106262
3385	17.828974363417615
3386	17.812845926337776
3387	17.495587942863523
3388	17.741216656546126
3389	17.65531478293343
3390	17.545945650549335
3391	17.45738049611019
3392	17.52368890437253
3393	17.436754145681896
3394	17.692024529240314
3395	17.596423580179273
3396	17.72092777863494
3397	17.53095703291517
3398	17.395639861095823
3399	17.669758300751063
3400	17.300080213873443
3401	17.381094570330998
3402	17.509950343300005
3403	17.585573401271365
3404	17.15780667698661
3405	17.504805876182406
3406	17.568694201091407
3407	17.752065053427135
3408	17.684648679588427
3409	17.653517977316092
3410	17.397294478363598
3411	17.50795194206501
3412	17.71641745548182
3413	17.578890669863323
3414	17.581149962203366
3415	17.4998912615594
3416	17.766088749303922
3417	17.694190833167962
3418	17.625569471705923
3419	17.786353685136582
3420	17.580660059067228
3421	17.50064451104527
3422	17.401311790476257
3423	17.390042081007312
3424	17.561033962138477
3425	17.397888829918273
3426	17.56599119759816
3427	17.71234965534952
3428	17.50262202718314
3429	17.422932118722105
3430	17.610067319068662
3431	17.66346298639945
3432	17.687705576635235
3433	17.45723791494802
3434	17.62027084373496
3435	17.355127411279298
3436	17.436867639853865
3437	17.698314753000012
3438	17.530754566684625
3439	17.743859021679626
3440	17.59882400224178
3441	17.520578770405606
3442	17.719629599941552
3443	17.50197954974187
3444	17.513670284541394
3445	17.41546567627996
3446	17.63718635634971
3447	17.370442394962943
3448	17.35731093530546
3449	17.473435864185387
3450	17.735460678084134
3451	17.392838243753598
3452	17.249953268540636
3453	17.335020720328444
3454	17.467151008961274
3455	17.312506137247
3456	17.560003135737237
3457	17.60646561516055
3458	17.486684371783145
3459	17.143673078226726
3460	17.414680818074977
3461	17.584523360293222
3462	17.42501711374065
3463	17.477046877955743
3464	17.406723785616894
3465	17.51891772262565
3466	17.54685617303076
3467	17.617534705007508
3468	17.48135156476484
3469	17.17880296540583
3470	17.479797436403263
3471	17.550300954323607
3472	17.44925442664767
3473	17.37709620095521
3474	17.49502577223707
3475	17.438820155229536
3476	17.50482793010271
3477	17.473009564300888
3478	17.66884193699271
3479	17.656288381694385
3480	17.672980218824083
3481	17.652821134687013
3482	17.39342824753298
3483	17.68480717255531
3484	17.47071542755054
3485	17.483538049441094
3486	17.601586795917857
3487	17.457599936027815
3488	17.50809887862712
3489	17.284155950375965
3490	17.212547640526605
3491	17.742150019211635
3492	17.470211268541178
3493	17.447715695648515
3494	17.826207703946697
3495	17.713462954843564
3496	17.339918108138765
3497	17.39026798492345
3498	17.278444045195744
3499	17.252217034741754
3500	17.47914196566448
3501	17.550885968475608
3502	17.275631474585687
3503	17.495877238369463
3504	17.538206754847383
3505	17.269520105697215
3506	17.44915356757699
3507	17.41380549835516
3508	17.277989429537744
3509	17.29103605023316
3510	17.419674695541094
3511	17.355705531326198
3512	17.319050296918547
3513	17.406995322605944
3514	17.54889575232122
3515	17.418615263707668
3516	17.75620678116864
3517	17.498783678021006
3518	17.362260575604736
3519	17.33972575020799
3520	17.40225512530006
3521	17.09461927597328
3522	17.59121245523044
3523	17.353170570035363
3524	17.355328560528232
3525	17.203952165126708
3526	17.219544694246647
3527	17.318449351850102
3528	17.45481425154683
3529	17.248643470223758
3530	17.413666689903483
3531	17.228127309845508
3532	17.41789650421215
3533	17.354226230554136
3534	17.490487829662726
3535	17.382937183284493
3536	17.3896820100498
3537	17.61377919177307
3538	17.5650479391231
3539	17.452981333601354
3540	17.405641219352027
3541	17.177439541483842
3542	17.46834389793879
3543	17.374207922979767
3544	17.578384070382196
3545	17.463054239603657
3546	17.546106041935833
3547	17.515222121972833
3548	17.244687515251048
3549	17.431876285429645
3550	17.01457454975594
3551	17.291632090155954
3552	17.389642585281937
3553	17.41018052235041
3554	17.58666845432152
3555	17.47319999512983
3556	17.297779517553582
3557	17.186948876169627
3558	17.309039037678875
3559	17.40376776821201
3560	17.3290981159662
3561	17.463933565058813
3562	17.419723816208784
3563	17.254016653507374
3564	17.28622363916124
3565	17.29554796864101
3566	17.44090225071976
3567	17.739239242558547
3568	17.39235327819996
3569	17.327133560007653
3570	17.40543639496644
3571	17.35152607975359
3572	17.342879665018156
3573	17.244326703545187
3574	17.309599637094568
3575	17.328011391115606
3576	17.392465096400343
3577	17.51736657873468
3578	17.38319113620899
3579	17.332079781305914
3580	17.546332220797108
3581	17.349153632380013
3582	17.336507887687848
3583	17.382479162937212
3584	17.364982792812974
3585	17.493894834599576
3586	17.53858686841046
3587	17.26440574035849
3588	17.30860974217294
3589	17.377169154939946
3590	17.26266596654371
3591	17.416625107935115
3592	17.253147209170887
3593	17.338639255563866
3594	17.079992306249604
3595	17.40769210896511
3596	17.421546873404754
3597	17.46940525676278
3598	17.502019419201844
3599	17.19867216567037
3600	17.430811390345287
3601	17.25075680499993
3602	17.329210532036313
3603	17.502143013957713
3604	17.316179654377457
3605	17.603200965999886
3606	17.540113009974693
3607	17.37489494807884
3608	17.10061519729994
3609	17.516698608149266
3610	17.42212496002591
3611	17.08344788771748
3612	17.28533116143368
3613	17.310500609541528
3614	17.314391908109727
3615	17.54666254740967
3616	17.26286492858292
3617	17.436147908363672
3618	17.13230511643654
3619	17.49508342365648
3620	17.47562434134786
3621	17.39890731517212
3622	17.45953475709574
3623	17.48862261758122
3624	17.22049785497622
3625	17.359040815225693
3626	17.432294357418556
3627	17.474893033101203
3628	17.504207468900017
3629	17.350754578137195
3630	17.411235733018312
3631	17.395912548650294
3632	17.660069928042585
3633	17.515203623836815
3634	17.121174286987785
3635	17.38365806379725
3636	17.52513190453975
3637	17.48910389457762
3638	17.318614880138014
3639	17.398731230152418
3640	17.196647053135774
3641	17.246104586081742
3642	17.33174769634204
3643	17.30173796964055
3644	17.57423313615579
3645	17.67836715591557
3646	17.564172404539182
3647	17.369679799408335
3648	17.827251690967852
3649	17.457599178503187
3650	17.17098650270555
3651	17.330780914385073
3652	17.22058993387974
3653	17.221902930771318
3654	17.502858204396645
3655	17.1405659457804
3656	17.334012741056185
3657	17.243283153085557
3658	17.256011263578124
3659	17.332938478744165
3660	17.43455422037504
3661	17.22713814926255
3662	17.532190912908668
3663	17.05069354918809
3664	17.16069183540642
3665	17.151264268644262
3666	16.966254257434905
3667	17.100026136516725
3668	17.34223072908739
3669	17.326157999809777
3670	17.27501444180032
3671	17.262632891568593
3672	17.23441079956569
3673	17.636180032727815
3674	17.03735094633276
3675	17.35752420182099
3676	17.04557707955384
3677	17.176141651264032
3678	17.302041398723187
3679	17.525255199866496
3680	17.1108909895489
3681	17.614288503872903
3682	17.39492126767023
3683	17.469436784085136
3684	17.389014404473293
3685	17.14429896621564
3686	17.23552683757921
3687	17.327981036481884
3688	17.34872226338456
3689	17.117778831213126
3690	17.232105651210674
3691	17.12523056550132
3692	17.339170504726564
3693	17.309178050968946
3694	17.556810064748415
3695	17.30679326295476
3696	17.08440027155207
3697	17.308946564531194
3698	17.44098217690168
3699	17.160408031665597
3700	17.220442764437042
3701	17.23202889784278
3702	17.57527466431351
3703	17.61963956655231
3704	17.273894979566364
3705	17.14807184241872
3706	17.04229924678182
3707	17.20359707521973
3708	17.012926488255093
3709	17.15160143630422
3710	17.177197553847392
3711	17.087394669727797
3712	17.302023391730554
3713	17.05147400397473
3714	17.17556176092735
3715	17.30142289842852
3716	17.402077331416358
3717	17.183192086534735
3718	17.06109096034649
3719	17.161510868536677
3720	17.551222119510214
3721	17.396303760507625
3722	17.084680305830233
3723	17.256559076104644
3724	16.950537709451766
3725	17.092819188021668
3726	17.20336471330942
3727	17.37005384227882
3728	17.334649522864794
3729	17.135344020160307
3730	17.49100535765142
3731	17.207382686616583
3732	17.26693189070392
3733	17.250541131518403
3734	17.21804591030399
3735	17.259123805995984
3736	17.01920360442567
3737	17.064810081896496
3738	17.14101743020962
3739	17.28590868890678
3740	17.66806080015386
3741	17.191785328679376
3742	16.999533148084776
3743	17.400998378312835
3744	17.284016439687885
3745	17.108727616807425
3746	17.24920725724082
3747	17.168821743795885
3748	17.03188575046817
3749	17.036605526084827
3750	17.316311172030485
3751	17.15368634042509
3752	17.19587376048148
3753	17.223428496137856
3754	17.11946775659321
3755	17.100606847179225
3756	17.439485551761443
3757	16.935670769684492
3758	17.18477353626159
3759	16.958279311073326
3760	17.0399074664087
3761	17.162446595183617
3762	17.02975497102161
3763	17.269502223425192
3764	17.285505387788348
3765	17.137142117400913
3766	17.232039720865618
3767	17.02536167705292
3768	17.33282489552679
3769	16.964803434169667
3770	17.304816941884983
3771	17.016326398315385
3772	17.052897361256893
3773	16.99346944458372
3774	17.160003228585026
3775	16.991532290316268
3776	17.087075528179458
3777	17.197548447602898
3778	17.123232404176612
3779	17.130937199923135
3780	16.984420048327436
3781	17.34852432202987
3782	17.03697501775845
3783	17.252088957323174
3784	17.155833113013472
3785	17.232816218126423
3786	16.931141285368767
3787	17.5613412425502
3788	16.957806722941854
3789	17.334614824224847
3790	17.016082322450472
3791	17.067081860642514
3792	16.889528561345397
3793	17.137941142466694
3794	17.149803440735518
3795	17.01580885184155
3796	17.326416853639692
3797	16.780057716785706
3798	17.16370016982285
3799	16.760602582103914
3800	17.304456962727407
3801	17.217711923672464
3802	16.99925759845868
3803	17.22545380864291
3804	16.958478589288667
3805	17.424036478633397
3806	17.26345363155996
3807	17.459156560955584
3808	17.289310333045933
3809	17.276989197098082
3810	17.252437868085778
3811	17.25341435317836
3812	17.294501220812183
3813	17.048964545066884
3814	17.392014151985386
3815	17.075499458298932
3816	17.23674277945038
3817	17.154146206881308
3818	17.3324285197814
3819	17.528945061639543
3820	17.35717549698275
3821	17.276899099031574
3822	17.045656139416355
3823	17.350376788959437
3824	16.966349819895093
3825	17.045604819356733
3826	17.230214557215017
3827	17.356597215397024
3828	17.261216572557267
3829	17.12961465235854
3830	17.354573415233325
3831	17.211468105360275
3832	17.107674445137548
3833	17.281524335109474
3834	17.283682812869593
3835	17.306010245346027
3836	17.074962500961487
3837	17.321155523558314
3838	17.294580836661257
3839	16.923889142025704
3840	17.151179383870417
3841	17.21303129594493
3842	17.138315050119505
3843	16.931326150464884
3844	17.219648245772646
3845	17.157324748683347
3846	16.951277828711934
3847	16.68249155099931
3848	17.201302590270423
3849	16.72428756186927
3850	17.11136419143756
3851	17.042981538092643
3852	17.176906039186683
3853	17.064944646940656
3854	17.04845764413798
3855	17.220308646868688
3856	17.30323871982519
3857	17.059448690078373
3858	17.125595144378305
3859	17.07497148923426
3860	17.33170260725536
3861	17.11664546655779
3862	17.05843798991357
3863	17.262444722058348
3864	17.1058624698605
3865	17.00864108034224
3866	16.90693586028755
3867	17.11586111722279
3868	16.90814478483821
3869	16.574480715641176
3870	16.915522766543862
3871	16.84351826544178
3872	17.006642831496517
3873	17.20850496409688
3874	17.23945022792858
3875	17.069924234010674
3876	17.081290857127126
3877	17.042561407193823
3878	17.156591264952525
3879	17.069886491196026
3880	17.071718334415227
3881	17.100850697789948
3882	17.142324725417367
3883	17.04166002787102
3884	16.890971261297697
3885	16.9513783406892
3886	17.121388789939484
3887	17.14878937158221
3888	17.057121336775932
3889	16.902491868557416
3890	16.93024953882782
3891	17.171219705875664
3892	17.04841070489391
3893	17.407772666602384
3894	16.989869925531643
3895	17.385743241003254
3896	17.087213713862575
3897	16.961453071161475
3898	16.97185487765887
3899	17.325902692545093
3900	17.12889029708737
3901	16.9233212288007
3902	16.972895134766173
3903	16.908879818683328
3904	17.07579835904503
3905	17.238627098189482
3906	16.961938041707608
3907	16.97950100041363
3908	16.903917844468268
3909	16.978079127223452
3910	17.247278001602524
3911	16.9340697843559
3912	17.2248278505381
3913	17.11129435913999
3914	17.36475385427961
3915	17.177632725531964
3916	17.17025347907731
3917	17.22039925656059
3918	16.838632902244672
3919	17.209406280138314
3920	16.86230230513854
3921	17.160646072414814
3922	16.730606559589692
3923	17.02020913384241
3924	16.955576644304347
3925	16.810618512511077
3926	17.19744895535524
3927	16.904846629762954
3928	16.982542256671287
3929	17.195145966572174
3930	17.102708258773315
3931	17.063353248677437
3932	17.02972813354842
3933	16.82193578370893
3934	17.151490700464993
3935	16.97421215432319
3936	17.03633250642517
3937	16.941807853315318
3938	17.19095668253883
3939	16.9372662772223
3940	16.878757188787645
3941	17.08874375947993
3942	17.08136337939507
3943	17.233556592871793
3944	17.050703390732732
3945	17.08135888271167
3946	16.99729343804918
3947	17.054034619241623
3948	17.34370098703954
3949	17.127226401975864
3950	16.981712893786323
3951	16.80180999661064
3952	16.763289244482326
3953	17.066647075058412
3954	16.899876819398692
3955	16.926934895046475
3956	16.83283493265985
3957	17.048100899610017
3958	16.995566360488954
3959	17.182809356631527
3960	17.083425349128348
3961	16.877454736640047
3962	16.989079827272516
3963	17.08872043233602
3964	17.11784279320144
3965	16.92646223046317
3966	17.14112234772503
3967	16.83609240817883
3968	17.264256720003516
3969	16.920134037198626
3970	16.988671820357318
3971	17.27585191772146
3972	16.794395994973286
3973	16.88419072920005
3974	17.377821041354174
3975	17.028865854300864
3976	16.919680207707632
3977	17.274356699773023
3978	17.1156358975259
3979	16.947918660040557
3980	17.022165555494443
3981	16.965086380804856
3982	17.22049414047962
3983	16.81427263611088
3984	16.718529645472696
3985	16.93305033871503
3986	17.262369486525767
3987	16.811454025766412
3988	17.051617342838387
3989	16.826319478565885
3990	17.01481255322777
3991	17.1818856095458
3992	17.306084334452017
3993	16.634085445878874
3994	17.071113398532653
3995	16.949731672023248
3996	16.79918964703934
3997	16.927317411987964
3998	16.972579503077608
3999	16.742489464278616
4000	16.960611275204673
4001	17.067504207707753
