1	69.1488994953541
2	65.03847700049884
3	61.76084534092407
4	58.32826684974448
5	54.24618288184246
6	51.89473995724762
7	48.624980399112665
8	46.033965216018736
9	43.44581750380701
10	41.6698377557624
11	39.7550445741448
12	38.41754431469299
13	37.60648189224649
14	36.50541492988094
15	35.906972814972
16	35.49200739385843
17	35.65062188908591
18	35.60500017476363
19	35.22135224857661
20	35.85013454612838
21	35.805902847374746
22	35.92610371490875
23	35.882566390106426
24	36.146895557844175
25	36.519422775716535
26	36.50865646138544
27	36.73279938305256
28	37.203818414040235
29	36.82925503326831
30	36.12967066793154
31	36.33020398775277
32	36.332566288382196
33	36.22600810914919
34	36.229360292114656
35	36.21905795238783
36	35.56409872940594
37	35.353725703761846
38	35.9500927693718
39	35.769053173000245
40	35.22453240858067
41	35.41533395545815
42	35.20039294748671
43	35.39379129457544
44	35.25798110346684
45	35.24908806642581
46	35.44136973827942
47	35.11619589519039
48	35.342215558840444
49	35.38300933893199
50	35.29990563433828
51	35.6002759831285
52	35.87509383194579
53	35.786883697516764
54	35.86468769121141
55	35.19954968666731
56	35.41246041949234
57	35.12493279581737
58	35.239776643113046
59	35.870128602855125
60	35.194466936884496
61	35.464127309942405
62	35.207694952314
63	35.362716171625095
64	35.11953287378754
65	35.26018049022349
66	35.46152363410791
67	35.35849418695275
68	34.830810098981594
69	35.505155092386204
70	35.34960964744955
71	35.33866301997827
72	35.358093393220734
73	35.56591089978742
74	35.49040756124852
75	35.22258231238978
76	35.33348210023444
77	35.28422215885
78	35.11259971455428
79	35.50092723991991
80	35.25691879560136
81	35.55993863946199
82	35.54738998624583
83	35.42041287606718
84	35.30875998941435
85	35.55410422334066
86	35.1560925433757
87	35.31854351327242
88	35.22827181094411
89	35.02666659363206
90	35.40567296399467
91	35.238818248789
92	35.29107636450694
93	35.17911585295108
94	35.145643358897644
95	35.320702215885625
96	35.354418351786634
97	35.33946352930926
98	35.439508482089224
99	34.96759202915813
100	35.26707752434999
101	35.117875414235044
102	35.44855802160848
103	35.49428894276862
104	35.230243159039475
105	34.95095592781719
106	35.24966504547263
107	35.54335186218119
108	35.356762981186606
109	35.114717605576935
110	35.141393523237056
111	35.278722439779656
112	35.25366908741251
113	35.05562920500385
114	35.142209661069664
115	35.05498738219603
116	35.30293814240242
117	35.190238251261675
118	34.98336486552329
119	35.35085215552095
120	35.37371915565956
121	35.50884073416696
122	35.44734051652918
123	35.34129792472322
124	35.16835116813201
125	34.94323425617002
126	35.213853232761224
127	35.34341957144521
128	34.86658141890286
129	35.165479450911334
130	35.37123867294721
131	35.16785458546682
132	35.15936107197116
133	35.24155057728981
134	35.07632791613706
135	35.28318998782699
136	34.925016017366616
137	35.29113926856598
138	35.303078121580214
139	35.28768326935339
140	34.927730731173256
141	35.19734991532692
142	34.90177910769067
143	35.1440286518315
144	35.02124498556452
145	35.37654211171634
146	35.17354731505809
147	35.30978319152253
148	35.30880419124823
149	35.068786565344986
150	34.835212651537866
151	35.45640530788947
152	35.060009206435645
153	35.177345170412956
154	35.24098019958924
155	34.99847029305039
156	35.1571069862161
157	35.02779793294648
158	35.173785302792226
159	35.22491528160829
160	35.16201544145609
161	35.45160217881651
162	35.116756521607925
163	35.12116895666782
164	35.086478927889594
165	34.96581757784192
166	35.03083362746926
167	34.98248873519382
168	34.94033022655163
169	35.04421520628449
170	34.86139507047093
171	35.4481096857315
172	35.21649409461166
173	35.05619097458657
174	34.90575388462041
175	35.2772536728833
176	35.09797365604142
177	35.516228307043875
178	35.060853748227714
179	35.08611088647499
180	35.36021764594043
181	34.96732020654548
182	34.76295549305183
183	34.66459119277542
184	35.28917008736781
185	35.247165340256444
186	35.06814484102886
187	35.20503323809694
188	35.30120055464963
189	35.048403562949495
190	34.754002844550755
191	34.90609207740395
192	35.12350416421991
193	35.079605193259816
194	34.96941696727824
195	35.132109319364126
196	34.757335407704765
197	34.82051455597769
198	35.27746413621497
199	35.06568039583987
200	34.94418138203284
201	34.82040200850719
202	34.66352196199943
203	35.17856545392867
204	34.958953098369236
205	34.914595391213105
206	34.862948235871706
207	35.1909322411113
208	35.008939306717515
209	35.050763185634075
210	34.95682053573078
211	34.818401191046156
212	35.07824073697796
213	34.87706875309887
214	34.98886424238106
215	35.02387472174875
216	34.91551590404243
217	34.727489781068456
218	35.21449720380389
219	35.15570529313414
220	35.10219813934828
221	34.753468779664054
222	34.86561398119081
223	35.17353049395138
224	34.70852957053707
225	34.872535295402514
226	35.03088784116122
227	34.690777454378726
228	34.64665134097
229	34.51916977796814
230	34.53567569312518
231	34.853642438689604
232	34.98364810509559
233	35.050757362276926
234	34.900739829205875
235	34.98609566800217
236	34.652635076289926
237	34.916874983834504
238	34.77862565972799
239	34.91518153727876
240	34.90322506447945
241	34.96144340326651
242	34.676076756042434
243	34.68502867233625
244	34.603477870920024
245	34.75293253936731
246	34.69007178466818
247	34.66969905828151
248	34.81526776046103
249	34.60263929852248
250	34.76198297554456
251	34.82427496770551
252	34.83894336302461
253	34.56852351868064
254	34.65185905998338
255	34.719467622726846
256	34.664485105220024
257	34.69721957251637
258	34.45535910834982
259	34.796973056344775
260	34.728903111121944
261	34.356922450688856
262	34.57824909837632
263	34.62347667228512
264	34.5798856676441
265	34.785138138595286
266	34.71108984876925
267	34.46880009969867
268	34.763508871904584
269	34.7073192315785
270	34.45246452622948
271	34.69029810756622
272	34.146676811460665
273	34.39526538498331
274	34.72454473801694
275	34.4018164418199
276	34.599576830225885
277	34.27522763100559
278	34.47493473607857
279	34.33444394646345
280	34.44843433198893
281	34.3632496551227
282	34.27158870507606
283	34.58898118199884
284	34.33249715866169
285	34.37605851236785
286	34.39334357973321
287	34.42966943151658
288	34.27848414146586
289	33.9748546335852
290	34.271563743817055
291	33.961494565524816
292	34.25673230537858
293	34.36419880368687
294	34.1077139475244
295	34.587661767611536
296	33.89349441140851
297	34.42103500050121
298	34.34438052928724
299	33.84937315019595
300	34.322343419208025
301	33.853889466149326
302	33.935046338924195
303	33.91805868408546
304	33.78055830021267
305	33.78725591483111
306	34.10115221808316
307	33.990669032338324
308	33.620967117937184
309	33.769582730512845
310	33.73848927861186
311	33.297897042525136
312	33.72988781840158
313	33.32825112221087
314	33.515454731134234
315	33.21503797107877
316	33.52717677341806
317	33.48008814214708
318	33.05796647993767
319	33.44925859823906
320	33.254784758976115
321	32.78965162765204
322	33.12719322619075
323	32.61396658043876
324	32.73922794540152
325	32.8935458572971
326	32.77976494410031
327	32.74940479539881
328	32.965316131716875
329	32.69368031515615
330	32.559424462991835
331	32.55961669203829
332	32.518730294910576
333	32.74292371689962
334	32.42394703021303
335	32.46008469116104
336	32.43587146455877
337	32.384601120272755
338	31.932830927713606
339	32.19730057795154
340	32.37685203474061
341	32.07915059331322
342	32.026329877415506
343	32.02791418716576
344	31.761122932211006
345	31.79499706240371
346	31.29527912694381
347	31.87823926267012
348	31.46974177694943
349	32.014854014625094
350	31.347942234257822
351	31.370004382411903
352	31.49719819117531
353	31.06493009761598
354	31.255880261059083
355	31.027588227596222
356	30.801490236569492
357	31.437863956879465
358	30.547743365592375
359	30.654456986491198
360	30.56374856750677
361	30.57420597980069
362	30.35167525788859
363	30.75486469096332
364	30.69395960311928
365	30.68411315484066
366	30.660555041446223
367	30.22823195758607
368	30.293015287858786
369	30.42539258951685
370	30.310293549077574
371	30.36101432253581
372	29.794604897362337
373	30.21161207675399
374	30.03790990548886
375	29.747026747187647
376	29.832580219775846
377	29.620148635735276
378	29.44461238206829
379	29.44728140049617
380	29.458790742278637
381	29.735065133025746
382	29.548957024418048
383	29.563259879571664
384	29.45254561570121
385	29.719674707384623
386	29.340697940777414
387	29.05490256029684
388	28.840688450518105
389	29.095889641060026
390	29.244826661827652
391	28.98681572840955
392	29.47256127440665
393	29.2506888103199
394	28.884914278176
395	28.686058469817254
396	28.979172367493817
397	28.682971527134406
398	28.86330366032504
399	28.722398952762422
400	28.582020972063873
401	28.06451302204158
402	28.371470056252885
403	28.287214560996272
404	28.389997225618625
405	27.923770918851307
406	27.577387245300958
407	28.27914402870825
408	28.040266671016308
409	27.865688844806524
410	27.74836220215728
411	27.747266031105557
412	27.846971691699917
413	27.901933174399645
414	28.11895789976333
415	27.640332546831875
416	27.75927202036076
417	27.684570064819685
418	27.391629684156285
419	27.493237591545448
420	27.771591106260065
421	27.299703031105086
422	27.1788979552202
423	27.173315234065274
424	27.14299455189028
425	27.29757882691272
426	27.412507283729507
427	27.22261723378139
428	27.026753126312034
429	26.80728312329312
430	27.00018481751298
431	27.13387046160294
432	27.054858104807455
433	26.92756197738641
434	27.06315278970346
435	27.13513970944575
436	27.19958182433842
437	26.94287929071234
438	27.03911111370905
439	26.814346233154442
440	26.856168776277272
441	26.52503976950559
442	26.8487273734416
443	26.674372193192706
444	26.44601251019856
445	26.454195766942263
446	26.298460174971062
447	26.29597820914436
448	26.186179516346847
449	26.03372611095837
450	26.18113270089113
451	25.98752427289461
452	26.035962567460103
453	26.082896273523993
454	26.018467789815553
455	25.880820776811003
456	25.796744551662943
457	25.822699244168607
458	26.040448655611257
459	25.788961470408637
460	25.852570078525805
461	25.750818395687514
462	26.090188969543593
463	25.512285035458785
464	25.611172351532947
465	25.5438300037464
466	25.270152463195572
467	25.410605960632527
468	25.77777595601998
469	25.790063705564904
470	26.23258998098154
471	25.339413277653694
472	25.407515814640572
473	26.134913217397735
474	25.457958770601216
475	25.311386906026442
476	25.534941610724974
477	25.40736131214954
478	25.542294269962795
479	25.33128120511406
480	25.909623435027346
481	25.426404466964996
482	25.572476051590314
483	25.32946807298535
484	25.605380122026855
485	25.17577213888566
486	25.566816430479907
487	25.215564870291256
488	24.91648931170744
489	25.07428572239162
490	25.251425842614683
491	24.742140377110815
492	24.94066177735068
493	25.281345939013598
494	25.228612154262333
495	25.151973624046157
496	24.864578478227283
497	24.713309448339405
498	24.79872671503761
499	24.92765721477541
500	24.64871571602977
501	24.998628338909207
502	24.906482980338208
503	25.141502352936122
504	25.013485899850068
505	24.626188796805764
506	24.815581344303915
507	24.70946231336509
508	24.80972600268488
509	25.071972840127664
510	24.613578937015543
511	24.632981452893404
512	24.265086560896393
513	24.58558315368823
514	24.277981212498844
515	24.63996544470034
516	24.517444354841448
517	24.20276623258779
518	23.866534073316547
519	24.087548227712368
520	24.195189177063813
521	24.220572780863606
522	24.10843142539752
523	24.30011658511233
524	24.273677765844266
525	23.974260579978754
526	24.18992364030362
527	24.11202928019045
528	24.266593832111017
529	24.0378191678499
530	23.97043511715447
531	24.065542433646705
532	24.015205390806024
533	23.862389493567736
534	23.712977628613007
535	23.452170036910335
536	23.5531846052253
537	23.822658080369862
538	23.65500287939847
539	23.672707183135337
540	23.94842364228755
541	23.46042789767863
542	23.455083085489143
543	23.462050370054857
544	23.486936177009245
545	23.385479531242463
546	23.838588870641424
547	23.392282619131745
548	23.68606165870934
549	23.81534003862741
550	23.31812783450804
551	23.819414003304942
552	23.712532957817903
553	23.55111664105855
554	23.472665562071214
555	23.663274447609187
556	23.464213819566393
557	23.402571075881465
558	23.450599940335344
559	23.127753801363454
560	23.413149821218635
561	23.251384213465588
562	23.37431238874668
563	23.386678233292294
564	22.961232953483123
565	23.481898675307544
566	23.288271733404223
567	23.522644318493125
568	23.116297613752746
569	23.142766948410433
570	23.157744985606424
571	23.12002736191753
572	23.09291627054299
573	23.0844996046828
574	23.211256185793186
575	23.024473151749703
576	23.060204484346837
577	23.139036828584253
578	22.979401825313765
579	22.958492291799445
580	23.10149761533898
581	23.044183080036603
582	22.906246804060476
583	22.95372367065642
584	23.20605464427483
585	22.702656990546743
586	22.940011375186938
587	22.75920613700302
588	22.801598946036282
589	22.435937042938843
590	22.824161074289535
591	22.71533110644106
592	22.719454281367856
593	22.62182999967222
594	22.505367261001272
595	22.346395611181762
596	22.413208405466467
597	22.616678685416645
598	23.025082522242744
599	22.57937435309654
600	22.54385620574567
601	22.704769834416787
602	22.88369920906944
603	22.744697022046108
604	22.4457297979716
605	22.613144452988802
606	22.602085731243935
607	22.414897567841557
608	22.62455153541846
609	22.47304400677148
610	22.548775947648842
611	22.811653245501592
612	22.369297697532037
613	22.035493466136717
614	22.435455874103067
615	22.896753319457325
616	22.85134881080291
617	22.60091814784877
618	22.693022931268633
619	22.57345008901287
620	22.620797195978533
621	22.43119507618297
622	22.144089396845548
623	22.425451769268932
624	22.397966210902393
625	22.313916113322833
626	22.157138548881356
627	22.307747374095104
628	22.403658999318292
629	22.57151968692095
630	22.083078647596192
631	22.406044336674526
632	22.12772875310589
633	22.210778020487123
634	22.069742131747695
635	22.143192105781242
636	21.87636434578484
637	22.249805215576888
638	22.15452400605429
639	22.19672548417227
640	22.33345884188387
641	22.223572565108704
642	22.060772968823922
643	22.10046301908119
644	22.08529097890033
645	21.86213317690563
646	22.05423404135679
647	22.076730042327085
648	21.91963868714002
649	21.573723326403098
650	21.710982497056516
651	22.024939153543695
652	21.792107824595515
653	21.78188697777207
654	21.618694360599665
655	22.055889082637645
656	22.01502808059078
657	22.25828795878112
658	21.563130749597125
659	21.695694170469682
660	22.15074697423882
661	22.783543388466704
662	22.744066571035358
663	21.753543583639253
664	22.069972003178624
665	22.573517678383013
666	21.49209172755527
667	22.6931900064177
668	22.567687325699293
669	21.860900775036892
670	22.9878403752868
671	22.309005703500027
672	22.271382459266114
673	22.845839648617158
674	21.65827260992876
675	22.333964395158233
676	21.37643213110198
677	22.53275749214389
678	21.7541367052629
679	22.32496698129705
680	21.954233893285856
681	21.575343800665543
682	22.13910329838502
683	21.894106746665138
684	21.976714124621644
685	21.514412475784283
686	21.67346654248555
687	21.560033857334563
688	21.460878231127268
689	21.81211517405842
690	21.42278132773285
691	21.556498849340596
692	21.131672527313427
693	21.582756560273204
694	21.147233996139875
695	21.401130017544727
696	21.14215881702953
697	21.392557529024437
698	21.53598531360967
699	21.454430025231165
700	21.72609761401268
701	21.481876040052345
702	21.827046683125367
703	21.371511412061754
704	21.216179767275946
705	21.088755892815072
706	21.31314084766269
707	21.4622903318975
708	21.244072362027985
709	21.385989362709296
710	21.36975045187607
711	20.955314140684884
712	21.295719969300336
713	21.021025594733256
714	21.589052058648388
715	21.243105843032055
716	21.23581502302789
717	21.069998342011946
718	20.98249687867317
719	21.41861623203877
720	21.38261391817866
721	21.200768255016662
722	20.84053859381553
723	20.961082175040744
724	21.158466414130178
725	21.0365523293451
726	20.750362386001793
727	21.13813583642373
728	20.78392770346971
729	21.007021638951976
730	20.895352913194646
731	21.129092066116616
732	20.959713986253565
733	20.858832166985163
734	20.969934970043443
735	21.130089818685832
736	20.94963593606544
737	20.575043437949315
738	20.98044304263114
739	20.86436417497148
740	21.047336377410023
741	21.150946934187722
742	20.91300767780354
743	21.19406587822764
744	21.0883410744468
745	20.604708167153774
746	21.121292208912656
747	20.889496440728877
748	20.81845688498524
749	21.040055172582427
750	20.898900318016075
751	20.994624629426436
752	20.921804358370053
753	20.78120757644531
754	20.684579959680125
755	20.860591195133402
756	20.77061678426851
757	20.99415992926255
758	20.764202463471594
759	20.558263930461205
760	20.50228130692935
761	20.628915208826953
762	20.901180678065028
763	20.626488507424412
764	20.75562166691789
765	20.701162523153425
766	20.64076330076701
767	20.539451804229817
768	20.718062742210517
769	20.729566710665033
770	20.503730250159812
771	20.65148693567569
772	20.827029591526177
773	20.730032301905986
774	20.450068525280898
775	20.520950445192565
776	20.75099719486543
777	20.62421612168151
778	20.733834035861808
779	20.5302677751123
780	20.494839004754155
781	20.714706091234163
782	20.694990102322997
783	20.250838233122522
784	20.481882312050853
785	20.62829197477061
786	20.725540706738542
787	20.46758335084857
788	20.62065837766706
789	20.833791680810066
790	20.548820611647194
791	20.60617510518015
792	20.428206686489958
793	20.532801164739464
794	20.345913053010065
795	20.404361710746205
796	20.203079624904767
797	20.715704787733856
798	20.556537256040063
799	20.443432972648086
800	20.734865114558723
801	20.719254294183294
802	20.178395208998822
803	20.39492454095929
804	20.31023585021509
805	20.425811182247667
806	20.64654511079906
807	20.42347244926926
808	20.47748215617799
809	20.28134775263837
810	20.091399245051647
811	20.401921990433415
812	20.57970878214975
813	20.3793697012302
814	20.175669102630092
815	20.640329287351875
816	20.188045846791493
817	20.280062069526455
818	20.711743373508412
819	20.398173354345786
820	20.253363709916865
821	20.256398196551405
822	20.486322446407325
823	20.16211010226522
824	20.267726135748244
825	19.976609744473755
826	20.015089908461672
827	20.321901838666054
828	20.10597103636159
829	20.158389731058946
830	19.997675729999504
831	20.235408316975178
832	19.92786315188893
833	20.17104789456112
834	20.164129503566386
835	20.160493199146856
836	20.052786691721437
837	20.110052723425976
838	20.034388337051034
839	20.295206365170134
840	20.200235161525132
841	20.00205262837293
842	20.308711857523985
843	20.0391057392374
844	20.299475816018024
845	20.014479780465344
846	20.124418647110843
847	20.201057303257738
848	20.27416391608348
849	20.177558218565185
850	20.047941832058058
851	20.15750770703379
852	19.975442660815713
853	20.08613879679322
854	19.913203854326692
855	20.344964536503106
856	20.15292666942977
857	19.836714929864684
858	20.0384832523845
859	19.831549203702387
860	19.913181615970593
861	19.93148305683078
862	20.154050171922
863	19.960624875200367
864	19.854311190138898
865	19.567716480432523
866	20.03461458495736
867	20.04230699467867
868	20.15141976691818
869	19.787162973153833
870	20.00205613205853
871	19.73350453345832
872	19.734170680449097
873	19.67937744842573
874	19.578404330075827
875	19.858623633944838
876	19.62725542497323
877	19.823758435958364
878	19.566242917360395
879	19.944109309577357
880	19.668000276253544
881	19.713100312253722
882	19.87624555458193
883	19.89632132388471
884	20.041876590487092
885	19.55935792341831
886	19.808935274205698
887	19.706966527750055
888	19.984050435698762
889	19.789510260165997
890	19.90874372642301
891	19.526791684346566
892	19.775159963377636
893	19.696991521589684
894	19.71933885807484
895	19.83084497031279
896	19.55515425209216
897	19.59374397478642
898	19.73081865044517
899	19.806417244458693
900	19.354695471065302
901	19.617244373652515
902	19.770146313797785
903	19.76848019311704
904	19.700827094788668
905	19.98981619573987
906	19.817871790801888
907	19.92725872336902
908	19.747417436599292
909	19.368044865218323
910	19.63749409289838
911	19.5792570098725
912	19.42549144549248
913	19.582427976759277
914	19.44914661128266
915	19.823744175587585
916	19.724134410779744
917	19.501542674731326
918	19.53293328742769
919	19.368986296371013
920	19.347327607112756
921	19.715557716660545
922	19.41954016549104
923	19.522706128260953
924	19.655294948755767
925	19.46132750432246
926	19.680351046516602
927	19.451060903750314
928	19.3752313135967
929	19.607553398049454
930	19.449665917667996
931	19.189981250218434
932	19.553549989278622
933	19.620670260297146
934	19.541837869629525
935	19.3796409950678
936	19.297257036819573
937	19.377910652584838
938	19.635589164604244
939	19.652167169735694
940	19.542937763584185
941	19.504431153524642
942	19.471304471163155
943	19.306465598039214
944	19.405039247642442
945	19.83681989704396
946	19.13527760443271
947	19.496714851265622
948	19.628065113331218
949	19.4719254162251
950	19.503966518681327
951	19.142753229371383
952	19.502099878820736
953	19.32485207309517
954	19.37883533354901
955	19.619290813879196
956	19.561255988523513
957	19.46620774713037
958	19.509604254400536
959	19.6506092332449
960	19.245665132242248
961	19.226653640941542
962	19.681183836855386
963	19.064431694618456
964	19.173424303647455
965	19.584130015128938
966	19.395407844520822
967	19.194584091512123
968	19.459679129768354
969	19.187079521618127
970	19.088374399439424
971	19.3687430246403
972	19.120908596856314
973	19.3846382076346
974	19.431763796509546
975	19.166444418705204
976	19.352580575321113
977	19.10749131165838
978	19.061477583447015
979	19.166397874513322
980	19.28441333799403
981	19.36255181227722
982	19.277261293583773
983	19.272157871147073
984	19.060520383116703
985	19.366201709337286
986	19.583194628763692
987	19.113254325541043
988	18.90593693542353
989	18.89629704137279
990	19.68923032249654
991	19.21535457864292
992	19.06256957404434
993	18.84634916026773
994	18.78151638582731
995	19.240871618161876
996	18.87170571473192
997	19.3911243510133
998	19.18691511824321
999	18.99666270971852
1000	19.101587135166685
1001	18.993293041935207
1002	19.436266598414313
1003	19.321253982210436
1004	18.999766200136907
1005	19.11428733790813
1006	18.989044591135144
1007	19.142020655434337
1008	18.84851169886337
1009	19.16734438467956
1010	18.965695752042098
1011	19.053357013137905
1012	19.04669411566864
1013	18.998783549239285
1014	18.979932029021114
1015	18.868377729953146
1016	18.70641958787019
1017	19.304837499761028
1018	18.935862984829324
1019	19.204145550546446
1020	19.14492882451892
1021	18.812744156692553
1022	19.215613210339342
1023	19.095625026888296
1024	19.130843199624017
1025	18.898252245325228
1026	19.03079199927822
1027	19.176521227521285
1028	19.129961956021784
1029	18.94375738530264
1030	19.086256856078005
1031	18.866862748192325
1032	18.91657134516253
1033	18.81164449602982
1034	18.521679921952966
1035	18.96356172629458
1036	18.844570101041867
1037	18.787730752050212
1038	18.89540229839732
1039	18.957380514093195
1040	19.000220435557
1041	18.902925203897272
1042	18.77509680580877
1043	19.134974516621348
1044	18.978291933472523
1045	18.978272653431354
1046	18.931261424135425
1047	18.962838541230468
1048	18.876701815567152
1049	18.88831494549474
1050	18.670025640419205
1051	18.935391772571833
1052	18.75057572274912
1053	18.807306156864506
1054	18.68001155903884
1055	18.95432159037361
1056	18.552551227860693
1057	18.751263208184845
1058	18.979243989392433
1059	19.042258150987657
1060	18.81288933734033
1061	18.63201806931336
1062	18.692593166784633
1063	18.710856770056346
1064	18.612109651088957
1065	18.675526657993256
1066	18.863491252388158
1067	18.974250931949786
1068	18.909400572725886
1069	19.009482254718304
1070	18.83544050454327
1071	19.333229685732277
1072	18.79257295117709
1073	18.8376032850081
1074	19.050512775522815
1075	18.62925474940042
1076	18.81407971520892
1077	18.763396027912123
1078	18.591789573216847
1079	18.74948758978554
1080	18.487159167830356
1081	18.609907719462335
1082	18.729525476315448
1083	18.604238438907384
1084	18.625479534135675
1085	18.755945928011407
1086	18.678003567446755
1087	18.579267902602155
1088	18.74927390459046
1089	18.944796904678288
1090	18.595169417931643
1091	18.306513748518153
1092	18.65108899577707
1093	18.72716011604475
1094	18.489086649402
1095	18.57367736545521
1096	18.541472329036424
1097	18.699456084577438
1098	18.559527728606533
1099	18.658281974449434
1100	18.89180577647806
1101	18.42590960118695
1102	18.699713300005364
1103	18.761382828224193
1104	18.53414832283948
1105	18.734742570630896
1106	18.902864567820135
1107	18.60907300032279
1108	18.302050345700014
1109	18.770260657175566
1110	18.704130170829774
1111	18.638764226381088
1112	18.80101946376837
1113	18.28446920818155
1114	18.498902380303466
1115	18.79124167202403
1116	18.697088830533232
1117	18.65819854740039
1118	18.673850147145217
1119	18.3465851818491
1120	18.509655066997695
1121	18.283795674517435
1122	18.828328245771186
1123	18.497901219762674
1124	18.637823083790053
1125	18.50404705791588
1126	18.58519950791938
1127	18.73298128700414
1128	18.568219594043416
1129	18.760045163988696
1130	18.654041311518192
1131	18.52172897976233
1132	18.675580429969465
1133	18.71675327649015
1134	18.522207714128385
1135	18.43689845994848
1136	18.669071262169172
1137	18.674706939720217
1138	18.491571510261203
1139	18.398641440387156
1140	18.436912391934857
1141	18.877447696879752
1142	18.383182423176482
1143	18.313768309035257
1144	18.531140174346202
1145	18.214085279929336
1146	18.61780305147532
1147	18.451535631562095
1148	18.18236149831608
1149	18.32075625438251
1150	18.39633515774441
1151	18.310968758574585
1152	18.303100385412044
1153	18.562503650158945
1154	18.368416556734957
1155	18.45065883186316
1156	18.37299855864251
1157	18.553660143049036
1158	18.445419538073022
1159	18.35814864630352
1160	18.48579880467292
1161	18.255762477870544
1162	18.22661858224791
1163	18.39995643657138
1164	18.239696054114024
1165	18.602101125064767
1166	18.296880420964666
1167	18.204196675337823
1168	18.32143015650204
1169	18.31084971339421
1170	18.512709887473534
1171	18.490323640998152
1172	18.17442409974548
1173	18.157803053783766
1174	18.153023199204192
1175	18.454704674531033
1176	18.385978659238265
1177	18.382820182691987
1178	18.41619510993338
1179	18.477598461713743
1180	18.35046647609601
1181	18.48993557627306
1182	18.42239065704856
1183	18.362773001171977
1184	18.277599136565144
1185	18.277668431892604
1186	18.143057929997514
1187	18.321006457465742
1188	18.239859740554138
1189	18.289093006321373
1190	18.202316014452762
1191	18.37250326657742
1192	18.01713578837537
1193	18.18594416424001
1194	18.025781376665172
1195	18.246783122874035
1196	17.96579673841181
1197	18.156688914780954
1198	17.90390707671192
1199	18.292063160143535
1200	18.111149723714227
1201	18.067775269581666
1202	17.988071391319096
1203	18.392320748063344
1204	18.394560545038956
1205	18.198792504398423
1206	18.21125190530735
1207	17.975691832968717
1208	18.46930158566368
1209	18.317839199069727
1210	18.01730233384113
1211	18.273126021366952
1212	18.53429490899775
1213	18.250306917271967
1214	18.14795492681715
1215	18.180158399556053
1216	18.206623313426615
1217	17.95200617171958
1218	18.202583532097503
1219	18.412157077187047
1220	17.965026622308788
1221	18.062634694454616
1222	18.188174878373086
1223	18.206215691560796
1224	17.726134590578656
1225	18.05875256518195
1226	18.041899131482165
1227	18.23003172390279
1228	18.106879063698276
1229	18.28826836982797
1230	18.402924739226002
1231	18.403528905090152
1232	18.141710097299296
1233	18.128944167856076
1234	17.966308663565187
1235	17.946809833867775
1236	18.15659678508731
1237	17.993226006884985
1238	18.212533710280383
1239	18.266292713023894
1240	18.046671088391115
1241	18.202795730795494
1242	17.930248537318555
1243	18.038453784042193
1244	18.11134331149851
1245	18.151261288914057
1246	18.12081336354127
1247	18.229135271404996
1248	17.999281755963533
1249	18.078016432962805
1250	17.873235459689262
1251	18.317852361162775
1252	17.827180968949246
1253	17.97198209157698
1254	17.79037834914624
1255	18.143316002443445
1256	17.98000467295631
1257	18.158769652425697
1258	17.993695537622234
1259	17.8553221058177
1260	17.892408642919424
1261	17.790370889780625
1262	18.072254589127244
1263	18.24147800354262
1264	18.06892324149949
1265	18.30247205413863
1266	17.987720996161624
1267	18.282805173149008
1268	17.943395160041703
1269	17.94348166266736
1270	18.0512244650308
1271	18.097593357041834
1272	17.947223021857237
1273	18.38372810247056
1274	17.9190331852921
1275	18.4380936317447
1276	18.29471732696082
1277	17.93268504638368
1278	18.394021838442626
1279	18.396636116998188
1280	17.747750319128716
1281	19.172215537561762
1282	18.462631063163293
1283	18.253443569947954
1284	18.874938493271323
1285	18.012344879899427
1286	18.398035188324464
1287	18.26976674205229
1288	17.826201724485482
1289	18.38023747399882
1290	17.933226790098626
1291	17.912588746570755
1292	17.89157828750305
1293	18.126527536150437
1294	18.035779511949702
1295	17.74432819173571
1296	17.85791503542169
1297	18.2858981545107
1298	17.97079401328482
1299	18.03654328625837
1300	17.89214409948196
1301	17.751511417575934
1302	18.085308282646295
1303	17.9456498551567
1304	17.864147634455602
1305	18.032429670294743
1306	17.95117427875945
1307	17.977981251498996
1308	17.76643420194464
1309	17.980791906722473
1310	17.75857123141941
1311	18.071130415177915
1312	17.811111155308183
1313	18.130104758781133
1314	18.12765912964938
1315	17.869149622957764
1316	18.02270442088367
1317	17.82102403417654
1318	18.134474095524514
1319	17.97258593761216
1320	17.764546948280394
1321	17.94610200044278
1322	17.891242226546822
1323	17.96989852530665
1324	17.932620398878193
1325	17.736943437788366
1326	17.822447426246807
1327	17.826641744538666
1328	17.749603676015916
1329	17.984066127450664
1330	17.872954178966587
1331	18.140302521932437
1332	17.816501834542514
1333	17.97268908906599
1334	17.52088265059849
1335	17.939659710043113
1336	17.732699034493237
1337	17.80320087567077
1338	17.82513944211461
1339	17.66753505894881
1340	17.67873088548829
1341	17.74092371778808
1342	17.86726330216322
1343	17.694622969974684
1344	17.686976346782274
1345	17.59725814150151
1346	17.794379478191356
1347	17.57530050198835
1348	18.037112628639946
1349	17.842597117462912
1350	17.829809967878372
1351	17.459760597472865
1352	17.625631081414898
1353	17.797190993937512
1354	17.777987661397503
1355	17.747675282224346
1356	17.817958973777014
1357	17.804411886813657
1358	17.646009569496716
1359	17.588890825200195
1360	17.42363929571561
1361	17.57864436207541
1362	17.428932631762297
1363	17.727718437360522
1364	17.63500006029998
1365	17.60577196256674
1366	17.935796248120493
1367	17.56983917074272
1368	17.661124485849488
1369	17.737763526169466
1370	17.738912287241487
1371	17.834301066366912
1372	17.56269085594475
1373	17.556779582295672
1374	17.743155357906378
1375	17.77735484234129
1376	17.82911234275701
1377	17.547264839439407
1378	17.659966687267136
1379	17.657750501440148
1380	17.66694620478623
1381	17.331955544178008
1382	17.70782586407878
1383	17.67256568239067
1384	17.71867163933882
1385	17.724546103443565
1386	17.355599655097574
1387	17.54600166478734
1388	17.790569301141815
1389	17.657015716412765
1390	17.64520509390179
1391	17.60386345378214
1392	17.492973846949592
1393	17.806073864655527
1394	17.710934368524473
1395	17.6724876979219
1396	17.590033688853865
1397	17.63553313727847
1398	17.6376309124953
1399	17.71170096802865
1400	17.57837732017974
1401	17.45407915648107
1402	17.676671072404577
1403	17.68102051174638
1404	17.86828541314529
1405	17.676034288080675
1406	17.666789196625626
1407	17.725392132276003
1408	17.260018300930934
1409	17.547740922630105
1410	17.59849316156921
1411	17.41987555218882
1412	17.69175015174557
1413	17.740735948477074
1414	17.654830233361945
1415	17.659599872310274
1416	17.32425317625348
1417	17.560547974748122
1418	17.564114006741562
1419	17.56512988089257
1420	17.4234081257665
1421	17.58632893213878
1422	17.628032374496286
1423	17.646075749547222
1424	17.57460578891647
1425	17.305389545409056
1426	17.549152508887772
1427	17.570434473276784
1428	17.464893689299007
1429	17.845967734295986
1430	17.50805861219627
1431	17.60596752327297
1432	17.71630320807218
1433	17.55620369633542
1434	17.38141875573232
1435	17.572935665183614
1436	17.64696310766304
1437	17.66223559533323
1438	17.6114147704756
1439	17.658347652422922
1440	17.52179074770704
1441	17.26107065740363
1442	17.67695614435518
1443	17.477604928000776
1444	17.29647284961149
1445	17.526749046743515
1446	17.61482001493791
1447	17.694272136073792
1448	17.597714375608362
1449	17.382315696023053
1450	17.54173872830391
1451	17.31382418345967
1452	17.62078397533246
1453	17.59710762866848
1454	17.47424461483683
1455	17.357258569586484
1456	17.626807219834078
1457	17.606878433691286
1458	17.630968066354644
1459	17.402384353186616
1460	17.363462092985483
1461	17.530374491899277
1462	17.49367472496309
1463	17.608380350406133
1464	17.316013358105646
1465	17.6264685932051
1466	17.54948453028018
1467	17.49176899838175
1468	17.395195478048098
1469	17.448224531400726
1470	17.2752273348383
1471	17.619922258645214
1472	17.40986665566813
1473	17.5267280882524
1474	17.40643428261378
1475	17.507735748917575
1476	17.35303655991493
1477	17.47488893828114
1478	17.370964180960307
1479	17.335080180970575
1480	17.47779376320887
1481	17.30624055973852
1482	17.376303833900657
1483	17.289659994343218
1484	17.42578332203517
1485	17.33558099599093
1486	17.478954475934383
1487	17.565965435359118
1488	17.405536992525423
1489	17.350315760672075
1490	17.546595210417987
1491	17.190791933007382
1492	17.42197152209181
1493	17.52298864221701
1494	17.45608561247039
1495	17.160233053208575
1496	17.41078450994603
1497	17.55254896249947
1498	16.999435047248564
1499	17.38510330531077
1500	17.206343168580883
1501	17.249338910554314
1502	17.448622582801523
1503	17.183405419933028
1504	17.140860105853303
1505	17.22665834413418
1506	17.15451341294888
1507	17.153310679806154
1508	17.296494594524145
1509	17.20811622360813
1510	17.16040035757932
1511	17.108846714083636
1512	17.082567518497722
1513	17.261309571397337
1514	17.28420108257151
1515	17.18480982317298
1516	17.286963056484737
1517	17.345635505567294
1518	17.161021103342332
1519	17.540431754328285
1520	17.07524587740583
1521	17.463387898959027
1522	17.148906949734567
1523	17.42316428696946
1524	17.20945159998109
1525	17.019011010335763
1526	17.676657055400582
1527	17.29603481788259
1528	17.33688028440103
1529	17.30022039813359
1530	17.208746157317027
1531	17.39392965691518
1532	16.936576124667166
1533	16.836588119969495
1534	17.259087317360756
1535	16.890454975769742
1536	17.198078325959116
1537	17.208902262453144
1538	17.047077198245486
1539	17.21665693485116
1540	17.422975846044093
1541	16.95895461117726
1542	17.222549127482974
1543	17.16242689825951
1544	17.4839547708446
1545	17.14401731921565
1546	16.92009232570644
1547	17.01582800924897
1548	17.295636400420477
1549	16.853250032526113
1550	17.20069234861179
1551	17.33660815703271
1552	17.004436845993787
1553	17.359605310593555
1554	17.25275877731545
1555	17.01998741926768
1556	17.223985888833955
1557	17.22057141549205
1558	17.340757842187003
1559	17.425571502202853
1560	17.41583771477584
1561	17.06594133831114
1562	17.184854109626905
1563	17.428666457534504
1564	17.028588808765704
1565	17.063101444186273
1566	17.236501066369293
1567	16.958072963729816
1568	17.474893178740526
1569	17.164231997720393
1570	16.906717272038417
1571	17.291929787236946
1572	17.05251746613621
1573	17.26379615876695
1574	17.221465721742465
1575	16.937078521023157
1576	17.277189092422795
1577	17.05251078370339
1578	16.986871414937323
1579	17.340425797345922
1580	17.33714662254988
1581	17.05961638580927
1582	17.336795975390345
1583	17.188103633937995
1584	17.205764137698715
1585	17.104937374844955
1586	17.19614242893038
1587	17.236032925675605
1588	17.235070760634056
1589	17.280541257807876
1590	16.88633781283009
1591	17.141611918455656
1592	17.190614444324115
1593	17.0393826529242
1594	17.26950075013047
1595	17.23218095311364
1596	17.09466501795795
1597	17.30927908401435
1598	17.00603027151002
1599	16.77488150831259
1600	17.11693792557167
1601	17.113074505985686
1602	16.92032658638405
1603	17.218479657911658
1604	16.984322065077322
1605	16.9509733557684
1606	17.177183268263867
1607	17.178112568447574
1608	16.941433481326168
1609	17.260867118288452
1610	16.975238749088707
1611	17.130485877469944
1612	17.034438283973884
1613	17.224358686885797
1614	17.167749189135176
1615	17.16426532742293
1616	17.048801959131684
1617	17.180899443863034
1618	17.227375756481212
1619	17.079001228186122
1620	17.018216206825272
1621	17.053832836899407
1622	16.97192677332859
1623	17.00508367273527
1624	17.06178937631888
1625	17.121279371876213
1626	16.828096309771556
1627	17.104872998792462
1628	16.98495322376636
1629	17.288682859184323
1630	17.066176012509388
1631	16.881396700308514
1632	16.9350836654499
1633	17.166565301390037
1634	17.068494802507665
1635	16.932294380948445
1636	16.76150687868824
1637	17.045009478096084
1638	17.022141415996686
1639	16.96167855429799
1640	17.063387134122216
1641	17.07156095592955
1642	16.980627149240615
1643	17.29393821952248
1644	17.271666940864282
1645	17.020882073862094
1646	16.93670920573354
1647	17.230600198826203
1648	17.230507358837052
1649	17.31572167913867
1650	17.065903298887733
1651	16.871798171497506
1652	16.897813659575228
1653	17.197243623097002
1654	17.081788764903475
1655	17.162510874383468
1656	16.98482898960471
1657	17.254786126072943
1658	16.977267549774233
1659	17.25718830630942
1660	17.3811165284177
1661	17.1054989703994
1662	17.11212464078949
1663	17.21778477072758
1664	16.918559201852496
1665	17.089175897176112
1666	16.907694474844995
1667	16.673233490312427
1668	16.66968483639761
1669	16.92607279606383
1670	16.669516215606297
1671	16.82852202895354
1672	16.810207952596997
1673	17.015226573801264
1674	17.2081604922821
1675	16.963814306836383
1676	16.957086324516467
1677	17.121763968647084
1678	16.853150946602952
1679	16.98161350523081
1680	16.880817162409265
1681	16.97007061113976
1682	17.214726282799276
1683	16.9109296108286
1684	16.801295566209628
1685	17.167075381255437
1686	17.021167419184078
1687	16.995077545661967
1688	16.790973557168
1689	17.017764967763178
1690	16.99517032807474
1691	17.06075109581357
1692	17.019353212509152
1693	17.040666035943488
1694	16.993336218051923
1695	16.837653941100722
1696	17.078450800547973
1697	16.99516636965052
1698	17.027921745769575
1699	16.7732165847311
1700	17.114010765557076
1701	16.75632573889418
1702	17.019272796419912
1703	16.839917975690966
1704	17.254372456156933
1705	16.961911209317172
1706	16.897187563492054
1707	16.706378844599207
1708	16.844076595358704
1709	17.13097996958245
1710	16.894776086811248
1711	17.053050926406954
1712	16.845113297249696
1713	16.72352312561605
1714	16.80513246570456
1715	16.834586180300203
1716	17.040551462110457
1717	17.04802066833681
1718	16.736109702255735
1719	17.024517696381963
1720	16.900266438889687
1721	16.710188388469536
1722	16.841184562207385
1723	17.017866720474167
1724	16.846070194598823
1725	16.662579495071085
1726	17.06033648833395
1727	16.794333830950315
1728	17.018546967265785
1729	16.623089846901053
1730	16.709437562606134
1731	16.974918462164833
1732	16.843503241808584
1733	16.8951238470488
1734	16.789797325617695
1735	16.855957360404798
1736	17.18687127269756
1737	16.92378538786973
1738	16.83655102010613
1739	16.782790300987614
1740	16.77318045653692
1741	17.09072324840929
1742	16.785674606013096
1743	16.82809505342946
1744	16.80111958016746
1745	16.82176714391615
1746	16.844130278005203
1747	16.835447803943058
1748	16.959175626262304
1749	16.91853416535109
1750	16.81769346833105
1751	16.852219642596822
1752	16.526298883553547
1753	16.625522117120795
1754	16.848393556511613
1755	16.780188513858047
1756	16.889941536903322
1757	16.691109765192607
1758	16.865635990023875
1759	16.956676886389086
1760	16.941314323585168
1761	16.92074203323778
1762	16.699700212102606
1763	16.751891009404527
1764	17.16481255100484
1765	16.81579307318227
1766	16.896920300890212
1767	16.634837720302357
1768	17.090731336787968
1769	16.92110944302286
1770	16.820000047230554
1771	16.61945811336296
1772	16.63722777364082
1773	16.985888280092368
1774	16.92961712544133
1775	16.772194303179052
1776	16.874139578597322
1777	16.671937868308735
1778	16.65047486002499
1779	16.654216013540413
1780	16.769863264648205
1781	16.51227566396162
1782	16.78621937811063
1783	16.940594279591128
1784	16.622386571721528
1785	16.646498477428096
1786	16.97023190288719
1787	16.707693264593054
1788	16.991041563237555
1789	17.061598882180867
1790	16.769737342333297
1791	16.84264343468038
1792	16.90989538099287
1793	16.692237141740225
1794	16.992181069333427
1795	16.767381325407044
1796	16.858351189481894
1797	16.795212277915912
1798	16.98878631883434
1799	16.916735087751512
1800	17.038627047346782
1801	16.961182958938398
1802	17.053530003465372
1803	17.104296581192234
1804	16.764954564251674
1805	17.145911404018722
1806	17.03494197743232
1807	16.682892821670166
1808	16.801388527278267
1809	16.813488134069576
1810	16.691935799935127
1811	17.005117055893894
1812	16.812811924015588
1813	16.611096685077623
1814	16.715700800796956
1815	16.48382314240211
1816	16.663220849640737
1817	16.697359705623168
1818	16.947937087062993
1819	16.83114324117116
1820	16.56776849065268
1821	16.738670723039327
1822	16.81152471177627
1823	16.662978175318212
1824	16.940977321932866
1825	16.487255436426988
1826	16.75710980738685
1827	16.746444122747477
1828	16.739382022685
1829	16.788475121555656
1830	17.07220394608138
1831	16.64200702562814
1832	16.757028080451928
1833	16.81466998144346
1834	16.606272259614805
1835	16.822004494143687
1836	16.6260598278732
1837	16.55746313454501
1838	16.550975968494885
1839	16.70596378115516
1840	16.614104319906936
1841	16.72109812883641
1842	16.818342615965886
1843	16.58317522301519
1844	16.847738198222928
1845	16.659161142747354
1846	16.862349166680275
1847	17.094191186791434
1848	16.611158271601102
1849	16.589287622324363
1850	16.828916088761176
1851	16.80036407767269
1852	16.550240037650703
1853	16.432239299062832
1854	16.873001836362587
1855	16.750100990683105
1856	16.331174835864946
1857	16.6699506295918
1858	16.750100240258362
1859	16.66506740848308
1860	16.71282935798304
1861	16.681706863402805
1862	16.57157568928269
1863	16.706350320405033
1864	16.597653582259113
1865	16.4804607250195
1866	16.720135224440458
1867	16.80698938767685
1868	16.427823866070252
1869	16.701477368032712
1870	16.82296896505528
1871	16.56815498345605
1872	16.513784491302346
1873	16.65195632687423
1874	16.774315043859133
1875	16.472654247875212
1876	16.77828410272623
1877	16.68106963709869
1878	16.629789578057093
1879	16.649502569053716
1880	16.421232848562333
1881	16.504566729190863
1882	16.58435476773827
1883	16.531588352951285
1884	16.84751720055937
1885	16.568137248966085
1886	16.613482824317348
1887	16.766772414909767
1888	16.42702078307756
1889	16.508302970747106
1890	16.978727227108664
1891	16.689721088144903
1892	16.571217920702278
1893	16.466330169492334
1894	16.55158916931062
1895	16.722843989918342
1896	16.731554322397354
1897	16.499624438703442
1898	16.618197645046887
1899	16.43029650268061
1900	16.633484365945787
1901	16.673905836695464
1902	16.54738137224379
1903	16.74602445410366
1904	16.476263047168345
1905	16.501501744200194
1906	16.628882732697207
1907	16.688380554025485
1908	16.527404876626754
1909	16.606226467402067
1910	16.53505462880078
1911	16.728135775739904
1912	16.707896331224052
1913	16.71607944575762
1914	16.63537917598953
1915	16.169379300032254
1916	16.66367939120955
1917	16.601852636657064
1918	16.59845072391173
1919	16.31816363866102
1920	16.560556321634433
1921	16.639291276525782
1922	16.396356467645496
1923	16.432626104807788
1924	16.58574859971481
1925	16.607284734859043
1926	16.659796732240082
1927	16.645662046860664
1928	16.661646767752345
1929	16.60965181904271
1930	16.563326812551043
1931	16.646277450097372
1932	16.78681878606825
1933	16.265554995480407
1934	16.519136590683146
1935	16.619770137877893
1936	16.699997782149588
1937	16.80442227447447
1938	16.549877893356076
1939	16.60091772976105
1940	16.718091261821268
1941	16.27773178599608
1942	16.6048636784523
1943	16.580267479434717
1944	16.377293737330255
1945	16.485246787295505
1946	16.585373291043613
1947	16.367536845778393
1948	16.53490383265676
1949	16.486378258592314
1950	16.622224869157755
1951	16.549425760619947
1952	16.45667132403456
1953	16.614434998836693
1954	16.56390717665442
1955	16.620599450897522
1956	16.511275794110524
1957	16.753213507560524
1958	16.54860124290085
1959	16.601748525790775
1960	16.34522456776698
1961	16.662579021322898
1962	16.557775902533226
1963	16.703353797218448
1964	16.757755349895476
1965	16.63546864286294
1966	16.610314088370302
1967	16.458292414311323
1968	16.407222645764893
1969	16.60024678576074
1970	16.542482303718312
1971	16.544578564655133
1972	16.519665838514843
1973	16.54386616990031
1974	16.433159228981566
1975	16.50097958845659
1976	16.62589451801867
1977	16.555259579588213
1978	16.691250843098736
1979	16.718107634369872
1980	16.696800324423865
1981	16.81598248864455
1982	16.677634551395464
1983	16.49857422182775
1984	16.640785045252645
1985	16.542747438290732
1986	16.41634838361933
1987	16.656741299672213
1988	16.542475207804195
1989	16.465129195188133
1990	16.37257386880098
1991	16.55938689074416
1992	16.788031759135553
1993	16.437232929945377
1994	16.734635541858253
1995	16.582262796074417
1996	16.352389412060447
1997	16.467039041260094
1998	16.658682150907737
1999	16.435385578129285
2000	16.548273075988114
2001	16.32843292070613
2002	16.534512314441276
2003	16.65772961384771
2004	16.61203421160554
2005	16.671066692209074
2006	16.529299957734146
2007	16.47719358081598
2008	16.386531419506813
2009	16.56207402038799
2010	16.42298058030993
2011	16.304780871340412
2012	16.376263894196807
2013	16.398225570379562
2014	16.409248436789433
2015	16.20157445900719
2016	16.293954885207327
2017	16.698354308358137
2018	16.408762808068772
2019	16.449866719361612
2020	16.441114160100764
2021	16.4062318546302
2022	16.558961923593134
2023	16.524673493549713
2024	16.395821447036646
2025	16.28113596049942
2026	16.428021117610115
2027	16.469656359451513
2028	16.5276443163684
2029	16.44861427477271
2030	16.516558596562717
2031	16.573689054851073
2032	16.481204093076148
2033	16.600888076811298
2034	16.551068590224155
2035	16.550974222192885
2036	16.5568394098216
2037	16.35349214272368
2038	16.716079601020002
2039	16.52307486849094
2040	16.53467708921897
2041	16.49311216464464
2042	16.400124487430453
2043	16.429441321617244
2044	16.472812289105853
2045	16.54895630865665
2046	16.576155909087078
2047	16.289591548256066
2048	16.50789864848991
2049	16.534026876063052
2050	16.462801348793697
2051	16.399443627208214
2052	16.380395901966715
2053	16.37428049271291
2054	16.73604841508896
2055	16.366100773388066
2056	16.44686874123175
2057	16.451496506352655
2058	16.254603399596146
2059	16.557686650996807
2060	16.535521926348636
2061	16.33690715021783
2062	16.29895005848686
2063	16.311173498063397
2064	16.63649854338358
2065	16.36092947984858
2066	16.63733140063454
2067	16.463561626118192
2068	16.47337689970544
2069	16.474529107054284
2070	16.44164024226721
2071	16.392360789422302
2072	16.339119075271427
2073	16.454871718101305
2074	16.557888001790023
2075	16.245672459584256
2076	16.29334138072686
2077	16.43430047062392
2078	16.577969354626827
2079	16.162962759273597
2080	16.569273270427544
2081	16.27105542189418
2082	16.481264873286502
2083	16.48069470524251
2084	16.456626711876357
2085	16.522869126491756
2086	16.249704540904613
2087	16.290089163695193
2088	16.573993716669513
2089	16.242173858413107
2090	16.368546909227
2091	16.2850413681504
2092	16.168402292735742
2093	16.481634058503012
2094	16.44670052365829
2095	16.373512247198345
2096	16.31571987890207
2097	16.633673513230196
2098	16.400972906636547
2099	16.210467276319267
2100	16.54760905782273
2101	16.39373009778743
2102	16.056325697079707
2103	16.3957847913928
2104	16.531873764230408
2105	16.292468043204845
2106	16.212384654313976
2107	16.72594844268552
2108	16.44013292512332
2109	16.550824004481843
2110	16.485328561716262
2111	16.250986882520614
2112	16.278169841984006
2113	16.25095028686605
2114	16.502531310017
2115	16.076401261623023
2116	16.040857074241178
2117	16.11751145097095
2118	16.372429239898942
2119	16.1584795186581
2120	16.349946251107156
2121	16.420660706978733
2122	16.298991831283
2123	16.33526229104629
2124	16.285072159476993
2125	16.529304631103425
2126	16.552201690337867
2127	16.099284686607383
2128	16.476160650016762
2129	16.1703804467664
2130	16.175935603563243
2131	16.208823307611887
2132	16.282132945460265
2133	16.151927679018584
2134	16.28605764109772
2135	16.18099469263804
2136	16.513235399991647
2137	16.204026435322465
2138	16.291823289320433
2139	16.249030728386835
2140	16.228202281559675
2141	16.507239314520646
2142	16.36752117925379
2143	16.42412542043103
2144	16.531219601953783
2145	16.363220163190284
2146	16.339154153595945
2147	16.238730209073946
2148	16.341287086463716
2149	16.342923391809215
2150	16.17507891429721
2151	16.101762868092976
2152	16.59395614824987
2153	16.33269074098911
2154	16.51588834387091
2155	16.094713815430154
2156	16.233491073096573
2157	16.449677620631572
2158	16.379518755006107
2159	16.390609387360566
2160	16.26297685900792
2161	16.205430074137126
2162	16.261332349976293
2163	16.276034922782962
2164	16.175569199892326
2165	16.17588282755429
2166	16.294939074043523
2167	16.1662389253141
2168	16.257259994918066
2169	16.15910270649323
2170	16.226623474061363
2171	16.111198541344972
2172	16.346338324720367
2173	16.329330333661858
2174	16.360117339467305
2175	16.272500724404296
2176	16.339214532138165
2177	16.162863397835704
2178	16.251558245915348
2179	16.388898950326553
2180	16.195199796641923
2181	16.320911896696316
2182	16.175459716543845
2183	16.298515241213693
2184	16.40031446693318
2185	16.575335883548824
2186	16.07054637981447
2187	16.26704615081998
2188	16.116267202012196
2189	16.279005731496593
2190	16.39056473626429
2191	16.211009227089868
2192	16.316369224568472
2193	16.401336110311505
2194	16.32142658139496
2195	16.49345993893495
2196	16.22767763521701
2197	16.139862317333176
2198	16.300517702278785
2199	16.051899773815947
2200	16.212224666505943
2201	15.98289265323052
2202	16.386755668949405
2203	16.308676087154158
2204	16.169815373165296
2205	16.379358345123084
2206	16.1944253953757
2207	16.103761017380318
2208	16.291932306472592
2209	16.412770093488916
2210	16.234100826649353
2211	15.985722262075345
2212	16.3067956284823
2213	16.270592902260923
2214	16.214839068411592
2215	16.18523346944053
2216	16.411442158428375
2217	16.284910707275206
2218	16.19039397920702
2219	16.196393247517072
2220	16.169222021373105
2221	16.20390891653577
2222	16.53164176737542
2223	16.284990689836224
2224	16.250082871543682
2225	16.282235898394443
2226	16.281934419344932
2227	16.400113324683634
2228	16.0908710809748
2229	16.10808253311431
2230	15.978642843729238
2231	15.997529254968637
2232	16.117473210257547
2233	16.22607764420636
2234	16.22720142651908
2235	16.242821996161588
2236	16.47512658843077
2237	16.244598655513748
2238	16.111789291710483
2239	16.41332353230497
2240	16.091607509001268
2241	16.10483733731117
2242	16.104858081299703
2243	16.197359803823538
2244	16.060132141023814
2245	16.26573890798828
2246	16.329866388328476
2247	16.088796335152843
2248	16.26382296067757
2249	16.311719807801214
2250	16.25469069421477
2251	16.095571874431535
2252	16.37231973647856
2253	16.335558056192667
2254	15.941932597789066
2255	16.22717831434308
2256	16.006782847387743
2257	16.08982864384027
2258	16.327429811148527
2259	16.24832748153277
2260	16.04589367941248
2261	16.412316439735857
2262	15.882192494175259
2263	16.605814819678734
2264	16.237349962374783
2265	16.30596745384106
2266	16.46210403149317
2267	16.396275027094077
2268	16.04799223182897
2269	16.0561653947829
2270	16.252524522547045
2271	16.27718843602777
2272	16.220414475318012
2273	16.478863187291847
2274	16.30379711283344
2275	16.237161653289302
2276	16.160919804335297
2277	16.077252347275735
2278	15.953486133642917
2279	16.106759371110993
2280	16.343353413966494
2281	16.102603661496484
2282	16.248879853250195
2283	16.194800510070806
2284	16.078630523364065
2285	16.139074936757385
2286	16.183872626790762
2287	16.061430901095807
2288	16.017671383904798
2289	16.11248219818054
2290	16.019032493408353
2291	16.272683825139506
2292	16.222921561394593
2293	16.119614525897227
2294	16.01198810270323
2295	16.291713887918633
2296	16.028148464315954
2297	16.20576360773587
2298	16.267123761271883
2299	16.23974708086167
2300	16.350879131329943
2301	15.85046231404125
2302	16.097826101786286
2303	16.2653491096444
2304	16.140195681754335
2305	16.025846911962542
2306	16.150246122004553
2307	16.0085390654655
2308	16.16500556476722
2309	15.972471075490905
2310	16.24894020539916
2311	16.069283774169797
2312	16.167734108623087
2313	16.304351990376905
2314	16.240761258942435
2315	16.13281844373654
2316	16.215186235586028
2317	16.08944805005546
2318	16.24284625524094
2319	16.260288006705483
2320	16.157436635904407
2321	16.14828906132605
2322	16.432002098361405
2323	16.255486262661808
2324	16.011838599203752
2325	16.210269714387707
2326	16.125115900622056
2327	15.913565460999969
2328	16.465242235112278
2329	16.15562665326725
2330	16.29745038209475
2331	16.061533551143583
2332	16.280734109206325
2333	16.042468808706847
2334	16.19926700583034
2335	16.379487371168235
2336	16.382024687042932
2337	16.40286837227369
2338	16.081781882349695
2339	16.16712953682325
2340	16.17059257315426
2341	16.233677588147618
2342	16.299767667070896
2343	15.982523289928428
2344	16.114230416765096
2345	16.22683106160835
2346	16.07753576980271
2347	16.080817607129248
2348	16.218961467927247
2349	15.856528682281732
2350	16.25353312451688
2351	16.08961373990804
2352	15.865553156877205
2353	16.001844113190412
2354	16.37973891428701
2355	16.14250646387525
2356	15.97705627140586
2357	16.191125416709856
2358	16.062573541401598
2359	16.09762475542095
2360	15.965242560066057
2361	16.075453971740647
2362	15.95111130488092
2363	16.083824950485443
2364	16.082333775974572
2365	15.699004118556495
2366	16.185598391114855
2367	16.021175216766817
2368	16.11128232224278
2369	15.996176284635549
2370	16.32368358420822
2371	15.93372306044816
2372	16.06868542354281
2373	16.276960705001972
2374	16.23061192763946
2375	16.213100175154253
2376	16.020691464183365
2377	16.305350030443748
2378	16.26252518372063
2379	16.03502678791497
2380	16.012109143214836
2381	16.104294486261992
2382	16.201256246571216
2383	16.169835748176038
2384	16.110188548301814
2385	16.340413085642854
2386	16.186214464952574
2387	15.987370401316891
2388	16.179862718932203
2389	16.07872811931579
2390	16.227313878224756
2391	15.900714772758398
2392	16.08769890302271
2393	15.788911993295013
2394	16.014353524297196
2395	16.181276761664957
2396	15.987098913192243
2397	16.00110664784524
2398	16.138156527745984
2399	16.090279670638857
2400	16.058414677155557
2401	16.261616888736672
2402	16.108930028279275
2403	16.24045612943388
2404	16.277860291761204
2405	16.259027044197616
2406	15.971867579226508
2407	16.107767427195363
2408	16.308042202084557
2409	15.678063306504662
2410	16.302552900015026
2411	15.968541792547246
2412	15.983580595179768
2413	16.01825670722594
2414	16.033031495558177
2415	16.15044339452686
2416	16.025381419282187
2417	16.09858316620281
2418	16.12534770908814
2419	15.958026513392443
2420	16.23674921528105
2421	16.0395768840095
2422	15.829482215817446
2423	16.155497385117382
2424	16.23900622411296
2425	16.08097472359794
2426	16.314801206510058
2427	16.01540016533385
2428	15.8959194479971
2429	15.93778071645044
2430	16.1796375065491
2431	15.984412063121423
2432	16.114899637461974
2433	16.09441009867741
2434	16.107086863967144
2435	15.786292722167454
2436	16.105711404061935
2437	16.225350072861126
2438	15.939842308422126
2439	16.14351805101176
2440	16.183721300930628
2441	15.937020899484493
2442	16.219401265536032
2443	16.12110093289259
2444	16.025827056196217
2445	16.234644340499898
2446	16.225268726248718
2447	16.01396410285308
2448	16.1884206190283
2449	16.19403383803336
2450	15.857103436471334
2451	16.097918366018177
2452	16.115877370794127
2453	15.891927728710778
2454	15.985910323356478
2455	15.96824494305402
2456	16.10898107040803
2457	16.153654116431262
2458	16.10239930510893
2459	16.216886601170824
2460	15.89479475457024
2461	15.766801544370079
2462	16.059692383647544
2463	15.928930434499357
2464	16.212019591584237
2465	15.802742292704444
2466	16.242297838398933
2467	16.071416970389027
2468	15.901899648760455
2469	16.009769405698265
2470	15.834414298285495
2471	15.931215935371439
2472	15.956039824096825
2473	16.284394866700186
2474	15.972408837560511
2475	15.962021037576445
2476	16.036755734354
2477	16.190053482839495
2478	15.805528384085168
2479	16.151043360576317
2480	15.872551545763871
2481	15.74662200657598
2482	16.10799991261419
2483	15.870449250224864
2484	16.032023950713285
2485	15.869606169775302
2486	15.91095156511706
2487	16.104931696681266
2488	16.05977224259958
2489	16.238633671896565
2490	16.038264281860165
2491	16.03845931924366
2492	15.883362139635759
2493	16.026198755678852
2494	16.01324889208615
2495	16.114297156718674
2496	15.999284534634688
2497	15.975349298102902
2498	15.927028357685078
2499	15.787536788122777
2500	15.815841067913833
2501	16.183768432020482
2502	16.217233258478803
2503	16.008167561997332
2504	16.137246090074903
2505	15.900184253471997
2506	15.980919867153654
2507	16.102990323151413
2508	15.893695197636463
2509	15.998964971967421
2510	16.055186665106245
2511	15.986654722277123
2512	15.784601206581996
2513	15.915372208828778
2514	16.00567230754917
2515	16.056753363043057
2516	15.900233782756235
2517	15.836885054559913
2518	16.068560033696485
2519	16.12915268868611
2520	15.970323717786421
2521	15.912221679603629
2522	15.896244464205619
2523	16.122618269809152
2524	15.991092200729941
2525	16.10528826886569
2526	15.938341628359986
2527	16.037647945863288
2528	15.827634816597204
2529	15.801476750377176
2530	16.17065256884848
2531	16.05718991079056
2532	15.966639270707516
2533	15.984068700679122
2534	15.886416193095705
2535	16.08973089555423
2536	16.136519288638745
2537	16.26910545822054
2538	16.099020228200125
2539	15.853938146430451
2540	15.903837124006936
2541	16.183194239938732
2542	16.24408714503163
2543	15.96617021593896
2544	15.814971690005759
2545	15.842763638843326
2546	16.02732782733021
2547	16.296062130190638
2548	15.935496307030359
2549	15.839210446548758
2550	16.08625239817549
2551	15.926383026873298
2552	16.011632298035362
2553	15.882133420213185
2554	16.13070424112638
2555	15.895792455415117
2556	15.898095262018648
2557	16.084690820386367
2558	15.91596418422339
2559	15.807917542129069
2560	15.975159793157665
2561	16.177626080092782
2562	15.855611089685679
2563	16.081828261043206
2564	16.08736083151208
2565	15.881765199240824
2566	16.123212266047435
2567	15.844239261247894
2568	15.873314793465406
2569	15.814034721570202
2570	16.064600097590308
2571	16.079942615721443
2572	15.906596732634597
2573	15.99173401049105
2574	16.14343454480886
2575	15.824908478907416
2576	15.879032432255237
2577	15.822830089569418
2578	15.923085554832582
2579	16.018505337290993
2580	15.896853987978233
2581	16.081395920484812
2582	15.717723588350637
2583	16.057870385305087
2584	15.793309483053491
2585	15.94807911829391
2586	15.856340962996928
2587	16.127080071399735
2588	15.98334211128724
2589	15.826184482706898
2590	15.991694572853685
2591	15.955283618997294
2592	15.952200504544697
2593	15.983182208426637
2594	15.889781034910165
2595	15.862040325574478
2596	15.784328519494748
2597	16.323581175651476
2598	15.85443218336303
2599	15.81104238669631
2600	16.063285129855288
2601	15.990438737324665
2602	16.00350269265577
2603	15.837492662694634
2604	16.169678674189914
2605	16.010219124162322
2606	16.119432279596175
2607	15.740504122476528
2608	15.89928735567902
2609	15.915426568230746
2610	15.929766529010005
2611	16.156936683557657
2612	15.856266263906605
2613	15.677319413749672
2614	15.866545288597884
2615	15.855562146822551
2616	15.68805268814544
2617	15.89183547448213
2618	15.793459710638501
2619	15.875184365595212
2620	15.725789213621724
2621	15.830249639632905
2622	15.87363906079872
2623	16.062995347087618
2624	15.951910856426723
2625	15.77339300124392
2626	15.893301646504026
2627	15.868047357981096
2628	15.90920583879257
2629	16.00898743865772
2630	15.962675978442212
2631	15.827674660340092
2632	15.717791902806617
2633	15.998199365655065
2634	15.863421491566562
2635	16.01523812353897
2636	15.897225759168231
2637	15.988759119839255
2638	16.00122037650596
2639	15.853051827163851
2640	15.940846305684872
2641	15.85286099781365
2642	15.841728134819148
2643	15.732037866341892
2644	15.953904472458973
2645	16.050770097457324
2646	15.924145961998027
2647	15.984205703140887
2648	16.12769701906374
2649	15.922275372228814
2650	16.01051613342214
2651	15.784636666795652
2652	15.723209148770923
2653	15.853776748102295
2654	15.925606956986588
2655	15.972717145279747
2656	15.882905972107434
2657	16.20777977430915
2658	15.919266265318162
2659	15.85207919742824
2660	15.96131284300299
2661	16.35233961831045
2662	15.607117393222035
2663	15.960057606682106
2664	15.706359296329682
2665	15.948961944432796
2666	15.811421512275208
2667	15.853863308028027
2668	15.974378370145761
2669	15.858803457189246
2670	15.616959558069832
2671	15.97014621392929
2672	15.729190400020645
2673	15.846900376596542
2674	15.838340796128351
2675	15.761164017029301
2676	15.876906428210686
2677	16.06861686433311
2678	15.804984902256628
2679	15.982555453014557
2680	16.16660549574781
2681	15.819860459793292
2682	15.80925440971068
2683	15.836265936427408
2684	15.759526573282901
2685	15.886095466649332
2686	15.631677382013631
2687	15.922730673923093
2688	15.835932746278232
2689	15.766925355622726
2690	15.779517979003455
2691	15.791219263315432
2692	15.74699260234466
2693	15.702460520273982
2694	15.823218653449125
2695	15.917639663696589
2696	15.80223054490697
2697	15.871676950289746
2698	15.948836782440164
2699	15.704172402503026
2700	15.795678503539234
2701	16.09978219541127
2702	15.89855925414363
2703	15.846769853200078
2704	15.993984758237199
2705	16.057113947082982
2706	15.80190364198569
2707	16.03577597362456
2708	16.057507731991784
2709	16.00798365232704
2710	15.841179902462276
2711	15.740434674952407
2712	15.811513843853046
2713	15.946614766956262
2714	15.853389112995165
2715	16.021949292063553
2716	15.932965041983445
2717	15.410007523621882
2718	15.89285942642523
2719	15.63590257710689
2720	15.908932632597695
2721	15.766498697320731
2722	15.725892121715763
2723	16.116415628747536
2724	15.877086442478172
2725	15.671175805530467
2726	15.858836265207298
2727	15.771178877595986
2728	15.779855717591174
2729	15.886649473527394
2730	15.798073903259592
2731	15.630097326824634
2732	15.761103439935692
2733	15.448827789336482
2734	15.720942581725142
2735	15.926920784501805
2736	15.678427176251615
2737	15.777563128311167
2738	15.87216941594621
2739	15.956020090265232
2740	15.854855436546664
2741	15.378478225478025
2742	15.787554569204543
2743	15.779148675892369
2744	15.86928682330609
2745	15.879367503055608
2746	15.840229518203264
2747	16.03359620253942
2748	15.68212215640338
2749	15.641793454608873
2750	15.760906438959262
2751	15.96272610818452
2752	15.760870653471969
2753	15.910548614845835
2754	15.8783843654888
2755	15.711478053536418
2756	15.656560790619514
2757	15.663585390470315
2758	15.748568776579704
2759	15.747647979197392
2760	15.697766994274607
2761	15.654210483899675
2762	15.772772654118896
2763	16.117262120320383
2764	15.859505797098118
2765	15.796167252104528
2766	15.993552798869322
2767	15.788507980817974
2768	15.802900832105335
2769	15.898454983945946
2770	15.927569100329128
2771	15.876431381281778
2772	15.843065134805396
2773	15.603621824384273
2774	15.859261356040003
2775	15.851721885991395
2776	15.883614752603869
2777	15.781710469009154
2778	15.78988495004054
2779	15.845308513772277
2780	15.875117059363625
2781	15.443288389806746
2782	15.512940599382658
2783	15.892415815009077
2784	15.785659820524101
2785	15.840791662356398
2786	15.717671654501983
2787	15.687027949642665
2788	15.694836952281241
2789	15.91554339447333
2790	15.938433269514853
2791	15.521372040009267
2792	15.811430739481692
2793	15.867872708695675
2794	15.538361852846425
2795	15.790536168552059
2796	15.787286252417688
2797	15.82459912717401
2798	15.788849242263245
2799	15.806097980053767
2800	15.554708625963283
2801	15.791250130733467
2802	15.83088692989403
2803	15.91735522364827
2804	16.042788519266058
2805	15.90153875749601
2806	16.02095181115571
2807	15.655308209901808
2808	15.752715855695788
2809	15.729916811457018
2810	15.738294208489831
2811	15.822597534236714
2812	15.999748277045745
2813	15.788127930828736
2814	15.947243177949838
2815	15.806390232164436
2816	15.895423036316787
2817	15.793118026032918
2818	15.86357634769735
2819	15.642408963799696
2820	15.67662296137303
2821	15.700603460430198
2822	15.96725468771821
2823	15.686624961673205
2824	15.83738515688359
2825	15.740662229609995
2826	15.559198373046
2827	15.9547557011921
2828	15.724775412659062
2829	15.720879009233855
2830	15.559054524838508
2831	15.580439387684578
2832	15.735875785574166
2833	15.58000384304505
2834	16.0952835750063
2835	15.726299289491005
2836	15.795455016067343
2837	15.689670299291242
2838	15.72000410862792
2839	15.781445938171752
2840	15.680943914327283
2841	15.771755248434618
2842	15.66583274328647
2843	15.817033113969917
2844	15.645233453682598
2845	15.560034800449296
2846	16.037433007278977
2847	15.456639861865199
2848	15.60683601192384
2849	15.868686879093953
2850	15.701594044480272
2851	15.823004305626505
2852	15.77365881140482
2853	15.892923770667439
2854	15.803099131778955
2855	15.782418102711874
2856	15.801167727958378
2857	15.898794287595713
2858	15.89936385068173
2859	15.657693550007284
2860	15.86272870113507
2861	15.65953306676746
2862	15.925946334191263
2863	15.845501136938891
2864	15.752816909174383
2865	15.926111185006656
2866	15.635938464900326
2867	15.846967914071882
2868	15.784360132227212
2869	15.98122794134548
2870	15.873892082033494
2871	15.857162135228233
2872	15.691823086132308
2873	15.732134747680577
2874	15.946350347686296
2875	15.776334200243644
2876	15.779175332359703
2877	15.749527539820432
2878	15.772093634376361
2879	15.699039332503098
2880	15.715806332787322
2881	15.954562978357973
2882	15.89122567871008
2883	15.977051724212698
2884	15.73925152610291
2885	15.658655201874451
2886	15.750912660608384
2887	15.839224583921583
2888	15.58390642956087
2889	15.6339917752183
2890	15.609689909276499
2891	15.770926772956178
2892	15.628293759373223
2893	15.797464510088666
2894	15.762050655102781
2895	16.042344891674176
2896	15.628012787648695
2897	15.76416085912964
2898	15.785412261278147
2899	15.608169381304352
2900	16.004840774747855
2901	15.756869837994342
2902	15.964636191469333
2903	15.686107045067796
2904	15.632372415294796
2905	15.782212327756165
2906	15.65554729624177
2907	15.686610608942082
2908	15.857091195253327
2909	15.946055789455453
2910	15.852687552893258
2911	15.77171636899011
2912	15.861620296088368
2913	15.566552138165843
2914	15.850927889123556
2915	15.904704525630002
2916	15.590598550900468
2917	15.826649819234694
2918	15.76906395677503
2919	15.664738608752145
2920	15.857705983001914
2921	15.701718153239211
2922	15.733544288748263
2923	15.735591174442112
2924	15.65292010546367
2925	15.642489836735404
2926	15.551344817136611
2927	15.61003736770628
2928	15.609011649783673
2929	15.99744596280671
2930	15.774127534054648
2931	15.943228690250862
2932	15.819654070163848
2933	15.730897924748422
2934	15.710724376658883
2935	15.495697834219062
2936	15.52154678994335
2937	15.802661843802037
2938	15.723065201190384
2939	15.685419241289875
2940	15.578442238516367
2941	15.635917394199733
2942	15.658884260249854
2943	15.622212285082066
2944	15.474343356601567
2945	15.803146929655728
2946	15.885171411153728
2947	15.828654814120185
2948	15.703733874171768
2949	15.720593093518017
2950	15.64525502009587
2951	15.862138880856463
2952	15.720222805153885
2953	15.748717107349977
2954	15.86082985299847
2955	15.747652884224479
2956	15.638001579234324
2957	15.744623547322774
2958	15.735891836008243
2959	15.775049713123174
2960	15.569411541384559
2961	15.651280382428359
2962	15.538515874972841
2963	15.792587242970605
2964	15.60744047295887
2965	15.87371495628038
2966	15.713825239411458
2967	15.8024167608925
2968	15.715135651835153
2969	15.710994046831482
2970	15.47938132132199
2971	15.639618614267054
2972	15.688398277851322
2973	15.690006318585107
2974	15.688508297622674
2975	15.833784010463754
2976	15.616340775174981
2977	15.698747314486651
2978	15.497252489331839
2979	15.810501556633435
2980	15.667099309360157
2981	15.682814995725618
2982	15.751663810848493
2983	15.593774751384771
2984	15.489802565807349
2985	15.778110053163182
2986	15.692470407771905
2987	15.479443675712673
2988	15.87995058049574
2989	15.669953977994963
2990	15.795320532767903
2991	15.533950262773557
2992	15.693644049266135
2993	15.88512689481217
2994	15.663694259305391
2995	15.855028611073099
2996	15.889646799729139
2997	15.681217915609952
2998	15.722504626423754
2999	15.650957635463664
3000	15.670897727724839
3001	15.596539076805064
3002	15.635557095919479
3003	15.27939666758259
3004	15.717908669908326
3005	15.565527401979086
3006	15.722934105008695
3007	15.631546186728128
3008	15.577487645212942
3009	15.760904913796491
3010	15.660082426969693
3011	15.674093065584504
3012	15.35983245318248
3013	15.713931886039255
3014	15.51156152761172
3015	15.598336781665077
3016	15.45228342953361
3017	15.460862212165685
3018	15.511402733077393
3019	15.482429369574637
3020	15.698687663738388
3021	15.504434339502506
3022	15.612204698865131
3023	15.735784587149297
3024	15.356801495683301
3025	15.905835918225014
3026	15.48649599747634
3027	15.50822960713581
3028	15.738398549933377
3029	15.634376947749438
3030	15.946199751571784
3031	15.56340494929296
3032	15.689995113881258
3033	15.647001110285716
3034	15.776136831905655
3035	15.53932842706654
3036	15.496186249025955
3037	15.773390921998754
3038	15.725540498051132
3039	15.578183146737365
3040	15.874383191350892
3041	15.651924799772603
3042	15.85532104430705
3043	15.780581990578831
3044	15.581411517702838
3045	15.691182112213593
3046	15.778343868130106
3047	15.47751188644343
3048	15.647267005240812
3049	15.768334501924791
3050	15.525081420850526
3051	15.513601134119035
3052	15.819897375171314
3053	15.543851224847963
3054	15.602965403906774
3055	15.52601986253181
3056	15.53244804881343
3057	15.458294188326132
3058	15.700773419791952
3059	15.525998966672294
3060	15.661745538550136
3061	15.615759628069469
3062	15.75549832159879
3063	15.39449236586266
3064	15.623233687188101
3065	15.606257583888477
3066	15.623727737723783
3067	15.682111461166718
3068	15.473670036768839
3069	15.628927852730124
3070	15.696243314948907
3071	15.645183349831012
3072	15.561535716644261
3073	15.638754063084571
3074	15.425606959154369
3075	15.666874432686893
3076	15.460080221929308
3077	15.358168530169877
3078	15.614732855632782
3079	15.679741402759989
3080	15.538117884489651
3081	15.581779258671236
3082	15.633769514456258
3083	15.71446900958406
3084	15.735069198522643
3085	15.465485293006429
3086	15.720344470599764
3087	15.455634579352974
3088	15.773876746696049
3089	15.606647738544352
3090	15.531210366031003
3091	15.686015699588662
3092	15.552644236663786
3093	15.50622555976252
3094	15.532428090285194
3095	15.573428688789821
3096	15.753877946913093
3097	15.543915242082722
3098	15.596445895515942
3099	15.73704252320516
3100	15.48149890531143
3101	15.571577782221496
3102	15.525795446234309
3103	15.667453157834325
3104	15.456556934398053
3105	15.732585937240488
3106	15.409033847223712
3107	15.573589557975353
3108	15.385042012900161
3109	15.5946805328454
3110	15.506722811028085
3111	15.59505418013351
3112	15.796961397672003
3113	15.808845114030689
3114	15.70838026392088
3115	15.529011917363249
3116	15.431605659771755
3117	15.67331375628621
3118	15.522959754103544
3119	15.566909885036914
3120	15.509528170439
3121	15.64838468706943
3122	15.420646192014502
3123	15.470311047993679
3124	15.75651482745842
3125	15.613186019688111
3126	15.571809226990668
3127	15.496182646335729
3128	15.410598277422213
3129	15.633145042031275
3130	15.606527047243114
3131	15.756044417833163
3132	15.592048129908521
3133	15.549380491349286
3134	15.77449220264888
3135	15.485139780202008
3136	15.449338518677132
3137	15.60982950471112
3138	15.638443424277435
3139	15.417436872567785
3140	15.59374296358879
3141	15.96764044739443
3142	15.507313906713467
3143	15.623296432006372
3144	15.442595507213655
3145	15.440832016496046
3146	15.451377828792378
3147	15.571631362857337
3148	15.689044480045268
3149	15.367679631518282
3150	15.780723516348248
3151	15.703501181868939
3152	15.598736167529143
3153	15.627858820099169
3154	15.704301247912792
3155	15.423629190205336
3156	15.835384228701006
3157	15.7268056015195
3158	15.588022026981958
3159	15.672537419846982
3160	15.689207963282803
3161	15.425471035455635
3162	15.405528854928491
3163	15.614040652806882
3164	15.562431427711958
3165	15.442300188200418
3166	15.47736969257033
3167	15.558616459009784
3168	15.533348156248985
3169	15.530357664123805
3170	15.675935042297738
3171	15.575366049390558
3172	15.63509091844218
3173	15.557940016244023
3174	15.717033227953749
3175	15.828380539166792
3176	15.787046262035407
3177	15.466075885417837
3178	15.739660109667096
3179	15.425053263754489
3180	15.722356057886858
3181	15.607352744770886
3182	15.62704185599547
3183	15.601407890761996
3184	15.582579904548675
3185	15.525667102476094
3186	15.674276353941536
3187	15.463817770702676
3188	15.707366331186144
3189	15.417465506838305
3190	15.321658256741074
3191	15.593318633350794
3192	15.557683999176124
3193	15.559941721231176
3194	15.7184874126313
3195	15.755159931665295
3196	15.637473145919687
3197	15.493476251250938
3198	15.655676591601368
3199	15.75568337097127
3200	15.61380856439904
3201	15.644414989638621
3202	15.940033532359635
3203	15.549249639235791
3204	15.570492440635304
3205	15.56150687795555
3206	15.378759800278749
3207	15.605513399245137
3208	15.594834020579428
3209	15.721982115859985
3210	15.608780909484397
3211	15.696922562227236
3212	15.924742223025293
3213	15.680121619498715
3214	15.605694427016015
3215	15.510104028555403
3216	15.555978513109064
3217	15.60885541514784
3218	15.38753017451513
3219	15.671615330740435
3220	15.663881059143362
3221	15.691275654129688
3222	15.482218773309388
3223	15.681205437542262
3224	15.548646449282534
3225	15.605540110627341
3226	15.727667646960096
3227	15.27163108938519
3228	15.329062453158048
3229	15.619947095551161
3230	15.804905260486871
3231	15.69097746946863
3232	15.511193150416386
3233	15.746976222555352
3234	15.543102849942894
3235	15.561665588747998
3236	15.530882936935734
3237	15.676929269952142
3238	15.498399594847607
3239	15.579080107620017
3240	15.602961775422399
3241	15.51657115301822
3242	15.67815224840953
3243	15.480891491547764
3244	15.475957166587207
3245	15.443883684516258
3246	15.662728994574302
3247	15.633612096565102
3248	15.580922258875079
3249	15.562762106636532
3250	15.429195127379213
3251	15.561005393383788
3252	15.487354135541754
3253	15.653411769466226
3254	15.358267659668863
3255	15.658066985587377
3256	15.560089624512162
3257	15.514772761192406
3258	15.358610990197167
3259	15.732366995916037
3260	15.34978558762318
3261	15.698462562119628
3262	15.727174457492888
3263	15.764995066867073
3264	15.38339438014719
3265	15.614978432054022
3266	15.35282376267856
3267	15.708967455701732
3268	15.722457379789645
3269	15.569102051969383
3270	15.399207980850361
3271	15.426091765796988
3272	15.52953422224299
3273	15.405886290234347
3274	15.465810982258036
3275	15.622130031075727
3276	15.440086457065226
3277	15.68445472620564
3278	15.755996047316351
3279	15.425459477055764
3280	15.558119953135693
3281	15.12729679829321
3282	15.410788595073466
3283	15.392237973283892
3284	15.795276929453388
3285	15.653723760722562
3286	15.48875799144178
3287	15.56954803833669
3288	15.286601656114474
3289	15.39540859634853
3290	15.50866445441923
3291	15.680601516693537
3292	15.453529721739601
3293	15.587519082580204
3294	15.51506703500553
3295	15.45690205549432
3296	15.506044050162995
3297	15.506856605313581
3298	15.7099103701878
3299	15.548025429149803
3300	15.574688506913038
3301	15.283993172898292
3302	15.451094855163014
3303	15.26931013304334
3304	15.581430990282213
3305	15.612428762815954
3306	15.69348837728345
3307	15.649828451145497
3308	15.43916167656824
3309	15.528320680107152
3310	15.65327288348505
3311	15.669807356568109
3312	15.627652661814684
3313	15.38053344173027
3314	15.476982798368075
3315	15.625102640368434
3316	15.39652908128416
3317	15.444538020912171
3318	15.500958785588086
3319	15.390366807626565
3320	15.369727395018206
3321	15.498671801189243
3322	15.705494069015511
3323	15.68558135122438
3324	15.462170097577031
3325	15.502513093775596
3326	15.589460654338595
3327	15.54279319879612
3328	15.602100457933423
3329	15.65799971899656
3330	15.446336216470632
3331	15.240867584259856
3332	15.33942406128717
3333	15.470955754918943
3334	15.518214809056827
3335	15.428701810202531
3336	15.438525364373422
3337	15.491039061699805
3338	15.638057271932151
3339	15.72621747315114
3340	15.505835634645695
3341	15.596023791083473
3342	15.443285065407578
3343	15.373360179173307
3344	15.42286477160306
3345	15.421609205858363
3346	15.478322876363334
3347	15.508698233080603
3348	15.55602424187072
3349	15.292700238661707
3350	15.601958420531293
3351	15.551706620110878
3352	15.511785572125307
3353	15.345977307422066
3354	15.45401381765866
3355	15.408501643540966
3356	15.482534085551139
3357	15.622254956855084
3358	15.425054056210627
3359	15.564832528186772
3360	15.42431166374204
3361	15.328352586083547
3362	15.514435392513104
3363	15.583147943616183
3364	15.39769291113453
3365	15.643969974654537
3366	15.738891866034251
3367	15.491474421466423
3368	15.509192553870019
3369	15.546374566622923
3370	15.481303343028351
3371	15.475829927895095
3372	15.461940616117193
3373	15.61053445054687
3374	15.423078045877734
3375	15.676697604103207
3376	15.53399414665974
3377	15.549678079791793
3378	15.646398146132114
3379	15.335529885710951
3380	15.482715242232434
3381	15.410864326597844
