1	487.01881699713766
2	309.2809681084327
3	230.58107175473742
4	224.87554730791328
5	185.3198611194792
6	112.61731008266939
7	125.40553701031043
8	95.11295642486944
9	82.03714603633922
10	86.11766793483591
11	75.50274496478133
12	71.18346711916227
13	73.11615510156791
14	67.29101903466356
15	66.31080290324306
16	61.33872646378547
17	66.43667439532115
18	56.171296289936556
19	55.280283682200405
20	58.97557787880024
21	51.70531083131191
22	50.506032872110616
23	47.15003114809498
24	46.224437038187716
25	45.29499578331488
26	44.65870664353908
27	43.60597583881043
28	42.32271507470998
29	42.25235192242351
30	42.32984539613888
31	41.871746117094084
32	41.38954585167281
33	41.319152795216745
34	40.25563230636127
35	40.313147556379164
36	38.84631090324342
37	39.46192603420189
38	38.91600412613686
39	39.321749662214756
40	38.86488987526419
41	38.44031496947095
42	38.525571844312836
43	38.277952831425516
44	37.722160831068194
45	37.75654785816503
46	37.261356278244406
47	37.5174433231068
48	37.493170027669805
49	38.22219509442433
50	37.96510257001635
51	36.97842058215062
52	36.827524351414
53	36.93385988322027
54	36.825884792422336
55	36.51622946100279
56	36.15657041751984
57	36.416278075316995
58	36.40617355389911
59	36.65849591884228
60	36.66310361574262
61	35.96748421817301
62	36.08129711551585
63	36.33480131560333
64	35.91933232502119
65	36.41965228206865
66	36.408898489043615
67	36.17467701901449
68	36.38391673963642
69	36.12148964656943
70	36.032617330983584
71	35.56135409031123
72	35.968205456390145
73	36.25705267819242
74	36.15031736200138
75	36.136682665008145
76	35.78599835799321
77	35.81054755587632
78	35.832599366116824
79	35.93712467353079
80	36.12034319384673
81	36.02867265986045
82	35.44214090791717
83	35.658756214554586
84	35.69591214263826
85	35.58278481680876
86	35.58022206481637
87	35.82901432256226
88	35.415092187212544
89	35.69306033361135
90	35.51958207381148
91	35.66862561771881
92	35.679925116134655
93	36.12944474032534
94	35.80142678050875
95	35.631129015261244
96	35.721113768086575
97	35.66197643037838
98	35.61857906511741
99	35.62209189974146
100	35.67205535672963
101	35.75134844164244
102	35.64764553044242
103	35.5364173861621
104	35.78515895116536
105	35.92932989327207
106	35.81215072115374
107	35.62176502930515
108	35.54460127382914
109	35.656816743455245
110	35.38039733880898
111	35.33256001370579
112	35.44157025153908
113	35.310853477945486
114	35.6185130020266
115	35.45713533449043
116	35.12474959214287
117	35.53173733039302
118	35.547246085384934
119	35.4310026599609
120	35.52335368881209
121	35.467905260565516
122	35.770604878322565
123	35.55490370397447
124	35.76117315605135
125	35.29990813025989
126	35.226591226293195
127	34.98024919829445
128	35.05726630923976
129	35.38198837425902
130	35.362062946644926
131	35.246075463072984
132	35.708415232611905
133	35.34476522475872
134	35.37916823068134
135	35.63595508035115
136	35.15333986700471
137	34.957232817924215
138	35.51393128453934
139	35.01213358143017
140	35.04755523032617
141	35.25240888540452
142	35.27107621101415
143	35.46598778270156
144	35.36537152460428
145	35.10734801433528
146	35.48100341194615
147	35.27574435491635
148	34.9421672946638
149	35.39744840528145
150	35.489498965006234
151	35.22636994879302
152	34.87587737069143
153	35.46419973584302
154	35.33559802768867
155	35.18985794964221
156	35.133641058078425
157	35.449335481003146
158	35.4885096119084
159	35.157632367718776
160	35.1754562883505
161	35.21494436794444
162	35.27261398245004
163	34.77620391299981
164	35.01343800141115
165	35.40477325284866
166	35.0678761781756
167	35.01566293410454
168	35.02737240085688
169	34.91644414085426
170	35.125739352821235
171	35.47743407203302
172	34.81180537452941
173	35.202817242782054
174	35.01693957219201
175	35.32392787950835
176	34.906612610385494
177	34.85471238273779
178	34.9918836313959
179	34.906623158095584
180	34.8180955482866
181	34.77869855830775
182	34.96489133160275
183	35.29590262168702
184	35.086071412361655
185	35.00734288145435
186	35.15986002953171
187	35.25333954952465
188	35.33689374610702
189	35.59894437094083
190	35.42424969772713
191	35.3194281964426
192	35.25243664610061
193	35.2602233588735
194	35.07506649833766
195	35.00496844961292
196	34.895680053500044
197	34.89877360535899
198	34.85078473284358
199	35.103415892793855
200	35.18391873430193
201	34.9741719854069
202	35.05774382394989
203	35.193649608276836
204	35.21408685169762
205	34.97302086925689
206	34.96790304655333
207	34.9845625742848
208	35.04950156778566
209	34.901038353714
210	35.22326228263495
211	35.05942862644837
212	35.12086222427
213	35.14688258875712
214	35.03537112588932
215	34.65096234856538
216	34.73520029659083
217	35.01104128119648
218	34.920847499574634
219	35.191725593797045
220	34.795069887704564
221	34.838862511143425
222	34.789670097621666
223	34.943184643647164
224	34.605614327740916
225	35.037567740363606
226	34.91238729759452
227	35.2110639679448
228	34.92894699399501
229	34.96987032060085
230	34.84087218456822
231	34.88378037974563
232	34.88069548357937
233	34.78639089500402
234	34.9784836400387
235	35.100712164273546
236	34.87116748545275
237	34.957835358590614
238	34.84018090433659
239	35.210783825684594
240	34.861129960253926
241	34.680994547433144
242	35.41969574748116
243	34.82637222884193
244	35.230516347562244
245	34.97453694394601
246	34.968797006124326
247	34.763363718098006
248	35.1424449951832
249	34.6261672814616
250	34.76070204483607
251	34.508902266515925
252	34.63196614549189
253	34.77400530446989
254	34.63867865630364
255	35.135002289859074
256	34.72376563991082
257	34.96990073840206
258	34.93893424823611
259	34.92424466404741
260	34.781828467578514
261	34.54226138728233
262	34.79158090097746
263	34.933486795549676
264	34.659629853869596
265	34.661522332600754
266	34.71571967066197
267	35.047513736470144
268	35.172435376906265
269	34.53288478813768
270	34.781418075259836
271	34.84264693295759
272	34.83476739954222
273	34.556161815449315
274	34.70599058019662
275	34.9048782316626
276	34.62439561400018
277	34.93044115283224
278	35.177251917670866
279	34.65713392514322
280	34.62110893866086
281	35.009228812078234
282	34.873395908552446
283	34.86601876620794
284	34.874525148521315
285	34.84961983556898
286	34.62163716762141
287	34.35510474459737
288	35.096620379018454
289	35.0956673465949
290	34.760817898781205
291	34.98401837767212
292	34.83229946362116
293	34.59096968295374
294	34.95717946422228
295	34.49074029026997
296	34.831366154261616
297	34.90655914672264
298	34.5766038887612
299	34.802248013285585
300	34.60113001655216
301	34.70060997836019
302	34.566482884151306
303	34.678062267487576
304	34.79993595039972
305	34.54702427416603
306	34.794504325945994
307	34.966032901580306
308	34.20687123313254
309	34.87601924911654
310	34.70535974173465
311	34.947287189873684
312	34.842997739724936
313	34.8399853650827
314	34.926238784807985
315	34.726407082533704
316	34.89202990201074
317	34.549201511297
318	34.52881948572557
319	34.61944382571824
320	34.51976516962895
321	34.80197813898379
322	34.56488506303418
323	34.88124358537386
324	35.02041575103722
325	34.61593162251402
326	34.679303632009066
327	34.86184215241446
328	34.68476627415112
329	34.8096849430251
330	34.45542390676673
331	34.73605005267005
332	34.96273648356576
333	34.655823574265746
334	34.7306423128414
335	34.59028100868146
336	34.20300837777976
337	34.86400143304123
338	34.78926210908124
339	34.60008861002402
340	34.851353079362504
341	34.524931303215396
342	34.49426021583192
343	34.64723677351545
344	35.07732833894504
345	34.72868740981929
346	34.636112172492496
347	34.5589158382778
348	34.92110576461812
349	34.67009050699799
350	34.49295109653152
351	34.54801235794905
352	34.60616702067828
353	34.98605299188855
354	34.74442662247514
355	34.55588661844945
356	34.67872610706303
357	34.752595254837566
358	34.77578688084005
359	35.0600939633337
360	35.181824080285466
361	34.5517766276381
362	34.57807852556645
363	34.60024723942444
364	34.96609207079418
365	34.565639800483886
366	34.996002944535924
367	34.36677593653347
368	34.871834267799265
369	34.808953027305805
370	34.651591616598
371	34.41999121749717
372	34.623797377514606
373	34.78487330884695
374	34.59153956246575
375	34.55583004153252
376	34.299938661717086
377	34.634149236824626
378	34.66568945448078
379	34.592513760966725
380	34.73454878793286
381	34.61332017660209
382	34.596269330303805
383	34.63998213693406
384	34.58385916805304
385	34.553224849211645
386	34.495454317646036
387	34.85293737602656
388	34.81829957023557
389	34.61982917729333
390	34.64210587040764
391	34.40707039105037
392	34.583442085267826
393	34.67133022846945
394	35.18708999074213
395	34.555217415203664
396	34.62540243489481
397	34.56481331870419
398	34.40114768350103
399	34.8974035586916
400	34.64471776408117
401	34.54374840665312
402	34.32773843108254
403	34.746911724847514
404	34.42449817996189
405	34.73778836044726
406	34.58122820042403
407	34.762348854069735
408	34.76347355690271
409	34.606288957427964
410	34.62904592332597
411	34.68952615063353
412	34.66751099653443
413	34.6407084507986
414	34.764617742150094
415	34.70472893137196
416	34.542401249799404
417	34.43452702070681
418	34.752578665327015
419	34.73223460548401
420	34.59463459181902
421	34.615107662372885
422	34.73013902369842
423	34.44474305281191
424	34.41986767120552
425	34.503576830255795
426	34.42166670239481
427	34.39778754610647
428	34.7621701046149
429	34.688548768490996
430	34.42316194209986
431	34.776187691856705
432	34.40910465398449
433	34.139650602543014
434	34.5606963447847
435	34.49589799304929
436	34.65691056328882
437	34.65468904458755
438	34.268349657421155
439	34.48644927988839
440	34.318769508621415
441	34.32459084967618
442	34.46605623349984
443	34.612750425010134
444	34.506434403527905
445	34.36500787918651
446	34.415942773369075
447	34.52382840101328
448	34.85717755576821
449	34.67672998606616
450	34.79276090824007
451	34.29340599925455
452	34.940473131707925
453	34.470392543998244
454	34.33875860453693
455	34.421273747101495
456	34.49617115694283
457	34.46986008107538
458	34.42531373488
459	34.169447535330306
460	34.4736443188197
461	34.58800415965471
462	34.5479453329681
463	34.534020718844474
464	34.72801621008897
465	34.45271377428529
466	34.48328868167004
467	34.56406409010767
468	34.67820511165851
469	34.369699011359714
470	34.5031281442241
471	34.34596442643151
472	34.23960834522016
473	34.69763546551509
474	34.376493758411826
475	34.17965581421909
476	34.315406522921506
477	34.30168126128933
478	34.346418589121306
479	34.198666255115846
480	34.45005649100062
481	34.64224119041194
482	34.34934441008395
483	34.32780655893505
484	34.16571395109154
485	34.139699766680394
486	34.55658227190995
487	34.298262274245545
488	34.28399705881718
489	34.600917834409564
490	34.62233615701408
491	34.22572276146759
492	34.37655785613736
493	34.36182750551173
494	34.67289955932279
495	34.415120238883276
496	34.41293555782524
497	34.376894600788525
498	34.1626938033509
499	34.42438858990027
500	34.5101706858109
501	34.12515372445598
502	34.301832362902104
503	34.60096229928551
504	34.21425207943259
505	34.53298768021693
506	34.30330255074973
507	34.64622050639995
508	34.228875288246904
509	34.564244092269824
510	34.47146240072589
511	34.31527104964593
512	34.26361758775435
513	34.41977925455963
514	34.390723676053526
515	34.1336009460943
516	33.96338207904392
517	34.21527137511206
518	34.336441796147284
519	34.27247933945211
520	34.37097217700579
521	34.22004837625093
522	34.10293398898612
523	34.13626734004359
524	34.503939537360026
525	34.07161941129909
526	34.357023204438775
527	34.33507805173845
528	34.2444968786533
529	34.105579764241156
530	34.49746762962407
531	34.30847618506498
532	34.44669857342259
533	34.20590014030889
534	34.14869086508826
535	33.87632896042631
536	34.09540845147629
537	34.22242269523037
538	34.05015818253954
539	33.91658295890228
540	34.444797436054856
541	34.182165018427675
542	34.32930113418383
543	34.478877982951275
544	34.137545714374546
545	34.379181770590115
546	34.22178736507853
547	34.03040569526301
548	34.16008142022645
549	34.15360022436308
550	34.261469556446
551	34.13795151743202
552	34.30518383945099
553	34.183516198838454
554	34.313578777395385
555	34.3239289457889
556	34.161611391828465
557	33.7919073488494
558	33.950605629313664
559	34.16272444782063
560	34.07834530378351
561	33.8484167656743
562	33.98331058584669
563	34.144794650359366
564	34.36962357452818
565	33.98522718878476
566	34.17560866946816
567	34.091708184442666
568	34.18720669204746
569	34.29421041993065
570	34.450882089108255
571	34.0529024878254
572	34.19559490886174
573	34.352018523107326
574	34.5577945548228
575	34.17992623047218
576	33.94038835886547
577	34.21611815366766
578	34.18528040021366
579	34.23682827957721
580	33.799711916665
581	33.87011730005341
582	33.977030411521994
583	33.693192037834166
584	33.964358005138315
585	34.07297836610261
586	33.835694632773425
587	34.04892038596681
588	34.39932143208112
589	34.051709681866335
590	34.0249867173378
591	34.10267876710799
592	33.86059685927741
593	33.94345544085309
594	33.90143877591966
595	33.7816004635379
596	34.00921319727819
597	34.00792124997003
598	34.030391712522416
599	33.804175324156404
600	34.08126765078699
601	34.205083118651125
602	33.99865671921649
603	33.8253049530192
604	34.06770521984386
605	33.96036198048811
606	33.97766714723648
607	34.00198408443986
608	34.151986905590924
609	33.95201819799847
610	34.19617706631506
611	34.10110327798511
612	34.14673602172583
613	34.05219290055305
614	33.90706703973442
615	34.02926829150792
616	34.1555028639097
617	34.09227341960585
618	33.780851942607654
619	33.78783339149601
620	34.00795678753421
621	33.80794997209187
622	33.77085656468322
623	34.02370335601449
624	33.47458278074878
625	33.919292980979996
626	33.792808990629375
627	33.68864358609515
628	33.752500349420124
629	33.47241243265532
630	33.780352309244975
631	33.51181711425008
632	33.82144768693658
633	33.6615635975398
634	33.64529942997767
635	33.81157654459268
636	34.11061271471573
637	33.7322156217016
638	34.12554584468507
639	33.60318948735956
640	33.6179413194124
641	33.72205090845523
642	33.57810060957688
643	33.65775960004334
644	33.47432725558596
645	33.62841985078378
646	33.243398018950785
647	33.46451837420553
648	33.67265689041184
649	33.8728106397617
650	33.56311075562418
651	33.53256484658458
652	33.57338172673211
653	33.261233460651766
654	33.51932456527359
655	33.65323392168716
656	33.57159632449363
657	33.62200088139116
658	33.34430676718189
659	33.53457841990999
660	33.53537042629744
661	33.681801313780085
662	33.32504747748283
663	33.05703588766019
664	33.39940407251455
665	33.53185158864115
666	33.34842177857994
667	33.3315008674493
668	33.51966652175286
669	33.38325391640139
670	33.38797733678226
671	33.447105579042066
672	33.54487255613565
673	33.371339236390966
674	33.18240441252453
675	33.29170439476656
676	33.20890515927005
677	32.96238524387586
678	33.24070008870045
679	33.095729023478384
680	33.10004323622655
681	33.56043686917566
682	33.2961040149874
683	33.32415782866308
684	33.402804415629625
685	32.75025570639737
686	33.07682003202088
687	33.311019731023066
688	33.03027270275034
689	33.170293887034504
690	32.686788715554464
691	33.43821571947645
692	33.294291816871215
693	32.871295972152346
694	33.15631450790054
695	33.15251961862239
696	33.080054341542905
697	33.15745518896293
698	33.21001953705184
699	33.08067738168494
700	32.995621415838436
701	32.62370700212156
702	32.7547034260802
703	32.94543825169524
704	33.15461711456263
705	32.9900295317736
706	33.04364873640776
707	32.880781182790344
708	32.96742097311594
709	32.65404034729313
710	32.72008807102917
711	33.08567956446447
712	32.32964531252721
713	32.70682436434366
714	32.79613180152116
715	32.78013974139439
716	32.49441166399984
717	32.60575650580727
718	32.96918243947912
719	32.55173900513259
720	32.76561000791584
721	32.49137182113416
722	32.5666168265888
723	32.79852327447757
724	32.73346154345772
725	32.75095937852713
726	32.78065995748408
727	32.48034456027256
728	32.39380728331567
729	32.60581584440934
730	32.594605665958255
731	32.558888044635445
732	32.30466693570434
733	32.571899826405875
734	32.02192535266558
735	32.54043346839353
736	32.66103037538478
737	32.69669064814528
738	32.35338660655616
739	32.359392564609855
740	32.195423503137256
741	32.12160189038722
742	32.09357987523024
743	31.98112938393157
744	32.16613891459958
745	32.133150594043244
746	31.961453106381615
747	32.06568492376473
748	32.21312288653725
749	31.842700394595397
750	31.906567147814837
751	31.705171966181098
752	32.07575881338767
753	31.814161293758655
754	31.92640520173838
755	32.18776521133256
756	31.83457885486052
757	31.59346556079722
758	31.694358628408608
759	31.916939595763996
760	32.04161764011567
761	31.68543836920911
762	32.00807626781733
763	32.12779941589159
764	31.724274551298667
765	32.00753938434098
766	31.745416021066788
767	32.0747908569874
768	31.85989119788979
769	31.630496563254656
770	31.830037357149543
771	31.482470579431116
772	31.495015820327374
773	31.575830173217568
774	31.676842541498672
775	31.543252943457773
776	31.777744871483446
777	31.519488732012693
778	31.525675378808362
779	31.699583152811176
780	31.12224108249628
781	31.249389030811944
782	31.421217179975717
783	31.47048762970329
784	31.175743448672588
785	31.62602775599874
786	31.65815838127492
787	31.278117080749205
788	31.201963229646402
789	31.676669779138262
790	31.22571281428527
791	31.93140687812429
792	31.411129133634855
793	31.57716117126664
794	31.189800747807226
795	31.386260312556068
796	31.22172607094008
797	31.32467818389466
798	31.470653710065722
799	31.399076043639823
800	31.294383996428916
801	31.529640761931912
802	30.96374629162412
803	31.045780780983492
804	30.886495242749735
805	31.08051477334956
806	31.08066161544749
807	31.32497389006134
808	30.85762066104496
809	30.7421864442154
810	30.90580626765434
811	31.154958424850243
812	30.810988748457316
813	30.796905538294798
814	31.24264519357238
815	30.956371835883395
816	30.889681524857014
817	30.5968511728143
818	30.29156382212915
819	31.07212454332989
820	31.047772343154197
821	30.954096762112965
822	30.731075805114898
823	30.639734823806734
824	30.71785377354893
825	30.780615286805023
826	30.432793525084023
827	30.47503040953036
828	30.579758075276427
829	30.795726946796837
830	30.798224160944795
831	30.5449337809122
832	30.475932322256124
833	30.51028194569055
834	29.916674102103464
835	30.54025796098269
836	30.285220572143913
837	30.645144112984564
838	30.307207082711585
839	30.540537281690504
840	30.587538965841365
841	30.35206722258606
842	30.573979677995755
843	30.31206825025427
844	30.501760699522237
845	30.08981616418339
846	30.11668533884764
847	30.08815307473857
848	30.355231502488717
849	30.399718494016163
850	30.211747760076083
851	30.44476122571437
852	30.09892010344308
853	30.23200576613063
854	29.963267399515615
855	30.177025848989523
856	30.197169359924484
857	30.079404958674417
858	30.035783404037858
859	30.222953004184937
860	29.881791715498604
861	30.257540595700515
862	29.25130493603111
863	30.265406527311086
864	29.965441941403352
865	30.21746709014623
866	29.65959124614845
867	29.78919915467028
868	29.984920233008403
869	30.25658715543724
870	29.534249445943455
871	29.862462752496263
872	30.275103858458564
873	29.740050215183253
874	29.888608463530165
875	29.75385459406847
876	29.83896808156563
877	30.12378162127449
878	29.582125601629965
879	29.740742376524555
880	29.787954328379115
881	29.70516741014637
882	29.631088542387253
883	29.409889002510972
884	29.65065772308996
885	29.52964480640282
886	29.649253886617593
887	29.778781284228568
888	29.75647920669021
889	29.169115104474542
890	29.5381040985877
891	30.044348866386393
892	29.365830764356065
893	29.572755821792025
894	29.636623300750113
895	29.57468883904417
896	29.727953614821637
897	29.792476839023077
898	29.544275679978668
899	28.92411153269484
900	29.335689931443397
901	29.027495828718934
902	29.64644950028384
903	29.44047015498429
904	29.546909720325807
905	29.23008630759219
906	29.856516969477514
907	29.024961085848364
908	29.5499205711732
909	29.42872456431899
910	29.601505034321587
911	29.367657909057066
912	29.348301200283572
913	29.619842777667905
914	29.156766006601845
915	29.198174591415732
916	29.31266622426479
917	29.181739223714548
918	28.968889618958997
919	28.780304420605415
920	29.030204516539996
921	28.751034464579593
922	28.82863095480692
923	29.308034324974805
924	28.73714019881261
925	28.801250607291873
926	29.221696138339553
927	28.949200538852065
928	28.826390272199518
929	29.09722829455877
930	29.001332031494417
931	28.846339535697002
932	28.59803038749397
933	29.193462296957783
934	28.7257519193605
935	28.900723283371846
936	28.647604932961876
937	29.114719013384907
938	29.1262077177967
939	28.861758080650862
940	28.810284806358435
941	29.236839314731746
942	28.766386596042015
943	29.125477594612224
944	28.698650859308827
945	28.66827389130791
946	28.903396255804093
947	28.88921854307431
948	29.127360639382683
949	28.51936832373093
950	28.972286183403376
951	29.104684002218047
952	28.64640093781267
953	28.39070301860265
954	28.883327977869683
955	28.860114567657224
956	28.59876706381666
957	28.68590111849385
958	28.754274468542132
959	28.53081128206866
960	28.39615669027051
961	28.199517486729718
962	28.31731314973904
963	28.560677731035952
964	28.564445345155047
965	28.552610065009173
966	28.336557297645193
967	28.236684461279964
968	28.39086351938159
969	28.59484617374034
970	28.40509079804327
971	28.17367828222744
972	28.134462320622845
973	28.16014718275691
974	28.546025946986646
975	28.635392953229267
976	28.223584388304058
977	28.263123225502365
978	28.238395529016348
979	28.535727587452772
980	28.402958057772317
981	28.11469315296327
982	27.88634145618405
983	28.366468626451145
984	27.841663317957014
985	28.297100263832796
986	28.195375843474896
987	28.369565416618858
988	28.060961469184452
989	28.243346017039865
990	28.1553107635954
991	28.291892154086188
992	27.800484012991436
993	28.098536537816834
994	28.29823523913859
995	27.93925072079662
996	28.02926825264758
997	27.933426320305408
998	28.348951198775325
999	27.666505821962605
1000	27.677972440027187
1001	27.705697302386334
1002	27.876275022427585
1003	28.065180047707155
1004	27.655529439805832
1005	27.807625276828514
1006	28.17902117010858
1007	27.595927533030636
1008	27.608823940929344
1009	27.50234380686781
1010	27.777848394891176
1011	28.12031082742684
1012	27.90004142620624
1013	27.815108422301098
1014	27.509593419142398
1015	27.86755139367602
1016	27.61699097717792
1017	27.787041580710866
1018	27.87747630787535
1019	27.54081650651325
1020	27.918206197403528
1021	27.803964795618278
1022	27.68049272122648
1023	27.854073042578914
1024	27.853765298987092
1025	27.772020138846337
1026	27.69740531426802
1027	27.792783106510228
1028	27.12890832283693
1029	27.851329446944465
1030	27.710756470569688
1031	27.42151545737675
1032	27.750155586045054
1033	27.18647138973216
1034	27.742808923478734
1035	27.362087299007637
1036	27.38310176018307
1037	27.5240478200941
1038	27.4634692649005
1039	27.15414847294972
1040	27.3051327971968
1041	27.50814013927596
1042	27.204154005209045
1043	27.310697365610498
1044	27.283224105889808
1045	27.125167895836526
1046	27.09553340870056
1047	27.40046039317185
1048	27.568091299009183
1049	27.13405954083704
1050	27.24057964481948
1051	26.80444849674247
1052	26.88947032644472
1053	27.443040061386082
1054	27.288238415054924
1055	27.467681819738623
1056	27.400851479970623
1057	27.00848420487982
1058	27.212799168784606
1059	27.226661827693327
1060	27.022148161161343
1061	27.006336031009795
1062	27.104434224197917
1063	27.016489948085006
1064	27.263169201019736
1065	27.167964592679752
1066	27.055727030059995
1067	26.835793414671414
1068	26.926315953727805
1069	26.81641464883582
1070	26.9044666937184
1071	27.043325462651243
1072	27.197269027299022
1073	26.872960428389426
1074	26.864380963209165
1075	26.888444291636013
1076	26.90908934148928
1077	26.602022319610136
1078	27.084122470340287
1079	26.80789647145937
1080	27.240894098320393
1081	26.610520664532213
1082	26.83206182055538
1083	26.8557015565803
1084	26.747740933658566
1085	26.992482024401458
1086	26.463261712208766
1087	26.726213264618604
1088	26.77915405250502
1089	26.521916036487156
1090	26.890772379169768
1091	26.62878324462436
1092	26.825340838518066
1093	26.747212471123053
1094	26.686432780045294
1095	26.404744001464312
1096	26.5344035906109
1097	26.729442726205352
1098	26.656085450530007
1099	26.606509515274706
1100	26.9435156759189
1101	26.68405712194234
1102	26.40022169554834
1103	26.448410932758573
1104	26.511443139595194
1105	26.356420249997473
1106	26.487279965908026
1107	26.464743311878017
1108	26.628454699247854
1109	26.48927092885622
1110	27.10216674582676
1111	26.465410425015783
1112	26.536804410394183
1113	26.60802626764353
1114	26.35773572479091
1115	26.769098538532162
1116	26.436551380456923
1117	26.236626487454384
1118	26.558249905612406
1119	26.178000711483786
1120	26.208778934752537
1121	26.152555497098245
1122	26.217323717325332
1123	26.424630258137114
1124	26.1937240414727
1125	26.318167699457575
1126	26.109265099691413
1127	26.30356543454973
1128	26.397112261368637
1129	26.357511523510205
1130	26.53627146750218
1131	26.194972581963103
1132	26.41595708613603
1133	26.503370224351503
1134	26.327935643352777
1135	26.15306735364908
1136	26.125530307140544
1137	26.169800271706233
1138	26.445687690286206
1139	26.247661365908293
1140	26.287462850111922
1141	26.295441837429852
1142	26.59156344207756
1143	25.972762558407553
1144	26.36280150585035
1145	26.223095024978484
1146	26.098167873966197
1147	26.308572275417127
1148	26.030822400445683
1149	26.37950887253612
1150	26.238704113431464
1151	25.96403987609232
1152	26.05600077004059
1153	26.016144946065793
1154	26.13834816399383
1155	25.823542447767068
1156	25.754474183700246
1157	26.163404626031962
1158	25.931254035828815
1159	25.94722085837249
1160	25.77128149682672
1161	25.590465668394764
1162	25.54903765161388
1163	25.987573871494686
1164	26.158242967179433
1165	25.99867794459562
1166	26.176441407302004
1167	25.854220485495716
1168	25.975663195764294
1169	26.048181071442976
1170	25.683698979758223
1171	25.852192689936103
1172	25.864455680419816
1173	25.423132428508076
1174	25.695426531874023
1175	25.692735440750763
1176	25.724236707061355
1177	26.022553650347774
1178	25.566840686392336
1179	25.6723345979933
1180	25.95565942331833
1181	25.361739752019073
1182	25.472859468309235
1183	25.7396462652196
1184	25.942129618691293
1185	25.425535791954623
1186	25.880465944070412
1187	25.41219898460221
1188	25.480571111966167
1189	26.124488290459038
1190	26.114349147944772
1191	25.803804363086943
1192	25.552445597653247
1193	25.486499644858178
1194	25.3293918149431
1195	25.69585007987465
1196	25.65790909496883
1197	25.556785655358023
1198	25.467427667379976
1199	25.348174020667358
1200	25.66786258640615
1201	25.484181884692173
1202	25.27953113292966
1203	25.459244771862448
1204	25.270198211093284
1205	25.3619614362748
1206	25.51128128297863
1207	25.639663298463955
1208	25.190152079093835
1209	25.231201162719405
1210	25.874420376905547
1211	25.44697643987757
1212	25.41667856394107
1213	25.15893358243905
1214	25.67566979757094
1215	25.301080676533363
1216	25.651005895802264
1217	25.68296189218437
1218	25.563953106113406
1219	25.389924477205533
1220	25.116919142138208
1221	25.084630896599784
1222	25.682453740392027
1223	25.374394894233152
1224	25.06686943871654
1225	25.129567948989376
1226	25.19369658198899
1227	25.06422493927485
1228	25.286923014080077
1229	25.393325000160626
1230	25.429560495075815
1231	25.312674157733944
1232	24.967255257824686
1233	25.599241326257577
1234	25.34967711751889
1235	25.59452644348509
1236	25.095249270037733
1237	25.206726974461976
1238	25.1526590426797
1239	25.16303872881123
1240	24.89902305782782
1241	24.96267158632869
1242	24.965580383649932
1243	25.17264490308802
1244	24.978856556663036
1245	25.12881539762741
1246	25.228320785394406
1247	25.12366983184754
1248	25.20100757408013
1249	25.25470514417317
1250	25.184984469750585
1251	24.80603833486465
1252	25.100605422593457
1253	24.86137641742437
1254	25.079444211131346
1255	24.91630736482535
1256	24.80321911412122
1257	25.142839442860964
1258	25.0424661658424
1259	25.2173715611365
1260	24.8453158596447
1261	25.010978337526637
1262	24.97726633232938
1263	25.22960960381582
1264	25.25150181816522
1265	25.0378100300279
1266	24.913210400469854
1267	24.929195819046218
1268	25.05688694118588
1269	24.689353652606552
1270	24.797808552743053
1271	24.933078357937955
1272	25.05577885293935
1273	24.837889804801414
1274	24.805960486724878
1275	25.119384728532953
1276	24.605216021418617
1277	24.693593989895213
1278	24.597012247678798
1279	24.750464523139918
1280	24.847767389763224
1281	24.822975691565336
1282	24.55204201234618
1283	24.473892852628207
1284	24.940857676178005
1285	24.703716565609795
1286	24.668583109118405
1287	24.82988053030389
1288	24.879212538209572
1289	24.861093239792275
1290	24.722624152727136
1291	24.916827130501762
1292	24.575372582154117
1293	24.462602200605858
1294	24.69834536956335
1295	24.759361796710845
1296	24.721378768572173
1297	24.851294866907594
1298	24.7656614581084
1299	24.47575423793529
1300	24.422976588702504
1301	24.620739830296635
1302	24.663483050193882
1303	24.547350492417834
1304	24.62712712060141
1305	24.37998048961659
1306	24.65114535668873
1307	24.365999481928224
1308	24.3296287658262
1309	24.540571017860678
1310	24.682196572375275
1311	24.299228563481147
1312	24.590630248857245
1313	24.499443386844572
1314	24.46330378436554
1315	24.57339625992169
1316	24.474006786359347
1317	24.407288378863385
1318	24.507945754949084
1319	24.667753880317953
1320	24.371236290278148
1321	24.422139638026486
1322	24.60731885155801
1323	24.461714974694313
1324	24.370703417834196
1325	24.464042405278825
1326	24.308044707980333
1327	24.47127401686583
1328	24.15379654280843
1329	24.403870290181647
1330	24.30380163758338
1331	24.21785869943708
1332	24.415878479195154
1333	24.251696987773954
1334	24.865009272388022
1335	24.47053079544773
1336	24.353520656264823
1337	24.417410955843298
1338	24.50859182095392
1339	24.19363738193765
1340	24.51802606599671
1341	24.218792854899373
1342	24.10184347452439
1343	24.074664887091227
1344	24.278405260053084
1345	24.104176879276487
1346	23.994424754269556
1347	24.016898198815603
1348	24.180814967310745
1349	24.51448606482459
1350	24.12980632679177
1351	24.28674617002188
1352	24.42529311395588
1353	24.553168060867993
1354	24.127828501438334
1355	23.86383376404018
1356	23.894864757574375
1357	24.369949304254373
1358	24.281693168496876
1359	24.12258454494942
1360	24.319466870648014
1361	24.473429370762215
1362	24.00940545257054
1363	24.06434615305741
1364	24.203851287904737
1365	24.351340502168544
1366	23.736132669737124
1367	24.06006413739563
1368	24.31405754355367
1369	23.861730081427226
1370	24.266552289176644
1371	23.733603297376252
1372	24.078720773014606
1373	23.9329147645377
1374	23.96486321889257
1375	23.776035364492103
1376	24.33906361806071
1377	24.311053665409318
1378	23.668323650250255
1379	23.661486629062235
1380	23.837013506500814
1381	24.220436712137424
1382	24.011341951781404
1383	23.84058291666274
1384	23.771091754160445
1385	24.02953653602317
1386	24.01914291862294
1387	24.17973263185639
1388	24.026394601954117
1389	24.05245755305571
1390	23.85733926412763
1391	23.909599183991933
1392	23.560696794337975
1393	24.00136664346365
1394	23.69938922270906
1395	24.08054708626237
1396	23.98446319389405
1397	23.76631986534741
1398	23.78905857314209
1399	23.737142729286933
1400	23.790192382745868
1401	23.65523495066661
1402	23.524697437713357
1403	23.49259348855203
1404	23.826673216865824
1405	23.9351873234395
1406	24.070794783505068
1407	23.813445755418936
1408	23.837998962637073
1409	23.83692633209571
1410	23.709649035900032
1411	23.77912854357718
1412	23.83129583517414
1413	23.646460898446836
1414	23.933711650925545
1415	23.68351323339919
1416	24.083687112827786
1417	23.621820134010196
1418	23.767414951995587
1419	23.347241495014526
1420	23.538285087583283
1421	23.164698280931376
1422	23.56558465216018
1423	23.67425632057016
1424	23.39821681571297
1425	23.680334559821237
1426	23.472774527307912
1427	23.694727800802795
1428	23.537271874922183
1429	23.56504742418113
1430	23.808224876609273
1431	23.715907680382514
1432	23.646762129433892
1433	23.772683840278965
1434	23.983918803136987
1435	23.385588243845362
1436	23.74594400277068
1437	23.614838138046803
1438	23.6937790589378
1439	23.6117206263696
1440	23.19382834522286
1441	23.56562624189017
1442	23.27018349552148
1443	23.54829995255423
1444	23.578188444722198
1445	23.589786530063456
1446	23.478437848758663
1447	23.485684574553865
1448	23.482616075164316
1449	23.601126553516842
1450	23.263518304058127
1451	23.243713001339
1452	23.38247924580949
1453	23.619240215594044
1454	23.312470802854136
1455	23.61121232440992
1456	23.95411866945285
1457	23.48073001198273
1458	23.5117983249048
1459	23.456005703708318
1460	23.56981746368462
1461	23.500290245394822
1462	23.233213107039678
1463	23.128517692279004
1464	23.38377826723476
1465	23.315322654845524
1466	23.54869122241411
1467	23.225137688495344
1468	23.00958514957845
1469	23.727928694293297
1470	23.593115180973328
1471	23.336141256526805
1472	23.285969375736553
1473	23.36191337059838
1474	23.224929626635976
1475	23.34236869534512
1476	23.072672026426602
1477	23.365681025736485
1478	23.334135080628347
1479	23.008337123440537
1480	23.10824485710786
1481	23.265373629005786
1482	23.069793365882653
1483	23.361838764336177
1484	23.290904588593758
1485	23.469986500380887
1486	23.18188042246245
1487	23.124806190938354
1488	23.0729590426599
1489	23.10898806874566
1490	23.305450332408654
1491	23.392035338547434
1492	23.198293588344946
1493	22.895056161217525
1494	23.128927616416387
1495	23.208740071138596
1496	23.1691469229566
1497	22.705028476808018
1498	23.007205500276246
1499	23.05342665936283
1500	22.9810449112658
1501	23.008168476643057
1502	23.113173000968338
1503	22.87989041927456
1504	22.95612454426851
1505	23.09531355709271
1506	22.863800031434206
1507	23.361971422880092
1508	23.194480683467184
1509	23.040044217103425
1510	22.83829876561478
1511	22.74424385118054
1512	22.956001596750802
1513	23.170501887324903
1514	22.963568100766402
1515	23.009008122465186
1516	23.021086131158036
1517	22.880463682567758
1518	22.947013793975298
1519	22.936505685795854
1520	22.971134566544638
1521	22.914326378418775
1522	22.845320032802473
1523	22.654630833591817
1524	23.001400906732272
1525	22.923242589257967
1526	22.65557952206789
1527	22.829858013396038
1528	22.840095600482478
1529	22.69700210695142
1530	22.65881396862536
1531	22.851076288624345
1532	23.030373878049023
1533	23.203549829454886
1534	22.96822095295283
1535	22.7008045923072
1536	23.07091315111158
1537	22.769155083187222
1538	22.93537320224438
1539	22.97958960080014
1540	22.519335828960394
1541	22.195714865255436
1542	22.969535467401553
1543	22.842534207816296
1544	22.83510027797904
1545	22.749994198359584
1546	22.639563641132497
1547	23.107555979757148
1548	22.925992048601284
1549	22.66155395585117
1550	22.66285737175586
1551	23.000788585383063
1552	22.742926015772827
1553	22.448237527356255
1554	22.6885064622064
1555	22.84673536398841
1556	22.58959034874697
1557	22.898080485292287
1558	22.60022135849941
1559	22.83991362014599
1560	22.873644260413784
1561	22.557279485362255
1562	22.478292890526102
1563	22.542124680728456
1564	23.010077345225927
1565	22.631636459269732
1566	22.664658197418124
1567	22.673319450093235
1568	22.6546039435773
1569	22.603808243925016
1570	22.63773181961333
1571	22.505739716803234
1572	22.63527949860074
1573	22.64588450347191
1574	22.55148385574192
1575	22.51390838855034
1576	22.475814765568604
1577	22.733743166990973
1578	22.52440414237871
1579	22.543960802437415
1580	22.84534317893136
1581	22.266775152505964
1582	22.691692830192697
1583	22.71238026896331
1584	22.817666541348554
1585	22.50272779135
1586	22.45395435152207
1587	22.605398980383903
1588	22.705444536078645
1589	22.833429207912104
1590	22.438315698090538
1591	22.38435473005158
1592	22.520829080662743
1593	22.38237925800542
1594	22.688371789186125
1595	22.711750469994065
1596	22.44811338563011
1597	22.58834859728204
1598	22.6322756783421
1599	22.293112501269366
1600	22.675458993558376
1601	22.228961480564948
1602	22.71039994661359
1603	22.55490558840086
1604	22.750154744333113
1605	22.237889298241935
1606	22.480290015331498
1607	22.424581506636592
1608	22.650541589407787
1609	22.742989588116373
1610	22.27576555798422
1611	22.68049380253968
1612	22.567782307403863
1613	22.135347990779657
1614	22.58010570266002
1615	22.37335084036805
1616	22.312118365908383
1617	22.401415734385736
1618	22.11436958580727
1619	22.46029722800618
1620	22.059639014474207
1621	22.486620595613765
1622	22.39031825790387
1623	22.382404139036833
1624	22.400265934223732
1625	22.088012714608688
1626	22.323140245647433
1627	22.377880022535077
1628	22.10192425479778
1629	22.64823100503666
1630	22.04644199551826
1631	22.2579862943819
1632	22.263925372845762
1633	22.129104838586944
1634	22.34828257427401
1635	22.1406680057543
1636	22.22867237552359
1637	22.305330061235058
1638	22.63066720574562
1639	22.27581067618198
1640	22.5129344717472
1641	22.251574951947976
1642	22.228500161558532
1643	22.092242538076917
1644	22.34801149140741
1645	22.2050998985032
1646	22.432418511736923
1647	21.958403975389466
1648	22.042267423361746
1649	22.206287431596298
1650	22.079228266543662
1651	21.99023921386561
1652	22.181432165311836
1653	22.309608916569868
1654	22.314311455437284
1655	21.871294973316346
1656	22.336665356363106
1657	22.134026283173956
1658	22.01242335488558
1659	21.902284565995977
1660	22.12335650424734
1661	21.954069777594032
1662	22.063448089015278
1663	21.72529170310313
1664	22.111852034140522
1665	21.79792105390008
1666	22.11833064806742
1667	22.034763849754846
1668	21.951998003596202
1669	22.11054769884724
1670	21.93928595849302
1671	22.095329353710326
1672	22.18665795457583
1673	22.011408811161093
1674	22.03610060066428
1675	22.088070298173154
1676	22.144120930742723
1677	22.261828971685606
1678	21.587867466120397
1679	21.80040807419332
1680	21.736545003495376
1681	21.849731411248875
1682	22.177754396042925
1683	22.017976383460656
1684	22.10160272773053
1685	21.955640004609375
1686	21.99453643897305
1687	22.017688996053035
1688	21.941195183470224
1689	22.24960331814207
1690	22.162707977176602
1691	22.125573184275005
1692	22.118296187179762
1693	21.73747461770968
1694	21.56324615124255
1695	21.950560595411055
1696	22.159975465567634
1697	21.860451842413546
1698	21.647519531831563
1699	22.125703153844054
1700	21.837508363395056
1701	21.881057246483
1702	21.921332947711004
1703	21.942996124838487
1704	21.998022135260662
1705	21.608940871448258
1706	21.91838971424928
1707	21.939925034298994
1708	22.04354207461837
1709	22.027434703316974
1710	22.055181894200597
1711	21.768881701311795
1712	21.797062961968944
1713	21.836729305924
1714	21.844726811930574
1715	21.988340114780332
1716	21.820041764081985
1717	21.948428110738014
1718	21.63729716626246
1719	21.790632431887854
1720	21.650231120838782
1721	21.613388902171764
1722	21.871215635035213
1723	21.92177715919752
1724	21.969052240177973
1725	21.54734447498606
1726	21.71429769844223
1727	21.77416939050969
1728	21.855996320445193
1729	21.377177969162016
1730	22.066829829309878
1731	21.776259256633786
1732	21.72234873726805
1733	21.765064626095498
1734	21.679446571279268
1735	21.80114450815454
1736	21.59338179205761
1737	21.29235636165255
1738	21.4425225442765
1739	22.011724299985644
1740	21.52081806767136
1741	21.723102089187666
1742	21.638510999348476
1743	21.775647474900584
1744	21.62971266985505
1745	21.756338666372695
1746	21.9357754594278
1747	21.854209771129085
1748	21.816040732428807
1749	21.73410581317216
1750	21.752975626202026
1751	21.722980221118238
1752	21.71252479748424
1753	21.472636710634365
1754	21.372268245577427
1755	21.275647862875722
1756	21.661811634205538
1757	21.612029374544402
1758	21.47797219030322
1759	21.39550046365565
1760	21.30628097385609
1761	21.269098889451527
1762	21.489227065490002
1763	21.413761613441025
1764	21.688890910032356
1765	21.58993673051137
1766	21.247006702143533
1767	21.469067306302573
1768	21.477469136779998
1769	21.55812453531268
1770	21.62221878017794
1771	21.240021611988677
1772	21.56390748809462
1773	21.110851566534283
1774	21.328738854373196
1775	21.383260762415244
1776	21.443377995218587
1777	21.27776832839821
1778	21.444489230848966
1779	21.623171735761883
1780	21.62746908597007
1781	21.46132141215374
1782	21.158013187404347
1783	21.12155043650418
1784	21.106756232320578
1785	21.42637286731922
1786	21.110317510304736
1787	21.42054544689273
1788	21.6487290200029
1789	21.474358783536076
1790	21.274866256010434
1791	21.297527452226788
1792	21.402525510360515
1793	21.489728158966823
1794	21.37351820225555
1795	21.54059366473347
1796	21.340047880065395
1797	21.330321053174814
1798	21.023030827986194
1799	21.263027349637557
1800	21.585279494628832
1801	21.241810340421424
1802	21.34122234734276
1803	21.348447310342642
1804	21.104086665284743
1805	21.093183725229373
1806	21.252500144336533
1807	21.237643847860742
1808	21.342880984437482
1809	21.340694234090353
1810	21.3491141592571
1811	21.584983100761068
1812	21.137396509785987
1813	21.268910707048068
1814	21.19372306228013
1815	20.988482771805526
1816	21.354900682248946
1817	21.4221647764206
1818	21.17525690113539
1819	21.052251239015384
1820	21.304939816960534
1821	21.094857140111806
1822	21.467591416437592
1823	21.52080099240486
1824	21.336579224920275
1825	21.129712394413062
1826	21.637355282454294
1827	21.08390937368802
1828	21.514662487493748
1829	21.33412958373526
1830	21.142544895287156
1831	21.072765406179393
1832	21.331444072851667
1833	21.46909000572795
1834	21.34716668201693
1835	21.20484276025434
1836	21.369511266478444
1837	21.197122882754552
1838	21.526887860960933
1839	21.192014866785456
1840	21.255093448413138
1841	21.240252563439245
1842	20.855162874553095
1843	21.160281488377848
1844	21.18530111550851
1845	21.23785661686174
1846	21.199568769115942
1847	21.126780354415327
1848	21.50533680463351
1849	20.95416446893526
1850	21.358764664084223
1851	21.591030606385708
1852	20.97243314181205
1853	21.17629199768825
1854	21.130934574031084
1855	21.09817747643635
1856	21.114672319816417
1857	21.098924377508492
1858	21.240598736477057
1859	21.169457369831775
1860	21.19695641234678
1861	21.03047138375589
1862	21.299127123783855
1863	21.177111689064162
1864	21.21913325162581
1865	20.839307455025242
1866	21.147954105846676
1867	20.961700724259998
1868	20.649789095631228
1869	20.99501448790864
1870	20.852795095271862
1871	21.076059586192763
1872	20.873867426604466
1873	21.03386725487314
1874	20.86820619104911
1875	20.944735113515975
1876	20.896198059581824
1877	21.00183961981644
1878	20.625400124172366
1879	20.900618029464386
1880	21.01607588888186
1881	21.157831732433895
1882	20.927701816442266
1883	20.945471583205656
1884	21.220515224744865
1885	21.112917037570092
1886	21.11541205319227
1887	20.7384141411615
1888	20.88168647058414
1889	20.829789734770955
1890	21.087678542870886
1891	20.86682227439397
1892	20.837269216999278
1893	20.754775211572262
1894	20.91365053607289
1895	21.088403452230743
1896	20.991401547715473
1897	20.919428708893577
1898	20.99806371180385
1899	20.837362402745114
1900	20.83556487747734
1901	20.941896453778345
1902	21.051344562481255
1903	21.211200136052643
1904	20.714390745574356
1905	20.73307753112142
1906	21.04632672941995
1907	21.01966180672482
1908	20.83935287970163
1909	21.076432434685916
1910	20.930324372844836
1911	20.668498627831507
1912	20.824962489443227
1913	21.166037586904626
1914	20.919200783045607
1915	21.12400042328412
1916	20.993170534130467
1917	20.89599400307824
1918	20.952427313878218
1919	20.5223660773036
1920	20.9432421360447
1921	20.79596863416149
1922	20.743891074989754
1923	20.915842087600943
1924	20.77760134098908
1925	20.668086501184554
1926	20.973337506896495
1927	20.886383267043943
1928	20.567031650232202
1929	20.769636085828
1930	20.89220895528356
1931	20.912066919036178
1932	20.850074966296386
1933	20.761826553098505
1934	20.631738151108575
1935	20.765739102160904
1936	21.118518584931913
1937	20.912709678345138
1938	20.78885279344784
1939	20.78818599372275
1940	20.794237583924378
1941	20.74391064456149
1942	20.901650928846482
1943	20.991780781955534
1944	20.937575086435285
1945	20.685498868838263
1946	20.650163200828857
1947	20.73139187521993
1948	20.620489660088282
1949	20.60787914071202
1950	20.64262573388524
1951	20.765941218007104
1952	20.886233603631304
1953	21.29267074196957
1954	20.728583544225263
1955	20.70547801052376
1956	20.516162116115535
1957	20.68608296045925
1958	20.69978286749747
1959	20.4587571861873
1960	20.61705883661705
1961	20.86608741326247
1962	20.800719944623953
1963	20.477444682734593
1964	20.671204365577633
1965	20.407958239766234
1966	20.654451644803057
1967	20.517062261459053
1968	20.653775615541356
1969	20.566809590817467
1970	20.50337468396008
1971	20.778625762954242
1972	20.646589983539805
1973	20.74860085444999
1974	20.77233777211536
1975	20.550418189665812
1976	20.887050283994554
1977	20.897865332823105
1978	20.53048844568118
1979	20.54310370399449
1980	20.685944752288837
1981	20.614141191670573
1982	20.627443342107476
1983	20.329265075861237
1984	20.46940846157449
1985	20.62864057820038
1986	20.608390927562766
1987	20.68544085316697
1988	20.735882357399838
1989	20.626929916239842
1990	20.45212467968466
1991	20.445058551112247
1992	20.503133163560317
1993	20.605002679281316
1994	20.4915854371834
1995	20.469883209903358
1996	20.147797594966907
1997	20.20829914144761
1998	20.615272367154667
1999	20.385781059354876
2000	20.55909225775991
2001	20.72989482898367
2002	20.46517315385698
2003	20.712499871314183
2004	20.529062956195485
2005	20.452029592737823
2006	20.507241418624876
2007	20.708423273237877
2008	20.178338986338545
2009	20.542814371711234
2010	20.15598935215172
2011	20.627926088184616
2012	20.390951191523307
2013	20.330191280462742
2014	20.253924933296194
2015	20.51470079564468
2016	20.34369626871001
2017	20.2711142417532
2018	20.212811339856056
2019	20.338091464339296
2020	20.528756663430613
2021	20.415902049684348
2022	20.17770179252035
2023	20.387061308184144
2024	20.301997224418326
2025	20.668382338692055
2026	20.618642757217568
2027	20.477034269699438
2028	20.401785450859172
2029	20.328223888541636
2030	20.5659908280969
2031	20.33047588545915
2032	20.188103208843224
2033	20.36469729613512
2034	20.357859365746197
2035	20.394438743903404
2036	20.226870996831895
2037	20.351458819680033
2038	20.453316683312238
2039	20.58008675098316
2040	20.488793214961678
2041	20.008830600861923
2042	19.886475082011437
2043	20.328801071405163
2044	20.30649395204695
2045	20.408654817250703
2046	20.247101891105196
2047	20.04410676958571
2048	19.98340452359284
2049	20.322183227710173
2050	20.37936477061582
2051	20.504634597118507
2052	20.323014658425233
2053	20.283949964028793
2054	20.481888718775433
2055	20.05164650303858
2056	20.22391368422858
2057	20.36977047997589
2058	20.2195960764843
2059	20.2079751254107
2060	20.436974337664157
2061	20.213430712711837
2062	20.43628285267929
2063	20.221139551784383
2064	20.02896113964556
2065	20.100178322611377
2066	20.301927806106438
2067	20.35448972321885
2068	20.526419452427554
2069	20.25883096628196
2070	20.192386727783386
2071	20.222229715719806
2072	20.37320688392897
2073	20.10502971664909
2074	20.354883871424803
2075	20.147904945117933
2076	20.234894349110125
2077	20.260392640062364
2078	20.309604953032235
2079	20.022012771686395
2080	20.023876311997356
2081	20.180660799284173
2082	20.143745512317953
2083	20.297797161117995
2084	20.01925517679538
2085	20.265570208313953
2086	20.271816794792077
2087	20.262298451570878
2088	20.149843883770302
2089	20.227407100706124
2090	19.9265525264871
2091	20.23385241996401
2092	19.900241961830844
2093	20.041012947397576
2094	20.106933113667758
2095	20.412079431252533
2096	19.776081576990475
2097	20.1310365592901
2098	20.23783062371017
2099	20.16508761734018
2100	20.216143410962406
2101	20.11943241449752
2102	20.12787552836763
2103	20.186601354436835
2104	20.19271388822801
2105	19.9944280260635
2106	20.49302085144413
2107	20.250305951336937
2108	19.9971701019812
2109	20.292689060074853
2110	20.20573752809334
2111	20.0463470737939
2112	20.042862146761806
2113	20.17317506013742
2114	20.15215280899663
2115	19.9321955298817
2116	19.99024327649218
2117	20.21752362210435
2118	20.183644196320465
2119	20.061208341092975
2120	19.957308396882635
2121	20.054398080264786
2122	20.11834247639624
2123	20.10905313770567
2124	20.08152409736931
2125	19.87469888745296
2126	20.1400454097782
2127	20.013880161089926
2128	19.756658598590843
2129	19.777268287065727
2130	20.25134295156369
2131	19.963608213833794
2132	20.071567836544126
2133	19.881151428314148
2134	19.78170533810045
2135	19.994652471083615
2136	20.06582458949437
2137	20.315512548568694
2138	19.846500673104668
2139	20.120711882104207
2140	20.138125876345875
2141	20.315140847891097
2142	19.86238449748764
2143	19.782626305889625
2144	20.130894764143775
2145	20.19631189635892
2146	20.192661052204027
2147	20.089181066203704
2148	20.09335410494842
2149	20.38182568801322
2150	19.926170745179128
2151	19.99038287257904
2152	19.852005513379925
2153	19.95257538655386
2154	19.82920397736114
2155	20.028558165935404
2156	19.70081674924599
2157	19.951815886458206
2158	19.98809271377903
2159	19.917850889191584
2160	19.921686586960067
2161	19.95734809302567
2162	20.191277832538702
2163	20.07961050733429
2164	19.73327128639846
2165	19.954893869138708
2166	19.924899816807315
2167	19.953049595016903
2168	20.200559298791205
2169	20.10586312005296
2170	20.24076329416915
2171	19.920360018375476
2172	19.903659941182966
2173	19.91827917239722
2174	20.049809436182077
2175	20.14816229617517
2176	19.73989562440635
2177	20.13161147293257
2178	20.141853329425825
2179	20.172751972896982
2180	19.65183048873921
2181	20.06259796782907
2182	19.952025621906515
2183	19.992468261820278
2184	19.887211389628877
2185	20.089446744767024
2186	19.87622256500056
2187	20.093317239424643
2188	19.612139679312055
2189	19.847396008350824
2190	20.04117691025131
2191	19.897603526633596
2192	19.81319652685404
2193	19.782838819826775
2194	20.010211555458195
2195	19.80590041235496
2196	19.810827946884146
2197	19.48497986751821
2198	20.017143056952737
2199	19.79186366679836
2200	20.00458641905048
2201	20.006400343244454
2202	19.85273022939791
2203	20.066860623649816
2204	19.85676787885796
2205	20.048701205973224
2206	19.69090733374126
2207	19.71595523876135
2208	19.909451316412795
2209	19.762210649939586
2210	20.146866887983673
2211	19.62289413203847
2212	19.765642864190365
2213	19.926253916858805
2214	19.653296478410645
2215	19.915660474413848
2216	19.830407414023547
2217	19.704114759757402
2218	19.744877730680127
2219	19.62194714264926
2220	19.782540742899744
2221	19.679343483863846
2222	19.574394157376485
2223	19.777776736422435
2224	19.609238248835812
2225	19.44745025307293
2226	19.872725782655742
2227	19.520775048228515
2228	19.72205913814499
2229	20.103347243227123
2230	19.838067694983405
2231	19.67876617813129
2232	19.61018172077074
2233	19.928201592015157
2234	19.52455182231164
2235	19.519684775471816
2236	19.674742992209282
2237	19.54068601578823
2238	19.769524324718542
2239	19.687962123646816
2240	19.915940735007677
2241	19.78673549838692
2242	19.777418384301345
2243	19.526128146457342
2244	19.615935484670143
2245	19.47196173397398
2246	19.600975375646208
2247	19.515861389304703
2248	19.51155290558929
2249	19.562692092582736
2250	19.637578151266187
2251	19.554144449248298
2252	19.511994125475525
2253	19.60045489969644
2254	20.104059526099775
2255	19.731143446630043
2256	19.543607879138634
2257	19.68485608749798
2258	19.4603218232558
2259	19.621126048845152
2260	19.93564751690214
2261	19.57805349466873
2262	19.515726537735556
2263	20.038949026889465
2264	19.48281067572899
2265	19.581655542407045
2266	19.666483619871183
2267	19.459710377559432
2268	19.602371730066018
2269	19.82266807427044
2270	19.238744386996462
2271	19.457244346283577
2272	19.453056796748246
2273	19.58258809343482
2274	19.41088805010696
2275	19.702583715024737
2276	19.448823697938547
2277	19.765837905905155
2278	19.450213529073064
2279	19.467092745255417
2280	19.68099434267162
2281	19.359919029507296
2282	19.46062873109425
2283	19.77198551117232
2284	19.52465518096054
2285	19.361427904122497
2286	19.34873848537056
2287	19.685647416865407
2288	19.272549657884227
2289	19.66488399123434
2290	19.58300463934268
2291	19.557767557457993
2292	19.638733148931756
2293	19.514973499648857
2294	19.325536827707978
2295	19.304286268717043
2296	19.46330368487851
2297	19.626868584568538
2298	19.677497300031266
2299	19.367432204949623
2300	19.566186302856458
2301	19.605952877053234
2302	19.239709166841553
2303	19.553176794335524
2304	19.319352798265292
2305	19.62817846436554
2306	19.783648513223287
2307	19.521274818793376
2308	19.796677557681036
2309	19.54510513499041
2310	19.411294658948385
2311	19.544680119086337
2312	19.29380608287998
2313	19.318562456066164
2314	19.351490717598
2315	19.0701307456673
2316	19.704484206025512
2317	19.283485072264476
2318	19.321999184728963
2319	19.801942881006738
2320	19.271207102576412
2321	19.184026590695886
2322	19.342000589922375
2323	19.732336741512885
2324	19.13721758127079
2325	19.372949049522607
2326	19.271605433270388
2327	19.30547944063226
2328	19.563571432748773
2329	19.428135176417985
2330	19.588633475720073
2331	19.358125531201935
2332	19.428789632765643
2333	19.606382448622004
2334	19.31564206922991
2335	19.52811456430916
2336	19.693346619687713
2337	19.40057613158889
2338	19.38473996074866
2339	19.328512848086643
2340	19.05284552482762
2341	19.25782028671508
2342	19.58379874971153
2343	19.260813502470178
2344	19.194396695402496
2345	19.186744059122372
2346	19.34865654749991
2347	19.495518789632076
2348	19.36269525086746
2349	19.326873549683853
2350	19.240219708543453
2351	19.187888033679933
2352	19.500586834426645
2353	19.41309548366967
2354	19.391600197098555
2355	19.29045293956784
2356	19.60607438052532
2357	19.261055108259445
2358	19.046392971572295
2359	19.246943733818025
2360	19.377964346458622
2361	19.74174983805371
2362	19.54696461204641
2363	19.344969988060374
2364	19.14818544921607
2365	19.541906966458416
2366	19.32234400733708
2367	19.36479457996114
2368	19.333510213396156
2369	19.477526359901752
2370	19.352861324434034
2371	18.942534171721785
2372	19.360853938012134
2373	19.310211526974037
2374	19.069623424566064
2375	19.18045163392375
2376	19.376160878179007
2377	19.275665588290103
2378	19.249816092752265
2379	19.65802080250549
2380	19.435467768441864
2381	19.085876587955514
2382	19.419958961460125
2383	19.461193969471967
2384	19.26174159329035
2385	19.26670368067656
2386	19.260755787476942
2387	19.48433900627432
2388	19.555176310089248
2389	19.239059512732474
2390	19.198830793807222
2391	19.391598258626797
2392	19.390768277560404
2393	19.297235243649453
2394	19.45333065997527
2395	19.350302062458894
2396	19.378654029526565
2397	19.39262340277218
2398	19.208988845181324
2399	18.941600311487896
2400	19.142600141919285
2401	19.05058688255768
2402	19.35678597657508
2403	19.31570677602655
2404	19.383989614115265
2405	19.445439068737016
2406	19.112997824096183
2407	19.35729404439736
2408	19.228971644764165
2409	19.36409293558297
2410	19.45315516623058
2411	19.11875492279047
2412	19.10241231429726
2413	19.38692094126691
2414	19.1468113343343
2415	19.350718815619942
2416	19.352602939174208
2417	19.217356389917366
2418	19.422771673924807
2419	19.007950320069522
2420	18.961325900340942
2421	19.336755939409464
2422	18.893654873165197
2423	19.0827371078171
2424	19.29947948370251
2425	19.11906667941262
2426	19.2682074306632
2427	19.211173864167385
2428	19.2444244533836
2429	19.152812628456793
2430	18.851685604498407
2431	19.148403932656738
2432	19.531014800347176
2433	19.546323936078625
2434	19.027219301580097
2435	19.09515459599414
2436	19.200186465906572
2437	19.148131285550427
2438	19.29077533697531
2439	19.15457037881788
2440	19.288692170363174
2441	19.386073644090395
2442	19.395330847611177
2443	19.249156875412716
2444	19.030859772596102
2445	19.08264159071258
2446	19.26341943938953
2447	19.318516498768105
2448	19.407158507742093
2449	18.9786743508486
2450	19.228567409446274
2451	18.96481725681752
2452	19.271380794265283
2453	18.982014603173635
2454	19.167613566282473
2455	19.04787806089561
2456	19.046833988639488
2457	19.055580051597858
2458	19.16406845955177
2459	19.30194761184811
2460	19.051306827967867
2461	19.180177592391473
2462	18.884869647051993
2463	19.062291651151085
2464	18.73240544379391
2465	19.023371745063116
2466	18.953204281891665
2467	19.036131686542067
2468	19.183918368184344
2469	18.976275572007147
2470	18.95144477097195
2471	18.48284753724356
2472	19.18409085135508
2473	19.051639879507853
2474	18.997034626228718
2475	19.007056652365197
2476	18.9802645686247
2477	19.254339646116367
2478	18.882501067736595
2479	19.003527317426975
2480	18.847413352560636
2481	19.022894571508857
2482	19.000551921933035
2483	19.12807061896325
2484	18.951895373984076
2485	18.859325479886824
2486	19.260044829868598
2487	19.045673940088406
2488	18.960788322228986
2489	19.102224137513833
2490	19.063192386583662
2491	19.188058944524265
2492	19.13763256542541
2493	19.096310194805355
2494	18.95879016645617
2495	19.11187888056942
2496	18.523354035382706
2497	19.287490211327253
2498	18.808704597489413
2499	19.078732922928722
2500	18.96014345026572
2501	19.14785520598944
2502	18.741876270839548
2503	18.839001066370503
2504	18.939264323880266
2505	18.88421577034422
2506	18.88047711986659
2507	19.120855915646015
2508	18.937308330929852
2509	19.14165198146046
2510	18.98552635914883
2511	18.703395222154835
2512	18.98362176861064
2513	18.87176458777259
2514	19.129556554322704
2515	18.972190920464236
2516	18.92697964473256
2517	18.81148479988471
2518	19.248866936575986
2519	18.746800123938947
2520	19.032136849338734
2521	19.238688043507242
2522	18.915501880253597
2523	18.95988951032868
2524	18.614366231423126
2525	19.111892496062215
2526	18.86057538696178
2527	18.986905747070164
2528	19.22010466412878
2529	18.972719852791087
2530	18.950934059757202
2531	19.169199698089198
2532	18.92683860187463
2533	18.932876132311446
2534	19.028408350425497
2535	19.00768789669518
2536	18.85302070736882
2537	19.104527367493365
2538	19.25852780888149
2539	18.7701075333986
2540	18.80467170837734
2541	18.948595264431873
2542	18.58963476292503
2543	19.078762619223514
2544	18.9912802639373
2545	18.9779238470906
2546	18.920594521076524
2547	19.342505888757685
2548	19.080399469203847
2549	18.96212118396632
2550	18.68304586423913
2551	19.119924764073907
2552	18.936537618091823
2553	18.90337500635252
2554	18.94075939595337
2555	19.104186422279522
2556	19.148450978949178
2557	19.040314482349253
2558	19.014220995539358
2559	18.844776069416884
2560	19.06137082802394
2561	19.05902229523775
2562	18.56185987136381
2563	18.955906568857237
2564	19.023908229159847
2565	18.73693675492855
2566	18.82244030768415
2567	18.888562774557364
2568	18.957427032615282
2569	18.87280982373775
2570	18.90282834835605
2571	18.904250710780055
2572	18.64085642562064
2573	18.87187051392552
2574	18.786049548283845
2575	19.082585130547887
2576	18.659464901402757
2577	18.96828711204022
2578	18.728728742298166
2579	18.84674783438578
2580	18.92981297096754
2581	18.576792036419302
2582	18.8452335485667
2583	18.873525371511153
2584	18.954850971354
2585	18.71414551292875
2586	18.733731656780403
2587	18.8543127635408
2588	19.103683037919478
2589	18.79833590107916
2590	18.886251933658396
2591	18.733249234345106
2592	19.02022664990568
2593	19.204886986371328
2594	18.92929984756217
2595	18.78119574962833
2596	18.81982153520179
2597	18.664350494257167
2598	18.796793278975457
2599	18.748823479362283
2600	19.07707785292561
2601	18.697778664533132
2602	19.079568215980988
2603	18.825791241391638
2604	18.93827746664202
2605	18.94717755405878
2606	19.089953015199903
2607	18.746106237913597
2608	18.961254300096865
2609	18.697561565807057
2610	18.762453017904143
2611	18.829677533636247
2612	18.902183095466732
2613	18.54288809072858
2614	19.179598934761056
2615	18.941034739894402
2616	18.767470697751676
2617	18.79014612597903
2618	18.431255411798038
2619	18.702532632313147
2620	18.824004279881265
2621	18.865539241884303
2622	18.727945923707527
2623	18.867100419421305
2624	18.806395795238718
2625	18.565486748975196
2626	18.687696016563727
2627	18.502208205319302
2628	18.67572460034528
2629	18.64393649713385
2630	18.671602726634543
2631	18.650564223886054
2632	19.05217931885543
2633	18.89108683867729
2634	18.76475029975659
2635	18.725514545929137
2636	18.909183140258058
2637	18.63912017553712
2638	18.873525546280234
2639	18.603481244202307
2640	18.667750627078245
2641	18.68537422867618
2642	18.81207565862867
2643	18.66183421716557
2644	18.694237625733408
2645	18.5672891451968
2646	18.670041905008585
2647	18.690256008034645
2648	18.701272687249315
2649	18.666182274640708
2650	18.24583874447449
2651	18.44071446665015
2652	18.723008775239382
2653	18.622743783814915
2654	18.728411249531852
2655	18.563305545346232
2656	18.891250073727424
2657	18.50289751774904
2658	18.604063173186624
2659	18.37822706756361
2660	18.450734093573452
2661	18.540545211223623
2662	18.479963908740032
2663	18.796810278769396
2664	18.928503349389327
2665	18.801890158784122
2666	18.582309091872876
2667	18.606001087296125
2668	18.81755353562637
2669	18.735311378789728
2670	18.662610387390224
2671	18.769498359702524
2672	18.49084077148837
2673	18.858690442665743
2674	18.65720435369207
2675	18.656433152132145
2676	18.803018322203624
2677	18.469497778421893
2678	18.61639673427561
2679	18.445067436764813
2680	18.81598358792491
2681	18.703297513339844
2682	18.537272677749947
2683	18.76321907971088
2684	18.31783207343354
2685	18.728502391538324
2686	18.593424650394642
2687	18.730095420701407
2688	18.928259751350847
2689	18.52229492393424
2690	18.61103810910761
2691	18.783212514193558
2692	18.412382765244523
2693	18.78250293817554
2694	18.396299482122828
2695	18.729509680854665
2696	18.457154379577386
2697	18.71305151427006
2698	18.58451031230958
2699	18.607183102847443
2700	18.575111231761845
2701	18.545587622185504
2702	18.333690010476484
2703	18.58998073418528
2704	18.814519199602262
2705	18.5711433855709
2706	18.66855947199642
2707	18.59768811423267
2708	18.585456056811548
2709	18.3186416564164
2710	18.30220957230619
2711	18.669950972957423
2712	18.587945868001764
2713	18.71181238311281
2714	18.671721572880063
2715	18.652730784875722
2716	18.627671073624622
2717	18.57070861457912
2718	18.45937991799074
2719	18.328577315224003
2720	18.57283195429171
2721	18.5249614994627
2722	18.557229236520364
2723	18.31020221727778
2724	18.747859940571807
2725	18.31125311058507
2726	18.547341244364784
2727	18.689243181423237
2728	18.62318573924889
2729	18.555225144131576
2730	18.56356459578731
2731	18.84976479301185
2732	18.722888497957506
2733	18.51661604171666
2734	18.461225300176043
2735	18.444540284571087
2736	18.50536236783768
2737	18.57890236246812
2738	18.598154362306158
2739	18.407758679679823
2740	18.243689103693473
2741	18.38080915125041
2742	18.501844846068824
2743	18.481887309478456
2744	18.49348347918634
2745	18.476646196522875
2746	18.329882935282498
2747	18.6613286161078
2748	18.748524577112857
2749	18.448398129093597
2750	18.715861752241466
2751	18.430528654389015
2752	18.470243986364537
2753	18.555307034666246
2754	18.60387019098077
2755	18.64699996882121
2756	18.43343667365714
2757	18.488425441226692
2758	18.32247757027278
2759	18.32457200231412
2760	18.343531849482073
2761	18.651039095872168
2762	18.445249256179142
2763	18.619858726607934
2764	18.635453462404776
2765	18.446649981811007
2766	18.4676641561397
2767	18.82309099951494
2768	18.516046888109557
2769	18.442936001164902
2770	18.579653038757996
2771	18.23590706681141
2772	18.42509096795992
2773	18.33453078811215
2774	18.42818781159422
2775	18.37532526914736
2776	18.477094857536937
2777	18.442606178541045
2778	18.611683220871925
2779	18.257172170799816
2780	18.282582113211777
2781	18.34138154464577
2782	18.326753117336665
2783	18.380532946895666
2784	18.477186908750234
2785	18.364676109064213
2786	18.51205251419929
2787	18.658911586731783
2788	18.367425860128407
2789	18.009857916102643
2790	18.392526978037235
2791	18.313797047648627
2792	18.36561320388272
2793	18.45577836161092
2794	18.432566854248815
2795	18.4357026121209
2796	18.47705058913502
2797	18.2682523746758
2798	18.665607770266014
2799	18.38335795882038
2800	18.411271747077876
2801	18.3010519635069
2802	18.176127048425318
2803	18.489466350170773
2804	18.262401258354487
2805	18.207543140886067
2806	18.591916620769553
2807	18.650399491911536
2808	18.22257287588063
2809	18.426146234786206
2810	18.189220565589263
2811	18.585366366274137
2812	18.31183327693003
2813	18.434331007805607
2814	18.17050407090513
2815	18.343827274737478
2816	18.36507596642369
2817	18.59268001630009
2818	18.23931175006362
2819	18.38849769299711
2820	18.485762885139234
2821	18.409082653729335
2822	18.30787518673627
2823	18.222374912603172
2824	18.241535963779736
2825	18.245231995429773
2826	18.157359835723376
2827	18.39120579512922
2828	18.419744870794144
2829	18.33459771448845
2830	18.45076981419171
2831	18.29601353055104
2832	18.34662736542856
2833	18.156188370496835
2834	18.371992938462675
2835	18.265813036522076
2836	18.351656686784093
2837	18.874497232162394
2838	18.383437334005535
2839	18.36859450940439
2840	18.519583973078188
2841	18.243930081189347
2842	18.686931884711004
2843	18.350511773203216
2844	18.192446448767534
2845	18.454616087757262
2846	18.404531795539523
2847	18.06290021710348
2848	18.319148739601374
2849	18.173117755386624
2850	18.577219590709955
2851	18.319621720534705
2852	18.38339742675298
2853	18.343933046247614
2854	18.42841840597639
2855	18.08403317992283
2856	18.352414704657402
2857	18.00449190629262
2858	18.211438951296753
2859	18.2679922615276
2860	18.448654597471048
2861	18.396490645108756
2862	18.589062917440835
2863	18.37020249888631
2864	18.41221832596981
2865	18.1886802636037
2866	17.989811958215366
2867	18.41168891173649
2868	18.333995570050153
2869	18.13065075869771
2870	18.297860928257094
2871	18.32480391871876
2872	18.558151942631483
2873	18.30554901341845
2874	18.49194132915553
2875	18.367211835630634
2876	18.21209235296616
2877	18.38823955212472
2878	18.332641916439282
2879	18.25919360937916
2880	18.119692821309975
2881	18.232180264551296
2882	18.14211697806503
2883	18.37451004380871
2884	18.197323789238805
2885	18.206985653798483
2886	18.262499115951385
2887	18.383468566928872
2888	18.219108412165383
2889	18.078406100599363
2890	18.153403459655223
2891	18.119081535797683
2892	18.102764540709146
2893	18.191676603423886
2894	18.30283388758965
2895	18.120437806548942
2896	18.32706714167312
2897	18.22872111540801
2898	17.948563922810735
2899	18.342664597139123
2900	18.263992266902157
2901	18.368209622023194
2902	18.399745456325025
2903	18.30332059172552
2904	18.058014091751687
2905	18.01166534121927
2906	18.21075694996846
2907	18.032195467723493
2908	18.167309408144114
2909	18.085677193673863
2910	18.298405970963124
2911	18.043733285454003
2912	18.233291060396507
2913	18.147965216646842
2914	18.069024460328716
2915	18.34037358566096
2916	18.16118133179807
2917	18.351048909961126
2918	18.06692955259032
2919	18.051643624672316
2920	18.219452871589777
2921	17.946133260797374
2922	18.062336089018398
2923	18.13954551742852
2924	18.20765751375252
2925	18.07332038535664
2926	17.805650592238333
2927	18.306675673825342
2928	17.948562290150903
2929	18.048613168788272
2930	18.215892283552357
2931	18.32876869424413
2932	17.944250813036174
2933	18.25203879381711
2934	18.067517800370968
2935	18.538179376995625
2936	18.018299004938402
2937	18.09205604097806
2938	18.052069492155933
2939	18.027673460631984
2940	18.375310681232445
2941	18.032577151754076
2942	18.10727531801067
2943	18.2633486549518
2944	18.09380612541015
2945	18.238449352923485
2946	18.254899625298883
2947	18.039518121209053
2948	18.476482281263877
2949	18.384834784848305
2950	18.277030370827024
2951	18.169490077080145
2952	18.274522471556033
2953	18.505398784967756
2954	18.007465201641963
2955	18.06980645225601
2956	17.961470259847623
2957	18.157510880417732
2958	18.17392940565591
2959	18.016196378081244
2960	18.27158891051953
2961	18.085767516422266
2962	17.982311615897864
2963	18.042675519974484
2964	18.026722720946037
2965	18.251554549883462
2966	17.91291458422731
2967	18.054517697344004
2968	18.034315217495553
2969	17.776519202550876
2970	18.07833825151369
2971	17.941995470074332
2972	17.90090065322788
2973	17.83977602685624
2974	17.844089219386532
2975	18.347330415078012
2976	18.13801095796981
2977	18.012880032521316
2978	18.14617716455961
2979	18.173723109897402
2980	18.075588897890025
2981	17.948367390057186
2982	18.178341670219535
2983	17.995265457132742
2984	17.862082291808523
2985	17.830738092660006
2986	17.849724845274533
2987	18.085799815240975
2988	18.00898367343755
2989	17.993296413410686
2990	18.08704346987107
2991	18.15628498257926
2992	17.9284224626711
2993	17.97134486240645
2994	18.009012375873823
2995	17.95541935195244
2996	18.01232218574734
2997	18.0466140766021
2998	18.1292673885717
2999	18.152002610303292
3000	17.751358495333825
3001	17.771051212566718
3002	18.17198403753332
3003	18.309541398541754
3004	17.940818270011654
3005	17.794634847129828
3006	18.21543921933276
3007	17.93601455850274
3008	17.941745615839302
3009	18.02977563172108
3010	18.040429261049095
3011	17.761839873512944
3012	17.871683450737514
3013	17.81016042040299
3014	18.174575886409162
3015	18.116306336352906
3016	17.803205023039215
3017	18.13185375935607
3018	18.09200825196016
3019	18.10412915745697
3020	18.092949294828916
3021	18.114568384739528
3022	18.052676230585924
3023	18.014260893576513
3024	17.839275919377112
3025	17.997427755598114
3026	17.964449745942
3027	18.107487298933588
3028	17.77435260653578
3029	17.879897262319037
3030	18.042197415465807
3031	17.822962326848092
3032	18.075030173472033
3033	17.94580257889519
3034	17.93725687515354
3035	17.848676488940377
3036	18.235518474049037
3037	17.790658561951748
3038	18.295832559628664
3039	17.889196190706823
3040	18.072084335668535
3041	17.67789596997257
3042	18.131296802252713
3043	17.888526907308837
3044	17.673250197630907
3045	17.95693595847514
3046	18.067460729952963
3047	18.231897586513515
3048	18.08273754292929
3049	17.78658231888019
3050	17.85444462983547
3051	18.138283968050935
3052	18.132503578354658
3053	18.091776827950873
3054	18.21654145639208
3055	17.98652367478654
3056	18.16723032540639
3057	18.06217280317549
3058	18.034648433040836
3059	17.915039282174682
3060	18.1348805982329
3061	17.974200176892957
3062	17.871164388565898
3063	18.126454224433775
3064	18.00361734122554
3065	18.065575119516446
3066	17.986114389855615
3067	17.948895111240066
3068	17.956006323566765
3069	18.057695042348165
3070	17.71355139192803
3071	17.86849777870723
3072	17.8939683653109
3073	18.067627777890557
3074	17.485764615285998
3075	17.707799174377673
3076	18.10774556368991
3077	17.948425890850064
3078	18.166484039314753
3079	18.08730719514431
3080	17.985909262618037
3081	17.947515944101664
3082	18.084332828987236
3083	17.91458408770984
3084	17.872432529303865
3085	18.19764394846153
3086	18.11358195648062
3087	17.966016923678367
3088	17.775080522530047
3089	18.3268025364582
3090	18.110909603082234
3091	17.78418863457367
3092	18.152682602924724
3093	17.851605929818952
3094	18.094565281400072
3095	18.463817118054006
3096	17.985418944640358
3097	18.210307474408626
3098	18.028652767950636
3099	18.19660671221529
3100	18.107925844685916
3101	17.94901400534558
3102	17.86810428000476
3103	18.070590047769425
3104	18.043477570615934
3105	17.86479423381425
3106	18.169533891682157
3107	18.30870900119903
3108	17.757387431698906
3109	17.628494110481117
3110	18.072645293471073
3111	17.653695360738286
3112	17.906810593871402
3113	17.964129197662626
3114	18.039882299857695
3115	18.05054348219243
3116	17.86142699572606
3117	17.73422759881814
3118	17.566225051513015
3119	18.325756832365688
3120	17.892274646616624
3121	17.689729489188686
3122	17.648046929498427
3123	17.83513424624848
3124	17.826231093579054
3125	18.212268161163433
3126	17.788280488480314
3127	17.855945746403805
3128	17.60514770767253
3129	17.878514240056486
3130	17.781154947336795
3131	17.88234076748059
3132	17.933588138871535
3133	17.789795816180423
3134	17.879029924207135
3135	17.746244761950507
3136	17.678929238966592
3137	17.67355348668139
3138	17.691247250305388
3139	17.67694929879935
3140	17.97879212613542
3141	17.902303978477175
3142	17.8276802251789
3143	17.47382349566835
3144	17.926016739631276
3145	17.917701929145753
3146	18.152623127426477
3147	17.607571770233815
3148	18.116847271321138
3149	17.63423623854651
3150	17.80417403326057
3151	17.734666912279994
3152	17.959376284377587
3153	17.818983055966495
3154	17.864168032201356
3155	17.705103236720387
3156	18.001849584808294
3157	18.085493106815623
3158	17.903434482455513
3159	17.8648413974602
3160	17.588076546276074
3161	17.908075368031707
3162	17.793701357766622
3163	17.74879417834657
3164	17.60800304627674
3165	17.549272977621992
3166	17.76355228426461
3167	17.7825015770225
3168	18.04092942906451
3169	17.744610417914053
3170	17.713918119184974
3171	18.014171137593983
3172	17.53832988612281
3173	17.83031947085215
3174	17.753524311866986
3175	17.92350461031936
3176	17.687806634008066
3177	18.199633680178263
3178	18.079920336411092
3179	17.751658893541016
3180	17.91242930882519
3181	17.758395904109648
3182	17.66817884268597
3183	17.857329978099976
3184	17.93370856714278
3185	17.8414853404652
3186	17.948766881236153
3187	18.113342609278362
3188	17.619471949886798
3189	17.94624095549692
3190	17.763638419490952
3191	17.667857876415717
3192	17.908074938395753
3193	17.95156731721908
3194	17.679543007555218
3195	17.621329685780378
3196	17.811488745260178
3197	18.030981948810236
3198	17.857258178625997
3199	17.743766490774696
3200	18.048475626730408
3201	17.91880217670359
3202	17.920987349041756
3203	18.03988684881711
3204	17.749351025564327
3205	17.6644622070278
3206	17.889458283182094
3207	17.74295916260489
3208	17.49347086533568
3209	17.73466654004909
3210	17.776062756097037
3211	17.827639146785334
3212	17.764085677750526
3213	17.901712449438843
3214	17.8680358199522
3215	18.04854948329289
3216	17.73791277586998
3217	17.676564655757065
3218	17.677647527592445
3219	17.55921794669702
3220	17.816618439804966
3221	17.971382327945864
3222	17.912267596330622
3223	17.813882350832902
3224	17.65980687064442
3225	17.91961632055046
3226	17.67520063770835
3227	17.943881479185514
3228	17.590068664250666
3229	17.947365515965508
3230	17.974869276959804
3231	17.97166972714389
3232	17.878565744809013
3233	17.61484973784319
3234	17.7120407112655
3235	17.94836232023079
3236	17.660712799233092
3237	17.699916436394282
3238	17.624207918674873
3239	17.644530243111177
3240	17.69741977530031
3241	17.346635688331
3242	17.574074975705646
3243	17.731913482940264
3244	17.669964114999686
3245	17.60568431960684
3246	17.726873616542008
3247	17.64366572360111
3248	17.496497216180817
3249	17.656318434893024
3250	17.750582078580347
3251	17.88613579750872
3252	17.823291341047465
3253	17.54818628735185
3254	17.686202934822376
3255	17.576695090398953
3256	17.81102616107199
3257	17.5805141878452
3258	17.594512045835902
3259	17.762118762604892
3260	17.742125971418453
3261	17.719736416249404
3262	17.358305839170157
3263	17.420285701742525
3264	17.65153746386068
3265	17.46916424707326
3266	17.70180642021879
3267	17.502535159939494
3268	17.628883134733584
3269	17.423867146616274
3270	17.692141908041393
3271	17.48615896873902
3272	17.47709791173588
3273	17.486383520937494
3274	17.79172596450436
3275	18.029247531462644
3276	17.848393382705417
3277	17.757253087057148
3278	17.524250112584735
3279	17.8913277382761
3280	17.773587835834903
3281	17.670244075557875
3282	17.85769752404778
3283	17.65099365678542
3284	17.67689030529827
3285	17.22950861988088
3286	18.012431092583647
3287	17.786372919576692
3288	17.662826822802753
3289	17.5299454291996
3290	17.68361669812661
3291	17.797399425141233
3292	17.776312868708565
3293	17.83800289296538
3294	17.413852715081752
3295	17.702677129517653
3296	17.55763877368423
3297	17.47859049121726
3298	17.80593823474734
3299	17.868670872103422
3300	17.82694009632728
3301	17.55160695606967
3302	17.55949299508916
3303	17.7373036068579
3304	17.33114509215357
3305	17.65700090925181
3306	17.728922553455533
3307	17.823523137472993
3308	17.844412599559092
3309	17.805487389366007
3310	17.74530655092231
3311	17.83828142609617
3312	17.519466392209416
3313	17.58197538841479
3314	17.866119653420316
3315	17.817292743440216
3316	17.739407473876874
3317	17.52312551211907
3318	17.639039623644457
3319	17.597502784157577
3320	17.782333229483758
3321	17.679295568562036
3322	17.623895896306472
3323	17.613414579058123
3324	17.601510520926773
3325	17.508973137673717
3326	17.721690519120823
3327	17.390752934841714
3328	17.71930920486013
3329	17.82363653953834
3330	17.56471557662048
3331	17.50687162662965
3332	17.52217537633893
3333	17.407067472663137
3334	17.565242819149677
3335	17.56627417923112
3336	17.640664637416457
3337	17.53443748296863
3338	17.542961887762477
3339	17.470040945021314
3340	17.72426152747084
3341	17.51681910380139
3342	17.472073055931972
3343	17.39934706114181
3344	17.466780754422082
3345	17.705224925268546
3346	17.931059943072587
3347	17.7552872725018
3348	17.856490355264505
3349	17.86970429015937
3350	17.74221448174783
3351	17.59452213115828
3352	17.582275130913864
3353	17.53630786438457
3354	17.65229568257776
3355	17.674444607043736
3356	17.529324277080566
3357	17.672090802857326
3358	17.513592708827456
3359	17.539937093018935
3360	17.421311595623006
3361	17.568171508665404
3362	17.405305752099004
3363	17.290964214792922
3364	17.618505638069657
3365	17.542351286585333
3366	17.68643804675332
3367	17.55411484213839
3368	17.825878482620077
3369	17.530663864958225
3370	17.317273096324673
3371	17.44639210850571
3372	17.51565648558475
3373	17.35994479428586
3374	17.641047796470943
3375	17.6767174420409
3376	17.587469276843642
3377	17.519437095523635
3378	17.166357921497813
3379	17.730706942841103
3380	17.59082478920254
3381	17.45313736189183
3382	17.519140596179493
3383	17.438255153750262
3384	17.54966587389149
3385	17.663828714807426
3386	17.12885478056656
3387	17.61958303817307
3388	17.508364928233448
3389	17.40024797782478
3390	17.49098493425958
3391	17.443948828606892
3392	17.651074839373234
3393	17.37954539909949
3394	17.521524299644526
3395	17.48136980519314
3396	17.53846028799862
3397	17.31986233131909
3398	17.43793768052367
3399	17.40050391033247
3400	17.327711269205796
3401	17.567213032266707
3402	17.637101605997078
3403	17.56321511067269
3404	17.477794005883652
3405	17.605900955573155
3406	17.81583493856705
3407	17.508421232090406
3408	17.409243970578267
3409	17.31042253838572
3410	17.29229181728
3411	17.461991854283184
3412	17.21232131551545
3413	17.446551046116934
3414	17.02234315942679
3415	17.502518802463012
3416	17.398606561110263
3417	17.761691737088917
3418	17.300724715607117
3419	17.704939685942335
3420	17.570621886336248
3421	17.591521253663213
3422	17.526977881887262
3423	17.77398552519712
3424	17.6679183028732
3425	17.716218237022034
3426	17.45705503594705
3427	17.48859261470201
3428	17.117599325862326
3429	17.49738592737059
3430	17.427476049482838
3431	17.363460192008404
3432	17.464952129123535
3433	17.42797344248672
3434	17.47069177126174
3435	17.700026012819333
3436	17.488851814138908
3437	17.557153709026473
3438	17.22557464385316
3439	17.50353458291945
3440	17.442842516658388
3441	17.643210964312583
3442	17.324216552307863
3443	17.524870033026144
3444	17.74391456635917
3445	17.075556843089352
3446	17.530222623145
3447	17.459835757474277
3448	17.5083607917135
3449	17.384695316640006
3450	17.677780418487746
3451	17.562402650378676
3452	17.50423698287995
3453	17.61041499966661
3454	17.342168799786588
3455	17.490046983619838
3456	17.41676454926615
3457	17.573189557146357
3458	17.098225869489564
3459	17.5403657260924
3460	17.58210742220734
3461	17.255046691354096
3462	17.405945076845594
3463	17.362064694148366
3464	17.43529520759665
3465	17.430054346977784
3466	17.59362212311311
3467	17.11189944589359
3468	17.3320892595434
3469	17.62950262753329
3470	17.45632119583874
3471	17.464241523873252
3472	17.347803230910618
3473	17.594724123039242
3474	17.346929593684834
3475	17.34687842028633
3476	17.34229141609453
3477	17.353605752368484
3478	17.37378955967613
3479	17.42367363869492
3480	17.53135798196153
3481	17.318141960162865
3482	17.522703877094735
3483	17.251689494252947
3484	17.386553402607188
3485	17.44080518341948
3486	17.426261880734664
3487	17.386547361971864
3488	17.6974615189678
3489	17.697820019688326
3490	17.46476052354356
3491	17.41475476323349
3492	17.253784806446326
3493	17.53335645989733
3494	17.430772021248725
3495	17.652688667297127
3496	17.745549392497754
3497	17.30276593031263
3498	17.761841906881443
3499	17.728081043527965
3500	17.42059062945246
3501	17.13902676098665
3502	17.480342573165085
3503	17.40351849796042
3504	17.532273217270276
3505	17.572292117345523
3506	17.515079801481296
3507	17.431049382953926
3508	17.32300460857849
3509	17.544659795102948
3510	17.535682029850182
3511	17.259581669835722
3512	17.38213714561077
3513	17.37472432406683
3514	17.53437593146415
3515	17.722397665741738
3516	17.736271486560387
3517	17.169346476760687
3518	17.208229781774577
3519	17.488590991642027
3520	17.232946571870226
3521	17.526087777302713
3522	17.24838696639143
3523	17.512775050553916
3524	17.40136008456557
3525	17.274571214242286
3526	17.529698780753108
3527	17.228372949246065
3528	17.415446276290968
3529	17.39905600269895
3530	17.28845213258306
3531	17.42836081435604
3532	17.68213772999256
3533	17.575038793661875
3534	17.567154297433245
3535	17.394563030994085
3536	17.44144947016005
3537	17.36562246284464
3538	17.303213450613175
3539	17.60108576224077
3540	17.373726736545912
3541	17.511856856218888
3542	17.557446092474528
3543	17.33840703714999
3544	17.906140483300128
3545	17.528255547688072
3546	17.52282473074027
3547	17.110260141590828
3548	17.181910762888965
3549	17.581212696337612
3550	17.364001451410346
3551	17.790283612807276
3552	17.156835804290036
3553	17.12665484812074
3554	17.339558076059227
3555	17.33189567157029
3556	17.341816484695133
3557	17.525646407527372
3558	17.256358169534042
3559	17.620273994128244
3560	17.264158690510026
3561	17.484975616479318
3562	17.230456695059686
3563	17.39654158810378
3564	17.213021305013687
3565	17.399442620671095
3566	17.37100055861715
3567	17.248695934899146
3568	17.53895036259294
3569	17.434897349250182
3570	17.524832116029803
3571	17.49298772505074
3572	17.377830021511514
3573	17.11712628736697
3574	17.289136372104853
3575	17.33527052057102
3576	17.473608471913387
3577	17.199132947159256
3578	17.431188282046502
3579	17.339572407418007
3580	17.438368862635794
3581	17.482043770230202
3582	17.16011455494921
3583	17.335467816933747
3584	17.601195546776033
3585	17.522192597670205
3586	17.360439480802462
3587	17.361397357831446
3588	17.431676464561093
3589	17.611400671980373
3590	17.19279762012964
3591	17.24908343852768
3592	17.59345684934212
3593	17.38569306322266
3594	17.50629438089131
3595	17.559640438845854
3596	17.303469869708298
3597	17.319603498547703
3598	17.414048370497593
3599	17.289396793061826
3600	17.514558774990935
3601	17.335750546844846
3602	17.363826915035954
3603	17.211522219149835
3604	17.37175178119908
3605	17.45535997499007
3606	17.372407886687473
3607	17.456430721667324
3608	17.564557385502827
3609	17.141034014174608
3610	17.16503462881992
3611	17.384219452008878
3612	17.408745029386306
3613	17.30831486329029
3614	17.090761751812693
3615	17.41490135947938
3616	17.325217138018605
3617	17.494745005871223
3618	17.183216907740317
3619	17.453165299098103
3620	17.275109874556772
3621	17.255895590111482
3622	17.461673617086767
3623	17.42777970415585
3624	17.27574512096185
3625	17.14191378864631
3626	17.17535040695703
3627	17.457398763448793
3628	17.38422429080938
3629	17.411296553380666
3630	17.010165447145727
3631	17.18785699657735
3632	17.206794734397427
3633	17.116408988847805
3634	17.180014005649465
3635	17.17105362292666
3636	17.010802888109104
3637	17.371555504449386
3638	17.183859927147214
3639	17.320695153062857
3640	17.25606034162562
3641	17.242350527919285
3642	17.160899753777663
3643	17.280089249398067
3644	17.05799425055681
3645	17.344926177994587
3646	17.06366623557833
3647	17.29605379920775
3648	17.57567340565501
3649	16.918785709170844
3650	17.57816541005599
3651	16.90964572126796
3652	17.207710673222607
3653	17.48766030209275
3654	17.29310386757697
3655	17.077236070590253
3656	17.23534361105158
3657	17.337491816173834
3658	17.584715586177598
3659	17.26264073196351
3660	17.05117293111967
3661	17.15738477826414
3662	17.243423848867796
3663	17.27424893595363
3664	17.40038608204444
3665	17.34433928258095
3666	17.39143471834792
3667	17.1243735979149
3668	17.307820806638663
3669	17.419685468780234
3670	17.189073221987627
3671	17.790554684359993
3672	17.3759041882169
3673	17.15703411025801
3674	17.286156458143186
3675	17.38996215676588
3676	17.40545600806518
3677	17.269336300495066
3678	17.111980706321482
3679	17.23460384577699
3680	17.218801136836976
3681	17.259135592601574
3682	17.113196366707193
3683	17.344126295967335
3684	17.075964219579674
3685	17.137073979008804
3686	17.136883381954227
3687	17.248636590161336
3688	17.034344859500568
3689	17.174258108167148
3690	17.294448820092786
3691	17.056230588328173
3692	17.184002510499212
3693	17.252260696689127
3694	17.32849345148376
3695	17.180133125713446
3696	17.168622366827705
3697	17.18306905478855
3698	17.333260781324313
3699	17.26247035481105
3700	17.14255803693027
3701	17.186393912514372
3702	17.107524606415883
3703	17.274100857309417
3704	17.123893173138015
3705	17.478620908926516
3706	17.237627805377283
3707	17.235175174761764
3708	17.232310651821805
3709	17.287322642535358
3710	17.252078575735087
3711	17.009940695775576
3712	17.367680821698308
3713	17.184363759682867
3714	17.132031790420946
3715	17.088947725525646
3716	17.061645347952464
3717	17.05485389758063
3718	17.327857370119204
3719	17.07259525046675
3720	16.978011991908303
3721	17.09887010037919
3722	17.19599048993418
3723	17.35920018494378
3724	17.282686494561222
3725	17.045229222055156
3726	17.105634988796194
3727	16.993826403163986
3728	17.249816969813264
3729	17.23650039524236
3730	17.188290076335637
3731	17.105189580829286
3732	16.91883102930956
3733	17.11828481582001
3734	17.309453980724413
3735	17.284096929209394
3736	17.0559930695503
3737	16.994786831050167
3738	17.35667376421017
3739	17.287035305148798
3740	17.164411931149143
3741	16.970576886470692
3742	17.13770309594888
3743	17.053005211017766
3744	16.985045975274126
3745	17.022613394755318
3746	17.026217548981116
3747	17.44547329381771
3748	17.36702713975344
3749	17.126974875699567
3750	16.991526336573703
3751	17.160922258991715
3752	17.300805572178668
3753	17.272320593578364
3754	17.092124385313227
3755	16.875372720303606
3756	17.279113748251685
3757	17.168821488681942
3758	17.31043541521132
3759	17.229461814508802
3760	17.2453440958668
3761	17.174718263025206
3762	17.193028894494933
3763	17.06767274244201
3764	17.407053064530153
3765	17.34348202202517
3766	17.311093302880096
3767	17.280631403344994
3768	17.25955422420077
3769	17.36879011818191
3770	17.10275736869454
3771	17.112339862048103
3772	17.426098092847617
3773	16.96831915279866
3774	17.11758261863598
3775	16.917219803492106
3776	17.19816100716104
3777	17.464022370800073
3778	17.37474024356282
3779	17.396927555651477
3780	17.13586455821473
3781	17.316671705092414
3782	17.417768866478042
3783	17.281902425160915
3784	17.287345206637344
3785	17.001050438507328
3786	17.279315577416742
3787	16.96367647028948
3788	17.44265428500387
3789	16.843355716242364
3790	16.92529426112633
3791	17.13391742571105
3792	17.237439831956852
3793	16.9392953849316
3794	17.14633790683246
3795	17.174893281215127
3796	16.98693202433946
3797	17.19241482401053
3798	17.239476892212814
3799	17.219507981885496
3800	17.233051565426575
3801	17.631413060070305
3802	17.149675585240875
3803	17.21011554054175
3804	16.917128704539994
3805	16.95060604298233
3806	17.278110326737213
3807	17.010711844332008
3808	17.045629258251587
3809	16.86083215343429
3810	16.916062769885798
3811	17.27352913022382
3812	16.911294360916123
3813	17.184217340193843
3814	17.157775408196127
3815	16.958267444920637
3816	16.821417987821388
3817	16.801388544870054
3818	17.205538970668293
3819	17.134098115002406
3820	17.255548512332396
3821	17.12981935555832
3822	17.104165009561118
3823	17.064731750804583
3824	16.87907329508001
3825	17.232990491583895
3826	17.185859057486027
3827	17.24676979083796
3828	16.849526127119304
3829	17.24094160482792
3830	16.939988436663473
3831	17.163271104185693
3832	17.136744080730544
3833	17.189063825891363
3834	17.465078652923182
3835	17.17163046436044
3836	17.19178488320991
3837	17.12515898448454
3838	17.172996888640423
3839	17.37290981758705
3840	16.822769440671124
3841	17.019643169618963
3842	17.13831606966321
3843	17.097838084019347
3844	17.214271703982224
3845	16.870503447963053
3846	16.901175241048655
3847	16.90853594521739
3848	17.13177946446704
3849	16.87997876118422
3850	16.895665168292943
3851	16.940578819040397
3852	16.979191377148403
3853	17.042804233145166
3854	17.07727946741316
3855	16.999090874498062
3856	17.054634994110646
3857	17.109301055439772
3858	16.868763432196026
3859	16.976891843784173
3860	17.09096843517894
3861	16.91490280155706
3862	17.06910109052611
3863	17.060414117936002
3864	17.177130109703644
3865	17.339210444448103
3866	16.771445922257925
3867	17.118598047246177
3868	17.42744216674697
3869	16.997881258701824
3870	17.197505590683008
3871	16.661910067053316
3872	16.971765549385076
3873	17.115782628929942
3874	17.121120862289487
3875	16.91933342877975
3876	17.06754739034694
3877	16.96271933348904
3878	17.121977814053892
3879	17.05046780617681
3880	17.073860575091057
3881	16.99319402664029
3882	16.79286401895642
3883	17.11350967551121
3884	17.032331919464
3885	17.143331064219904
3886	16.89200031926758
3887	17.064375903604795
3888	17.01350941816456
3889	17.005114430038667
3890	16.952555900228642
3891	16.766285473804004
3892	17.181938270845475
3893	16.93472379708537
3894	17.250854953889885
3895	17.044841836737035
3896	17.00049556854618
3897	16.884480230872285
3898	16.95533372065639
3899	16.949977941471364
3900	16.95609549903563
3901	16.839831952358555
3902	16.83647871678561
3903	16.74130948606405
3904	17.297478806600783
3905	16.846146883636376
3906	17.128690856941343
3907	16.79335247727526
3908	16.935472548384304
3909	16.98859702131118
3910	17.057286281265498
3911	17.1464859979794
3912	16.881702127503576
3913	16.807175075778098
3914	16.79938735522009
3915	16.8442286349766
3916	17.201600831500663
3917	16.969297789879544
3918	16.784322690115303
3919	17.114280937025374
3920	17.241171579262218
3921	16.929667463383616
3922	17.273110568478533
3923	17.10134690921628
3924	17.042223705138692
3925	16.967368593510294
3926	16.998669302953118
3927	16.976762128657086
3928	17.02709528576643
3929	16.999049029699417
3930	16.99089287097769
3931	16.933162567682864
3932	17.363074774966687
3933	16.97376974346846
3934	16.961917879852543
3935	16.89106792598145
3936	17.1095438912828
3937	17.11339280815341
3938	17.026355570440355
3939	16.911769995252726
3940	17.05289625527017
3941	16.929902006344197
3942	16.91032704707359
3943	16.95592490529676
3944	17.289977373740143
3945	16.921343057981215
3946	17.03056457982844
3947	16.760212921596
3948	16.71353612345017
3949	17.108796096885722
3950	17.01443079292248
3951	16.76246629564701
3952	16.98307601038458
3953	17.09194965595612
3954	17.215507317598625
3955	16.82334960777387
3956	16.90711851647769
3957	16.85528583053625
3958	17.15478937181135
3959	17.152813930250655
3960	17.019606267980656
3961	16.637676605500552
3962	16.814040870892526
3963	17.15713347152965
3964	17.025445906734994
3965	17.103472595715054
3966	17.415107554809104
3967	17.26781119723429
3968	16.774840920425884
3969	17.098098913573136
3970	16.916448244972948
3971	16.983899834265436
3972	16.95708096674801
3973	17.139079089373666
3974	16.8510459012049
3975	16.992772405067445
3976	16.836663181768394
3977	16.70496314480286
3978	17.157902495605963
3979	17.00491472162402
3980	16.8229040110266
3981	16.897150515164693
3982	16.864133416059367
3983	17.007200376840064
3984	17.015534736128235
3985	16.67423514738782
3986	17.020953291808976
3987	16.991020735806156
3988	16.928415058192986
3989	17.194419633015446
3990	17.000368021255188
3991	17.017767331469944
3992	16.903152839036085
3993	16.789669165791434
3994	16.85867056768138
3995	17.13211551166064
3996	17.073760776330772
3997	16.81702598793931
3998	16.929424223330514
3999	17.23895135310504
4000	16.970792736962647
4001	17.036714142926233
