1	395.3019345727101
2	484.8503468730608
3	584.1771725773239
4	236.74883444259913
5	265.4661677157709
6	197.48403711655857
7	191.70770364443223
8	109.31682942660021
9	105.84647904527678
10	90.21970330129228
11	111.38743966889596
12	92.0965519034875
13	77.40258659009433
14	72.10183237720824
15	86.92447767908251
16	69.85968574884156
17	66.75221375944129
18	63.85381189783077
19	70.26002220410183
20	64.58971561815122
21	64.54458134446752
22	77.18671866821876
23	66.80640848806419
24	54.32666783985067
25	57.4299747845424
26	50.87837567245025
27	50.25553839553104
28	51.46842255193107
29	48.364489756373814
30	47.42740860748664
31	45.04775891278302
32	44.401991323531604
33	45.591447880690474
34	42.62120192316526
35	41.9317344196857
36	41.41260979007867
37	40.96703233004502
38	41.4412488187073
39	39.983344435718315
40	40.25100423594866
41	41.2847237355232
42	39.54451696431658
43	39.09184236920612
44	39.19720232917624
45	37.89281670540395
46	38.6858151181969
47	38.59824219313575
48	38.27288408845436
49	37.59500124229007
50	37.94114712978016
51	37.77599567785252
52	37.39490837703005
53	37.677638729327015
54	37.54492196460102
55	37.95470849063575
56	37.27719864650979
57	37.054718155001645
58	36.86337369575029
59	37.33822355768657
60	36.88944689206225
61	37.17841107599643
62	36.42403634639797
63	37.22710145809587
64	36.83302389908194
65	36.53043807930551
66	36.43415914786089
67	37.10386926041332
68	36.15391521824107
69	36.284998419785246
70	36.60828026837245
71	36.51356168232275
72	36.76713137682703
73	36.38873018034743
74	36.200546769374796
75	36.34179506656619
76	36.15183536312294
77	36.268622993693
78	36.15307024140769
79	36.416587263392145
80	35.8683534687
81	36.41983420823941
82	36.42707921282324
83	36.52793517252051
84	36.3315448719088
85	35.87416197380284
86	36.06551617289159
87	36.32302040356882
88	36.10854782747999
89	36.28928786284755
90	35.95687676480365
91	35.79382867812446
92	35.91267103032257
93	35.63233389809213
94	36.29208627426756
95	35.836412887658526
96	35.6955110784322
97	35.98639062159347
98	35.88643016487105
99	36.0904522066762
100	35.789509567009965
101	35.754843516638964
102	35.65534322441313
103	35.91021044458631
104	35.548806182214086
105	35.7131379375797
106	35.744276409853946
107	36.106138158396206
108	35.63508005453422
109	35.900319058734425
110	35.48482071689078
111	35.23282625174825
112	35.9915809433023
113	35.41667827740294
114	35.53527833096445
115	35.96816717395166
116	35.529625868246285
117	35.763314037526925
118	35.65104159315018
119	35.517975795933076
120	35.728571128613616
121	35.382795564576625
122	35.56434278481042
123	35.609353401220055
124	35.56618799904065
125	35.70180907892015
126	35.78840285364689
127	35.44125643149058
128	35.28433838518387
129	35.330218224632624
130	35.339742985535224
131	35.907051713378536
132	35.04067234246348
133	35.60296341500795
134	35.1964998801774
135	35.318961605972305
136	35.54825309398485
137	35.34292984085862
138	35.48768328699676
139	35.2084007265819
140	35.24436778521748
141	35.43551623505928
142	35.02328266575509
143	35.44986590034084
144	35.376913090258434
145	35.2474602745405
146	35.16721002197349
147	35.436682576773876
148	35.29449080285136
149	35.18764796223165
150	35.24387835160503
151	34.95896585013927
152	35.216268373539755
153	35.05865224188994
154	35.25304196936338
155	35.32319177702173
156	35.14284973091255
157	34.9748452490364
158	35.14690713102233
159	35.018226179962525
160	35.14956931737668
161	35.48559452737018
162	34.925242123932485
163	35.12115913498457
164	34.79628636128666
165	35.30358498205735
166	35.398169432125925
167	35.10301451275724
168	35.361054846901254
169	35.01174689231011
170	35.3363158418473
171	35.00063368055812
172	34.971122888772626
173	35.208726891846084
174	35.27312412881287
175	35.12468786188044
176	35.186274608639025
177	35.19206005431562
178	35.51741952187403
179	34.956809543730046
180	35.2695824576602
181	34.79795765920298
182	35.03471484293251
183	35.07475107771335
184	35.15511011454929
185	34.52164255922282
186	35.14920171160979
187	35.24773550672873
188	35.092082167032395
189	34.66129111751071
190	34.81419210220657
191	35.02782177345161
192	34.89790096203394
193	34.949636556031315
194	34.777889624335046
195	35.0420429731078
196	35.13312631551892
197	34.805254717772215
198	34.957647300973846
199	34.735417746150645
200	35.138286965897485
201	34.83097990601912
202	34.901846247024736
203	35.25412941182615
204	34.88743687765606
205	35.01360466663467
206	35.11768078706803
207	35.17931497755926
208	34.620875092923725
209	34.77292240274257
210	34.89522201523303
211	34.92757501102491
212	35.1104542060986
213	34.90571209774167
214	34.64409722719364
215	34.501974663126454
216	34.79316460313649
217	35.10070829534171
218	34.98790087822512
219	34.520667892000176
220	34.7348998918731
221	35.13425727874437
222	35.01193850755256
223	34.84507886328919
224	34.33275611638535
225	35.08081806015946
226	34.52370422396132
227	34.994587454898316
228	34.690813106956966
229	34.75362768756672
230	34.51108673077299
231	35.24575088314838
232	34.79738611579094
233	35.04527990003853
234	34.48419521503176
235	34.81881870948714
236	35.161903571134246
237	34.9577731467973
238	34.97000296941637
239	34.47419906786645
240	35.001936723147146
241	34.48883631617732
242	34.79168222161609
243	34.818942129650836
244	35.30685352649557
245	34.57151606019806
246	34.96465332266346
247	34.64380230213154
248	34.83003723246161
249	34.9586934082797
250	34.972671047206745
251	34.850138746963644
252	34.502513902606765
253	34.8025853023829
254	34.60431501397914
255	34.71209965897085
256	34.63034190919073
257	34.85894375630606
258	34.78898514994392
259	34.90175164358671
260	34.8719179698327
261	34.58065294843225
262	34.65982809290885
263	35.06410711222558
264	34.346381171090975
265	34.87037141441847
266	34.77105647152773
267	34.677429505051464
268	34.628458276066375
269	34.91449278106009
270	34.40116477592297
271	34.72383777838578
272	34.788478248650506
273	34.794321082931894
274	34.43485271880417
275	34.64777444034678
276	34.81933051238924
277	34.92324337925915
278	35.22266520838909
279	34.35545479161845
280	34.4611509120226
281	34.63293464832119
282	34.67676950160587
283	34.46845646929732
284	34.60753052315722
285	34.50546973114211
286	34.80232535940146
287	34.48348516963858
288	34.742479554378626
289	34.728351259210804
290	34.590720214377654
291	34.24371644937
292	34.915671843626036
293	34.37647125747729
294	34.47163499357055
295	34.533431232134426
296	34.625607694733304
297	34.39709198027463
298	34.76351654448418
299	34.467268060981354
300	34.72565995989052
301	34.430865093041106
302	34.43358663972616
303	35.010262459219135
304	34.89132131172382
305	34.62805434016841
306	34.57568008397811
307	34.511265862415854
308	34.28370960281372
309	34.99660666459105
310	34.67894037989607
311	34.83730000703778
312	34.486260404601886
313	34.500212591390245
314	34.53861661838688
315	34.44345288080345
316	34.5980482676506
317	34.325861893752204
318	34.369915106640576
319	34.730338591455954
320	34.98083930931954
321	34.650526994722625
322	34.519503027858136
323	34.436507887670594
324	34.616870412550206
325	34.2633844826987
326	34.59034577095055
327	34.56723072430022
328	34.843204875308814
329	34.257224051344316
330	34.449958863656114
331	34.8635287586127
332	34.68766030024325
333	34.31090310287016
334	34.23810471937922
335	34.55040604488793
336	34.4585242730309
337	34.45415316580035
338	34.62250336231425
339	34.40470622026968
340	34.51200787522418
341	34.554577413220564
342	34.731179543544464
343	34.49461671908794
344	34.52640576744136
345	34.37303098597903
346	34.441841774634305
347	34.261270433144865
348	34.65377129037767
349	34.40051047075111
350	34.07179298601892
351	34.27909750403709
352	34.401400447770655
353	34.292512054489286
354	34.62428430046984
355	34.604369756613906
356	34.67372884621126
357	34.29428538803516
358	34.27200573587093
359	34.28045679803461
360	34.636516171442416
361	34.22745590066372
362	34.57887399649798
363	34.605159562284086
364	34.46882251917543
365	34.64615359683329
366	34.52516661413162
367	34.506394617857715
368	34.24136513040885
369	34.08913984893982
370	34.3209687521586
371	34.39897579194523
372	34.74280904536659
373	34.68513558424046
374	34.809151665516346
375	34.21379814548953
376	34.34485055910231
377	34.311633045650325
378	34.910053183562155
379	34.408058133361386
380	34.14642850964837
381	34.25920508031167
382	34.23212172620652
383	34.444002487201146
384	34.29541037012714
385	34.200562019671565
386	34.24058728721742
387	34.468372185110496
388	34.169747672120685
389	34.54301354587563
390	34.401713060641875
391	34.231676007905904
392	34.24313007189275
393	34.28774712737318
394	34.223984481127154
395	34.23618952583054
396	33.99399098646426
397	34.37864765054583
398	34.1419741144089
399	34.36470580187783
400	34.600069019758685
401	34.0930822569334
402	34.17906722256838
403	34.47785527921812
404	34.167645303567554
405	34.49205209699437
406	34.596917580016566
407	34.294916752845175
408	34.31370415917411
409	34.38062010167214
410	34.423535215977104
411	34.263236665553954
412	34.50008016490138
413	34.3617058915758
414	34.09362386644155
415	34.276601036919274
416	34.2858277672983
417	34.41018954287496
418	34.39388099748117
419	34.28580321567019
420	34.21597709068003
421	33.99135630796271
422	34.02626317390721
423	34.32981344847256
424	34.389582456388865
425	34.081363581420156
426	33.94673501416547
427	34.34409851673397
428	34.10038160969736
429	34.33472968427733
430	34.185840512758055
431	33.778303027470486
432	34.124526372753564
433	34.2909625639493
434	34.45941604237747
435	34.208123237549934
436	34.09104775579614
437	34.199547804853
438	34.26441724417324
439	34.282033343394865
440	34.23379808146782
441	33.910360730872654
442	33.751679926067524
443	33.94179843442636
444	34.241573024747815
445	34.14009088173829
446	34.055810693615605
447	34.38916413975172
448	33.92801514592729
449	33.99901541698723
450	34.08593599438361
451	34.25908637093447
452	34.14941757215544
453	34.11598655511606
454	34.337593056776676
455	34.621020568146825
456	34.06320624498668
457	34.06611056508266
458	33.9200476116592
459	34.18596287559377
460	33.941186877519236
461	34.28268731358543
462	34.022469085803756
463	34.05550073454135
464	33.97974903260528
465	34.02482531776707
466	34.103367199691725
467	33.92979427530564
468	33.78826125088458
469	33.92398955102716
470	34.078428278140954
471	33.8509901207212
472	33.72763615802393
473	34.053638591590584
474	33.7758930350821
475	33.83686275389662
476	33.724565737784076
477	34.100333961842345
478	34.09593228698339
479	34.23241312066758
480	34.08063205525413
481	34.54601088870939
482	34.181212575047404
483	33.902603398274096
484	34.30133372656865
485	33.78993934794547
486	34.392031992543785
487	33.90511863062385
488	33.701767951536475
489	34.171011009967316
490	33.80202166696363
491	33.768156833609304
492	33.64241139178334
493	34.273808968067705
494	33.949164473605315
495	34.03946504206218
496	34.10495591705799
497	33.69272990153376
498	33.985882190683256
499	34.116066829833215
500	33.955143030133534
501	33.7636724734942
502	33.8571262845465
503	33.94354777947146
504	33.748614866126154
505	34.025578614929294
506	34.02452775030126
507	33.977089669386395
508	34.25541238165935
509	33.77437375376906
510	33.73363664898971
511	34.01270885360502
512	33.86627633636917
513	33.97841386150616
514	33.87937441357813
515	34.10084083912593
516	33.866634587501814
517	33.817435435809216
518	33.472341133157684
519	33.85551673262455
520	33.5026256838427
521	33.821412640482976
522	33.4980537904387
523	33.724950214511395
524	33.91550154296849
525	33.69995882755734
526	33.52873047283018
527	33.68899451932105
528	33.78235511939119
529	33.805194914985954
530	33.83582453711627
531	33.53878504187263
532	33.71355617454235
533	33.59519238010419
534	33.366313162011885
535	33.61555932947219
536	33.29976044655342
537	34.069037110018186
538	33.80845639772382
539	33.363413893970595
540	33.38182340062232
541	33.7541854305746
542	33.448811499623055
543	33.682127434608255
544	33.3809910078984
545	33.510272965167715
546	33.285360057693545
547	33.62444588031844
548	33.25411280608258
549	33.24300001727521
550	33.335779069049174
551	33.689544649979524
552	33.348689258855735
553	33.51437733618618
554	33.46185830696901
555	33.32204919242712
556	33.684777758737184
557	33.48890675161581
558	33.5667440508976
559	33.571637284482
560	33.1754648251124
561	33.326825114038314
562	33.31152367572401
563	33.36082320170606
564	32.97023505954453
565	33.331735260316464
566	33.584388203474774
567	33.4206088443328
568	33.300119252303105
569	33.212974386449694
570	33.153274172769486
571	33.313056151907354
572	33.29180502849109
573	33.02536763729898
574	33.378140786926934
575	33.61953525474615
576	33.44267084847505
577	33.39555220598162
578	33.331762999769005
579	33.3450437471421
580	33.47550597004174
581	33.487746591746614
582	33.0118903931079
583	33.28295569141127
584	33.133123580464044
585	33.293862552840615
586	33.050429263058
587	33.140824479478354
588	33.62135712768956
589	33.15097315432065
590	33.01324068712929
591	32.94516803015597
592	32.97223611916031
593	33.157942258822715
594	33.235393182687474
595	32.85522600159052
596	33.133464858759105
597	32.80322644372408
598	32.964974332897114
599	33.04207773048403
600	33.096883764037536
601	33.12023894784253
602	33.0768346849881
603	32.92245875380939
604	33.28321084339874
605	33.17008330839758
606	33.05830695394289
607	33.080206118104414
608	32.92249861416137
609	32.8388080241004
610	32.90381756572788
611	33.00050667306595
612	32.74117025759048
613	32.93479239977779
614	33.12132467918631
615	32.818857605953426
616	32.841144011912576
617	32.55022180084195
618	32.87107247021443
619	33.11310550924213
620	32.66946225320679
621	32.7509613442386
622	32.96025222115337
623	32.70525977429202
624	32.98547727589275
625	32.566111594385596
626	32.505501574116536
627	32.68029051992502
628	32.579058765169634
629	32.36343798336986
630	32.82669134307554
631	32.35435777256466
632	32.29961823550301
633	32.36320095554821
634	32.560181222416155
635	32.35568763868506
636	32.17470410888169
637	32.23043976661057
638	32.51093518398635
639	32.76335437076614
640	32.44619523249562
641	32.320770970680286
642	32.01412284211308
643	32.434737657235104
644	32.48671043185026
645	32.277053503463975
646	32.16068878826365
647	32.175259842358194
648	32.2208736634682
649	32.36747257611454
650	32.39199812438441
651	31.924600220757334
652	31.917458426008572
653	32.12295413293737
654	32.447226208982656
655	32.12374383505888
656	32.31667868010601
657	32.05958206410892
658	32.234286355394474
659	32.24455021931234
660	32.107310773035486
661	31.776358832630482
662	31.7299684304034
663	32.325261416115524
664	32.27405623044824
665	32.27426442284575
666	31.860656641667564
667	31.816093609478866
668	31.93631188401344
669	31.59343517992652
670	31.910887666355237
671	31.90187154135633
672	31.749957367993183
673	31.845275365021717
674	31.839116963986
675	31.60900401718053
676	31.577517957149258
677	31.631288011381955
678	31.45904379705683
679	31.77986662429252
680	31.74434832343367
681	31.525640007306006
682	31.484935387853856
683	31.580076261697876
684	31.659718871061802
685	31.690656389210996
686	31.31771892065779
687	31.298734627582512
688	31.720140825536465
689	31.632774014969836
690	31.743023066996464
691	31.328788212939333
692	31.542078768824464
693	31.887613325651323
694	31.446919582453646
695	31.67917519176754
696	31.37405092030574
697	31.376360279942613
698	31.189695207592496
699	31.281908623872347
700	31.16096871360802
701	31.093955614638908
702	31.209683333925238
703	31.202322675077536
704	30.95990520091404
705	31.162577691723456
706	30.858943801770387
707	31.400043134483226
708	31.191027124217513
709	31.059624802872978
710	30.95873318592342
711	30.722793477627345
712	30.981465858293088
713	31.396385848803742
714	30.99643173923144
715	30.911153723339172
716	31.063784937975463
717	31.12918475218563
718	31.46517006452533
719	31.19601919791437
720	30.9295998398685
721	30.946325146735106
722	30.742322756054843
723	30.58915029989917
724	31.22291016386473
725	31.04055929220242
726	30.722602631505794
727	30.937995768167145
728	30.85090681035394
729	30.729954448622216
730	30.776950961395396
731	30.642907092279057
732	30.842640166644173
733	30.667065602854212
734	30.54042464158203
735	30.558241111422767
736	30.61194104346328
737	30.680473973457325
738	31.131617012218587
739	30.824883754358673
740	30.53203105482249
741	30.846187859214638
742	30.951121139212713
743	30.612780711834837
744	30.681519099515356
745	30.33308707917593
746	30.544553306685238
747	30.573218642748454
748	30.4814147387868
749	30.755889094224116
750	30.7988356570222
751	30.831259046320675
752	30.773506573172998
753	30.576538835351755
754	30.112057404216113
755	30.14970702426712
756	30.741577226781885
757	30.226502559685507
758	30.586282574602862
759	30.084533455052405
760	30.512932619048968
761	30.2598906782857
762	30.201898283968024
763	30.057428175056142
764	30.745798627259447
765	30.25930514451321
766	30.00507421997961
767	30.4658824544123
768	30.064884626391915
769	30.284779185941304
770	30.07251914277661
771	29.99628722865306
772	29.961339792254886
773	30.17223570299587
774	30.41089159428733
775	30.153869325024903
776	30.05330605718094
777	30.056857274001654
778	29.93407788759003
779	30.001708127330573
780	29.95295452939114
781	30.158474680030338
782	30.144048192682433
783	29.921295087877326
784	29.698878966738164
785	29.875621006530736
786	30.022823965178656
787	29.82008171532104
788	29.863417426820806
789	30.21902053926246
790	29.652325341746263
791	30.151777506335478
792	29.832722438913297
793	29.779335086902883
794	29.954768136537822
795	29.66564327637787
796	29.89104352370188
797	29.731011624360487
798	30.06878562708132
799	29.78602611609466
800	29.90321756232571
801	29.982076187413178
802	29.76247351298175
803	29.785065436988386
804	29.832476379837317
805	30.009007418503607
806	29.988449498858312
807	30.13367517072829
808	29.771807441636472
809	29.583096996391845
810	29.452598529010935
811	29.63520683454486
812	29.736347936937705
813	30.085827936626384
814	29.728180498906045
815	29.571448289510055
816	29.28139511250589
817	29.348606861081834
818	29.3424070751707
819	29.605405113265018
820	29.73154969908351
821	29.71999378269231
822	29.684436849890037
823	29.901357317385866
824	29.3758188197781
825	29.759893341239266
826	29.079156876842298
827	29.24419263652867
828	29.448213633042673
829	29.204652126829508
830	29.312817206168425
831	29.457998534156825
832	29.429139427798507
833	29.396740430181385
834	29.414373098641303
835	29.233893103968725
836	29.04956663835868
837	29.2847920695477
838	29.511892505728877
839	29.065807772931468
840	29.232162791429783
841	29.37635617955987
842	29.154959743212324
843	29.697645503896144
844	29.456495520235855
845	29.404395302586764
846	29.069334389077888
847	29.48429715474354
848	29.051246167687466
849	28.99417265020422
850	29.13633776715015
851	29.480876556900224
852	29.21396766195581
853	29.133091122221263
854	29.178640513109617
855	29.3921444398965
856	28.98898233981063
857	29.181863512206647
858	29.009231679514798
859	29.21888630850419
860	29.006581367447335
861	29.244031486515965
862	29.058141397305295
863	29.001188400234348
864	29.024214220101957
865	28.674282494655014
866	28.953657299579188
867	28.717787842013053
868	28.637047028129448
869	28.821412499873126
870	28.726399051680946
871	28.5713374815667
872	28.85844991424561
873	29.199477457067033
874	28.894224499131507
875	28.698514080412753
876	28.92159168224103
877	28.94241089959109
878	28.836244887672326
879	28.943544349082693
880	28.749969100691686
881	29.213814757657904
882	28.560249300609197
883	28.78799949058916
884	28.6822095251327
885	28.7001843291859
886	28.70625055557687
887	28.3693652103951
888	28.761211296289446
889	28.81164012120567
890	28.6466061273279
891	28.829588543521755
892	28.81066491927844
893	28.671461443811708
894	28.277869288143915
895	28.47397920879106
896	28.563091564795517
897	28.428782704230976
898	28.40853382139569
899	28.069280505318336
900	28.400625338601564
901	28.940629520778284
902	28.678695469989314
903	28.37747588395188
904	28.288933957432878
905	28.28188929715809
906	28.274973211325264
907	28.493503368240084
908	28.699997993208974
909	28.18578913580555
910	28.60148744229588
911	27.7339859233275
912	28.516589327949788
913	28.37338619327727
914	28.335238655111883
915	28.03974051584558
916	27.942603458716636
917	28.500912853827785
918	28.02965009655661
919	28.31264835779728
920	28.192179005262513
921	27.764061207378717
922	27.96334287996577
923	28.08645061253002
924	28.149722468575597
925	27.912012083908763
926	27.93300850199618
927	28.25998582576222
928	28.404417971855555
929	28.323055516088875
930	28.016591045523523
931	27.91468955705844
932	27.982116939861513
933	28.307695001924934
934	28.191174589421806
935	27.729162665134382
936	27.907284374430347
937	27.800745018291494
938	27.70604844510515
939	27.93358113099156
940	27.965705761191685
941	27.98060099478442
942	28.14701026450007
943	27.563059015970424
944	27.76500245324146
945	27.7312956291716
946	28.139678883608063
947	27.936295783794822
948	27.817538596211673
949	28.28675099500968
950	27.94378584136723
951	27.671853944541215
952	27.968163582052416
953	27.908394994752218
954	27.748082667506146
955	28.215801136021234
956	28.065821393385274
957	27.625705486049046
958	28.165818963761225
959	27.64949331055052
960	27.560390529932892
961	27.76460625567846
962	27.453821475550843
963	27.160034935444898
964	28.069481840488006
965	27.758726660096627
966	27.87391420455652
967	27.418518029750015
968	27.825435080141126
969	27.273502848653195
970	27.568276619811606
971	27.662697579374736
972	27.414059429413076
973	27.792326238355173
974	27.430489428736138
975	27.67658572505434
976	27.4299843145321
977	27.374210828293148
978	27.792421183909035
979	27.464927291885495
980	27.5794399150793
981	27.70513371298435
982	27.34861463008147
983	27.78346525030672
984	27.272064166318426
985	27.390438196132674
986	27.330679270084033
987	27.323301454316166
988	27.47267899265061
989	27.387707047767485
990	27.210869774825273
991	27.23335538674986
992	27.48231623260057
993	27.569809576040484
994	27.32371002537114
995	27.364275837862543
996	27.818037255223906
997	27.175912776054773
998	27.711347448748157
999	27.059391390442467
1000	27.403034965682917
1001	27.373672639927573
1002	27.399912721678657
1003	27.604436832383175
1004	27.283684858114125
1005	27.08484725313374
1006	27.069606721972743
1007	27.359136983449996
1008	27.372614041909937
1009	27.294115956104644
1010	27.019077015937707
1011	26.90121042020323
1012	27.2169562253439
1013	27.39354055629642
1014	27.19835133092975
1015	27.098280072273553
1016	26.903480144450782
1017	26.951333059921687
1018	27.510285137040334
1019	26.61661993907519
1020	26.879434719660566
1021	27.139253473694556
1022	26.784245376637408
1023	26.802187170968796
1024	26.787256932144096
1025	26.655216229745896
1026	26.802375537246352
1027	27.092036764962522
1028	26.691006292049728
1029	26.87804598361751
1030	26.781973382878054
1031	26.613979920485342
1032	26.51449539152844
1033	27.354810908407217
1034	26.84370237670634
1035	26.826372146437336
1036	26.827370625896762
1037	26.748301188866176
1038	26.53777150610802
1039	27.093119080902767
1040	26.762573711874598
1041	26.821752823704482
1042	27.161018709662123
1043	26.463691799023117
1044	27.02013766317732
1045	26.55345829733923
1046	26.799834213062372
1047	26.686281925639502
1048	26.39143031802097
1049	26.529083150615627
1050	26.836100268676496
1051	26.941997676367787
1052	27.025428563491765
1053	26.570393958432337
1054	26.453888993792635
1055	27.15181033168352
1056	26.559205726818558
1057	26.583053583226466
1058	26.739352359914598
1059	26.479964149160192
1060	26.720127164707787
1061	26.474139383127028
1062	26.60406736607053
1063	26.938225517244828
1064	26.58782657657479
1065	26.680563916935093
1066	26.50768966165824
1067	26.416703056345412
1068	26.462096643454565
1069	26.434866785533064
1070	26.406194717358336
1071	26.4341921149332
1072	26.794543413719786
1073	26.375364672683144
1074	26.54708939781431
1075	26.334383241284783
1076	26.577352056581006
1077	26.25855343208605
1078	26.39645705245427
1079	26.39726823752993
1080	26.11572669366497
1081	26.3622692833758
1082	26.578381108861524
1083	26.39061213990689
1084	26.270500591550803
1085	26.475620602368394
1086	26.304401820178402
1087	25.97057172576468
1088	26.0351767945295
1089	26.02993982284798
1090	26.14446654364537
1091	26.46572052743949
1092	26.264375437529576
1093	26.153327125124445
1094	26.26946622896759
1095	26.364757622452448
1096	26.126297958429433
1097	25.842699448055708
1098	26.25691202173629
1099	26.186851851018236
1100	26.37649245047338
1101	26.249460165526337
1102	26.171761004157663
1103	26.293554302653334
1104	26.262076622400517
1105	25.800876729436677
1106	26.137895059856174
1107	26.02542450785027
1108	25.771336243066305
1109	26.163548173346864
1110	26.044112504989606
1111	25.81508559058621
1112	25.870428496501123
1113	25.577433622002246
1114	26.06907302201149
1115	25.787948336326583
1116	26.198121582184204
1117	25.822753598217083
1118	25.76147526075026
1119	26.305758562620177
1120	25.838540788271416
1121	26.078835180125957
1122	26.04067488030391
1123	26.298631051856084
1124	25.7630434085252
1125	26.12723812973787
1126	25.982344883110965
1127	26.030367111091028
1128	25.953093603399733
1129	25.83981135935928
1130	25.7043199500848
1131	25.755527406931403
1132	25.807128678243647
1133	25.75021577291082
1134	26.015482039585766
1135	26.165468713910844
1136	25.765543161211532
1137	25.80518984732246
1138	25.850711388085173
1139	25.771186641660258
1140	25.752144576910926
1141	25.72857605415915
1142	25.788338319322893
1143	25.62329261246753
1144	25.880017635626174
1145	25.763216773982563
1146	25.604285793273284
1147	25.462970549217623
1148	25.715319923687566
1149	25.42697776766255
1150	25.785084753170516
1151	26.135554135292388
1152	25.515491322100235
1153	25.400023735010716
1154	25.577873896840252
1155	25.900484564791515
1156	25.5464524746868
1157	25.78414011679315
1158	25.388181715153035
1159	25.55386076424316
1160	25.456712175084927
1161	25.605176323307813
1162	25.474435852664445
1163	25.665272354932227
1164	25.829957265596985
1165	25.94818084457303
1166	25.125341888008144
1167	25.46430807462426
1168	25.616519676919648
1169	25.446995450058765
1170	25.42056893913542
1171	25.311821312667217
1172	25.19529180803734
1173	25.482359312991786
1174	25.07956658930939
1175	25.51076620132796
1176	25.23314983715454
1177	25.628199046619144
1178	25.5458071501964
1179	25.57101538141494
1180	25.438942986234096
1181	25.703505622089512
1182	25.572193206869613
1183	25.63099137749547
1184	25.488733641830937
1185	25.51664262675615
1186	25.139783079943502
1187	25.172607152363984
1188	25.23328706592448
1189	25.05562274187547
1190	25.097775529821032
1191	25.023692489697844
1192	25.27616846483904
1193	25.241714584360025
1194	25.09940191376478
1195	25.250974795539186
1196	24.801254420445325
1197	25.150351793510918
1198	25.039669575928613
1199	25.13771324988643
1200	25.435452712270756
1201	25.06822150433928
1202	25.204290245677157
1203	25.30794557812533
1204	25.02733304951791
1205	25.4901150119731
1206	24.87174016684713
1207	25.34536237676638
1208	24.995798805364693
1209	25.14875413811068
1210	24.7605634995448
1211	25.30932583682803
1212	25.056255358591407
1213	25.03198738297893
1214	24.96098828912844
1215	24.993789460133573
1216	25.05349967764212
1217	25.095739366725578
1218	25.134322685431002
1219	24.951137518202483
1220	24.98612299513166
1221	24.652139405394433
1222	24.71432318572846
1223	24.925764940455586
1224	25.27787319214718
1225	24.803031795039825
1226	24.795913449963347
1227	24.82418638883668
1228	24.99192559941582
1229	24.799413665421525
1230	24.746335418022003
1231	24.939293351170477
1232	25.03920952296087
1233	24.810358231065024
1234	24.665354654200836
1235	24.902203940726274
1236	24.88207975113808
1237	24.623620626663477
1238	24.88310815174865
1239	24.96511926221768
1240	24.438662757347405
1241	25.13584558382555
1242	24.638016799090575
1243	24.868961184111996
1244	25.085406459936905
1245	24.892472510257257
1246	24.888401495344844
1247	24.821781401876976
1248	24.659683386503314
1249	24.973215280116097
1250	24.933746219899927
1251	24.585979291348675
1252	24.559827406150788
1253	24.68665231308289
1254	24.698276546616118
1255	24.74996001721237
1256	24.729374947564715
1257	24.79159038119528
1258	24.728832927518482
1259	24.72711526632485
1260	24.507007597431752
1261	24.680431227208793
1262	24.683288806850566
1263	24.557568772628898
1264	24.863248957326256
1265	24.766653911452792
1266	24.99777629534001
1267	24.41005657447682
1268	24.73658837010012
1269	24.844448828567277
1270	24.383055001706335
1271	24.691948397807955
1272	24.322067879806674
1273	24.979193694494956
1274	24.74374127604463
1275	24.511925261958353
1276	24.603265313942728
1277	24.403154867079724
1278	24.4834361934015
1279	24.96229609827831
1280	24.366061226755942
1281	24.414516724738128
1282	24.57891664478695
1283	24.57935772720437
1284	24.68645242203502
1285	24.656902309102325
1286	24.329891928408905
1287	24.291147265942676
1288	24.532027963047216
1289	24.62049570452904
1290	24.33603276701127
1291	24.406099050371008
1292	24.28314060486632
1293	24.24584098980983
1294	24.35446561659217
1295	24.622532006924544
1296	24.582135776546505
1297	24.3014438578124
1298	24.430137321916817
1299	24.499163763535012
1300	24.29405087799897
1301	24.298026181422816
1302	24.099363245429725
1303	24.573836682264602
1304	24.50240916770714
1305	24.3060608922292
1306	24.211232204733275
1307	24.125744359242294
1308	24.33137323355664
1309	24.34381678003864
1310	23.971781107286812
1311	24.23547249804565
1312	24.619856352849997
1313	24.094793079889616
1314	24.022053659659512
1315	24.149354198034874
1316	24.507889498058102
1317	24.188519173548546
1318	24.388494048871248
1319	24.291029614424417
1320	24.511908326182148
1321	24.01922188390102
1322	24.481424774383864
1323	24.212375848265474
1324	24.07676356047065
1325	23.97516629361379
1326	24.004854297188626
1327	23.945761685642015
1328	24.11008595117407
1329	24.0048508856442
1330	24.037726776210853
1331	23.927765663795373
1332	24.18194086634173
1333	24.031922354222214
1334	23.93968885441608
1335	24.21971160595672
1336	23.759154654024915
1337	23.875142718120937
1338	24.069081765892953
1339	24.207612669909576
1340	24.146538322835166
1341	23.8561927460376
1342	24.233250066105462
1343	23.786823379235127
1344	24.18185743838602
1345	23.81911469247341
1346	24.038736565663246
1347	23.711050063390452
1348	23.9555802825608
1349	24.17235887223404
1350	24.184313756615076
1351	24.182970922138995
1352	24.142110367812634
1353	23.909502929453474
1354	24.17426319812449
1355	23.827744269513406
1356	23.5044725722247
1357	23.640256165293245
1358	24.05724905558026
1359	23.45800415078675
1360	24.1834025830249
1361	24.02298780798333
1362	23.861853674282294
1363	23.965349457623056
1364	23.857640498462743
1365	23.989151806763257
1366	23.80725694405893
1367	23.965816446595433
1368	23.800443936170613
1369	23.759358428050035
1370	23.83696337275098
1371	24.04448900672428
1372	23.82536299106444
1373	23.593394608725752
1374	23.579446245247503
1375	23.877209831505695
1376	24.128763315086175
1377	23.87183635199793
1378	23.825156872787325
1379	23.880081107475483
1380	23.61551717954691
1381	23.577726739876542
1382	23.789111812181826
1383	23.498848271772538
1384	23.478064758533986
1385	23.8273827944165
1386	23.678426183293517
1387	23.76157143063425
1388	23.38700390653438
1389	23.634114193403704
1390	23.812381709183118
1391	23.26936623241081
1392	23.97661104262005
1393	23.737910569866163
1394	23.955068665949057
1395	23.14766620373566
1396	23.68992596550313
1397	23.921698453095395
1398	23.491536066652294
1399	23.655365773927397
1400	23.61660886097848
1401	23.93564523016715
1402	23.9296909548952
1403	23.654388028032457
1404	23.685591226105508
1405	23.71421008198487
1406	23.615753914164557
1407	23.425241638318806
1408	24.14765768335045
1409	23.893786494834462
1410	23.772440192349585
1411	23.451939674206585
1412	23.754319778337358
1413	23.316139008532936
1414	23.707385976840865
1415	23.564523188187554
1416	23.508070851871253
1417	23.569191821792106
1418	23.459790224808373
1419	23.470609894183767
1420	23.628034225992522
1421	23.559045858301083
1422	23.71693322512601
1423	23.491043093974824
1424	23.149259669016455
1425	23.549961361829677
1426	23.405223775908272
1427	23.363317262304445
1428	23.567638146027743
1429	23.660400134038966
1430	23.470007168022814
1431	23.5514266370011
1432	23.33288598042054
1433	23.50060925394894
1434	23.62806900371161
1435	23.121012607355222
1436	23.23670953111828
1437	23.595358059241814
1438	23.40966970972436
1439	23.344233950951626
1440	23.357651431212634
1441	23.47950480108495
1442	23.33219851578995
1443	23.23126548835542
1444	23.081952361795725
1445	23.31707029470032
1446	23.19138012593984
1447	23.147880445157206
1448	23.141630845144082
1449	23.48746147688489
1450	23.583117615847822
1451	23.275564452890077
1452	23.467570442365016
1453	22.936265439196767
1454	23.05807013677168
1455	23.2211827749534
1456	23.407556946021657
1457	23.245916529873117
1458	23.035490786005
1459	22.910126766975445
1460	22.960609919031768
1461	22.975558163132213
1462	23.16183956503027
1463	23.086609891588893
1464	22.875112580996433
1465	23.19088846782173
1466	23.44544724737493
1467	23.040815543196512
1468	23.07261028003935
1469	23.518498605993233
1470	23.12925509443375
1471	23.188410681394668
1472	23.04349183840661
1473	23.063824855904333
1474	23.303368672042645
1475	23.085485755849408
1476	23.343808804042617
1477	23.19188435217212
1478	23.09259214313161
1479	23.23352222073172
1480	23.010377404180844
1481	23.113383693998315
1482	23.293882759543457
1483	23.405969866605755
1484	23.154977459339175
1485	23.468337739490227
1486	22.916279954257483
1487	23.201236767472732
1488	23.228891482747454
1489	23.232513545567848
1490	23.11674802703075
1491	22.684361385469256
1492	23.014622509728838
1493	22.865648338692456
1494	22.748138908133377
1495	22.72732325163512
1496	22.85660363301368
1497	22.934342052705837
1498	22.872247381070732
1499	22.971822309079748
1500	22.76394012444718
1501	22.806241572170148
1502	23.090789995466064
1503	22.98030920956426
1504	23.368496897727738
1505	22.786423863018946
1506	22.87336823902944
1507	22.823775945449096
1508	23.112839818151432
1509	22.815498260296987
1510	22.58918932902119
1511	22.80601626274982
1512	22.586427159792283
1513	22.84462294116646
1514	22.69228835524218
1515	22.74632212321921
1516	22.64481476702913
1517	23.06685217936545
1518	22.61886667147428
1519	22.60596362781986
1520	22.927341285362637
1521	22.64005881427779
1522	22.929025759022817
1523	22.83921323244451
1524	22.99574297234663
1525	22.823949094337852
1526	22.743831812967667
1527	22.9363587351588
1528	22.708667867675874
1529	22.47080748227751
1530	22.803439919955654
1531	22.7501063397019
1532	22.558061023453224
1533	22.912801920909505
1534	22.808383233115677
1535	23.024521497314986
1536	22.648472940063886
1537	22.795199013014727
1538	22.71696667160003
1539	22.772838444785673
1540	22.74900591355289
1541	22.512975068078255
1542	22.5735948483578
1543	22.74797844142245
1544	22.827613789467534
1545	22.828399472346067
1546	22.892451224481864
1547	22.607385267497786
1548	22.67027279277861
1549	22.976080375739464
1550	22.392767535265094
1551	22.62062136036987
1552	22.868439373936067
1553	22.445109177861234
1554	22.591340318675968
1555	22.52975222124112
1556	22.501624689443407
1557	22.738046056703276
1558	22.547973392122042
1559	22.551613447608286
1560	22.757079117127276
1561	22.91446030904738
1562	22.484853965932263
1563	22.427753746797865
1564	22.454103006639173
1565	22.466569865833133
1566	22.751379008983655
1567	22.390948508785108
1568	22.57446419248481
1569	22.72218964111935
1570	22.45088387740134
1571	22.483177762918174
1572	22.540222967503116
1573	22.403354225647146
1574	22.365615094088238
1575	22.46055407224819
1576	22.720177476192255
1577	22.20752320946186
1578	22.784401929936642
1579	22.441101389767937
1580	22.218646551548037
1581	22.39193749821014
1582	22.1860794430054
1583	22.422022391236144
1584	22.67706229607542
1585	22.355068916048523
1586	22.282518039948542
1587	22.504145221458597
1588	22.316557224257366
1589	22.457221516867907
1590	22.488463935016068
1591	22.31024877375292
1592	22.56708513334511
1593	22.319339324437564
1594	22.312193494654057
1595	22.367461916736747
1596	22.511101647060944
1597	22.617780767340143
1598	22.4095038285793
1599	22.485615501520172
1600	22.605113686215898
1601	22.515441806068843
1602	21.999675741452837
1603	22.057126160812995
1604	22.24467859049778
1605	22.29541371192722
1606	22.267784027554264
1607	22.320315444307766
1608	22.314755148236035
1609	22.39778379310703
1610	22.236688431227726
1611	22.41675067180791
1612	22.22366722068319
1613	22.07029767384174
1614	22.217100950598663
1615	22.383083013128218
1616	22.181798889195733
1617	22.184000771460617
1618	22.06266345510644
1619	22.129802060935024
1620	21.998889871916028
1621	22.125589872071394
1622	21.954527404009415
1623	22.31656519035315
1624	22.01108036032594
1625	21.9892762031826
1626	22.31828203448861
1627	22.011380940617144
1628	22.35600661389619
1629	22.294754755877037
1630	21.866409134585965
1631	22.239614006042412
1632	22.47235759557215
1633	22.17787644803338
1634	22.167956584213393
1635	22.182492297611244
1636	21.994377453846933
1637	22.050762204686965
1638	22.077730524234813
1639	22.037271098220057
1640	21.77302731102531
1641	22.250541020939547
1642	22.159457933556755
1643	22.28734355027839
1644	22.143018822351156
1645	22.086988913875338
1646	22.16033432716888
1647	21.726718243379544
1648	21.953164843434674
1649	22.02328967937722
1650	22.001979726425695
1651	21.802355446151264
1652	22.09616764253635
1653	22.390889432695
1654	22.162628095083072
1655	22.29937300042239
1656	22.363916780042327
1657	21.81824653300247
1658	22.01106004188758
1659	22.188297699233917
1660	22.126802035407625
1661	21.95692191392929
1662	22.308745100543913
1663	22.002292521484918
1664	21.79665827421059
1665	22.09265695969009
1666	22.095939312891694
1667	22.37552083301466
1668	22.021866240511734
1669	21.890000362487655
1670	22.199174748818567
1671	21.867989306826043
1672	22.048500979775525
1673	21.827895126128023
1674	22.215180749219645
1675	21.57983681887197
1676	21.681624412911845
1677	22.05888836215418
1678	21.983442648683585
1679	21.866989937063227
1680	21.99337052706499
1681	22.197974837275428
1682	21.989384063209425
1683	21.853638555264734
1684	21.970858041042728
1685	21.65512499672715
1686	21.682970886940993
1687	21.883205588311704
1688	21.77797109680251
1689	21.758592864282488
1690	21.719766780457512
1691	21.682617441982273
1692	21.43329206209664
1693	21.61897454849105
1694	21.94217815600073
1695	22.02196451338812
1696	22.055397575105868
1697	21.726846738745294
1698	21.927686875850966
1699	21.91029173162508
1700	21.996332868813916
1701	21.71033681238684
1702	22.022826564842624
1703	21.89198373563543
1704	21.850190476400197
1705	21.975661425028964
1706	21.943361982520198
1707	22.09966150903557
1708	21.538500099269488
1709	22.11423194450553
1710	21.436469281081635
1711	21.86558464750029
1712	21.71885958902737
1713	21.89333539196808
1714	21.718056844043833
1715	21.8762912292374
1716	21.866522036918607
1717	21.837819677004788
1718	21.47762577725554
1719	21.552518687616036
1720	21.9518116110861
1721	21.80980391121457
1722	21.91770124717689
1723	21.63759242370258
1724	21.767652615749927
1725	21.861110510689972
1726	21.69115634724109
1727	21.83913733688091
1728	21.711946110111356
1729	21.855225517915898
1730	21.59783485603219
1731	21.80321158107723
1732	21.556219295078833
1733	21.437035244003624
1734	21.760508286809525
1735	21.850852762033906
1736	21.78645015895967
1737	21.30483984281693
1738	21.49067617378562
1739	21.624560812060167
1740	21.739388339715088
1741	21.713628151170912
1742	21.558419266330883
1743	21.840507443518245
1744	21.66259143538114
1745	21.33510592828523
1746	21.49510482751745
1747	21.828945927785785
1748	21.556816750229576
1749	21.289772809315753
1750	21.530566843604635
1751	21.6715840399724
1752	21.468663060007064
1753	21.490401442485272
1754	21.621588101721354
1755	21.741141331919533
1756	21.475914395191015
1757	21.415813383016488
1758	21.625384457416992
1759	21.59080649997645
1760	21.46323177580796
1761	21.48616998502957
1762	21.686145279112935
1763	21.456002771924474
1764	21.464143933439328
1765	21.41694294470037
1766	21.49601269532099
1767	21.226507496348344
1768	21.55466796502667
1769	21.42475931205656
1770	21.3860816481606
1771	21.442208964879793
1772	21.553636517724215
1773	21.07284020914578
1774	21.332665500502628
1775	21.597908927142914
1776	21.565474178002724
1777	21.43944586890669
1778	21.444860217677086
1779	21.56480559867035
1780	21.399720359058072
1781	21.317256462201463
1782	21.543901148778946
1783	21.50448692216668
1784	21.167268966641593
1785	21.363679269509767
1786	21.038630315983895
1787	21.31486263277545
1788	21.457243778192918
1789	21.224702511836718
1790	21.377969458346904
1791	21.334099865994073
1792	21.315283558039017
1793	21.26980830702055
1794	21.106507429384287
1795	21.5655941900548
1796	21.409835222672132
1797	21.69081488375553
1798	21.39942569249681
1799	21.29756072232023
1800	21.41706238727498
1801	21.41120925733187
1802	21.247214656497604
1803	21.36734004594764
1804	21.31530631280494
1805	21.5286895848581
1806	21.126690971702395
1807	21.333851704928357
1808	21.183693340840367
1809	21.301343986292054
1810	21.017612813959015
1811	21.415884901437416
1812	21.36889142876177
1813	21.28510954695116
1814	21.192032776776493
1815	21.10877681564849
1816	21.031422503599114
1817	21.16775879339503
1818	21.21833549455956
1819	20.996221917612157
1820	21.07898800885503
1821	21.308929013942016
1822	21.080997588083626
1823	21.120011029799926
1824	21.16393657224972
1825	21.30974479885544
1826	20.929185649010094
1827	21.081887803183523
1828	21.078431988107734
1829	21.562422018564547
1830	20.95914221082266
1831	21.0862926052607
1832	20.762366700555877
1833	21.134054943808717
1834	21.23589401586202
1835	21.218920572238194
1836	21.192612921029788
1837	21.13797169825427
1838	21.49269394912225
1839	21.41158856371848
1840	21.47057237996056
1841	20.980505465850808
1842	21.0456199557048
1843	20.927580748624838
1844	21.211966103874506
1845	21.28271860265468
1846	21.296140489908463
1847	21.144590112899184
1848	21.047044792588657
1849	20.83486751685677
1850	21.29757465775959
1851	20.941528958781998
1852	20.909998495556525
1853	20.71837197940666
1854	20.9200341805545
1855	21.206024510319207
1856	21.16415084501507
1857	20.89400970756828
1858	20.94408615492896
1859	21.096453160583216
1860	21.19727258106903
1861	21.05525844958571
1862	20.837612779848335
1863	20.74811099920483
1864	21.025846611469355
1865	20.874052829956216
1866	20.422241567221278
1867	21.290725132002212
1868	20.805519209179934
1869	21.132437358034935
1870	20.766496121286682
1871	21.0276365683387
1872	21.26234226609167
1873	21.185388990336257
1874	20.922114097741897
1875	20.997408469859188
1876	21.022088201610536
1877	20.83958655374155
1878	20.933060895541992
1879	20.994685077890587
1880	20.850221323026197
1881	20.96881532306173
1882	20.936005079927334
1883	21.08424154371045
1884	21.1614146121261
1885	21.110229596607986
1886	20.893768719033385
1887	20.95552660389288
1888	20.951786363887145
1889	21.178137581194253
1890	20.77000690228793
1891	20.788726680536985
1892	20.733097382028422
1893	20.77422353241878
1894	20.84794770945399
1895	20.805746978371495
1896	20.971355382226132
1897	21.306357815141205
1898	21.028003048015982
1899	20.988437080002093
1900	20.918156440205312
1901	20.84818337130134
1902	21.134256163559723
1903	20.808852305785557
1904	20.931271304428428
1905	20.765662332704505
1906	20.62545670264231
1907	20.698142221551823
1908	20.93990414431542
1909	20.816256542997774
1910	20.88789045814097
1911	20.911611194332107
1912	20.839698424672683
1913	20.83929360407747
1914	20.556714651797428
1915	20.977081068890005
1916	20.867630304747866
1917	20.660572909152354
1918	21.027130588386644
1919	20.764283854876904
1920	20.608113740322473
1921	20.74643772609727
1922	21.162829565377233
1923	20.51720520787236
1924	20.7580768213263
1925	20.793740626031106
1926	20.96001568343291
1927	20.69632238825964
1928	20.844653604720914
1929	20.813444096354583
1930	20.79648542315906
1931	20.995165786007025
1932	20.827657023684527
1933	20.901974224157485
1934	20.58274253604679
1935	21.008736237200775
1936	20.63607223697229
1937	20.997899733395602
1938	20.89789969347399
1939	20.89831821740648
1940	20.486604795716122
1941	20.83714526535107
1942	20.64052662003966
1943	20.799998980516058
1944	20.582991428799122
1945	20.681169955696706
1946	20.568305363899587
1947	20.946628980827427
1948	20.75618061384234
1949	20.3870224971049
1950	20.592738627802404
1951	20.36388028746665
1952	20.73574082894721
1953	20.937696045476002
1954	20.751515094695193
1955	20.848861914712952
1956	20.684323042067426
1957	20.651860663342354
1958	20.55831836967691
1959	20.527849933947223
1960	20.63042234223276
1961	20.825279060594774
1962	20.558241948463756
1963	20.694295994030405
1964	20.67332767545163
1965	20.54648094126959
1966	20.590728184451468
1967	20.355578803337064
1968	20.703056819589083
1969	20.620947749481054
1970	20.739751250198527
1971	20.960089920026867
1972	20.326975488590044
1973	20.620754218012316
1974	20.44220485787698
1975	20.789110823606666
1976	20.730107103432896
1977	20.92888773853921
1978	20.80461052989794
1979	20.502624176194605
1980	20.630362409176076
1981	20.404104666415797
1982	20.518330405364022
1983	20.68885375291622
1984	20.25326071312727
1985	20.38987707577799
1986	20.647012539293947
1987	20.50764327597056
1988	20.582904542304796
1989	20.64074820735272
1990	20.73586546876764
1991	20.434570137724798
1992	20.570927788012348
1993	20.237381545527818
1994	20.321406107125124
1995	20.563408578942926
1996	20.356780549233655
1997	20.461357227448797
1998	20.23821370765252
1999	20.292351853833186
2000	20.544078939783805
2001	20.639084006381015
2002	20.534959326933997
2003	20.497748674165763
2004	20.21641873326278
2005	20.49190892124022
2006	20.475143160540203
2007	20.450869999871546
2008	20.566281189760755
2009	20.259447119320644
2010	20.427712218354912
2011	20.83678890536285
2012	20.57823846453324
2013	20.401586258697034
2014	20.329927238025803
2015	20.349342803997125
2016	20.5888907797101
2017	20.677635125399444
2018	20.259661283508553
2019	20.61941026732818
2020	20.474854715942687
2021	20.48231205453237
2022	20.24566119762995
2023	20.31329475451983
2024	20.423557062811803
2025	20.4875563898909
2026	20.43078223176962
2027	20.2948157150042
2028	20.12696363269522
2029	20.181012139146578
2030	20.36000217323967
2031	20.34399224296553
2032	20.41421509961216
2033	20.59214311417482
2034	20.329741376737278
2035	20.311503867022754
2036	20.526799678165105
2037	20.513055273533578
2038	20.314042351651768
2039	20.262853852361424
2040	20.531864502653697
2041	19.976792839422416
2042	20.309408278765783
2043	20.364569712449388
2044	20.470184871993133
2045	20.16456014102542
2046	20.43048864597182
2047	20.335445931233753
2048	20.17694492093842
2049	20.091486553625266
2050	20.193471087487353
2051	20.149546487562734
2052	20.418876706919054
2053	20.331431776978274
2054	20.328923590571023
2055	20.240586790044933
2056	20.45940168355972
2057	20.09690479566521
2058	20.11007495262836
2059	20.046642373832345
2060	20.143030091816964
2061	20.471790304516666
2062	20.618830339239633
2063	20.38787577864671
2064	20.220871230361503
2065	20.225245255092613
2066	20.171379684168087
2067	20.417924939141322
2068	20.410657903805134
2069	20.33754483377288
2070	20.2297710686739
2071	20.125410417567316
2072	20.02623996369738
2073	20.1321553978747
2074	20.21784147532625
2075	20.370536601267386
2076	20.326243643038204
2077	20.22740777646915
2078	20.56064916229359
2079	20.13628742381344
2080	20.218664058688006
2081	20.151422111105017
2082	20.318661548612752
2083	20.273002360007712
2084	20.25521481975093
2085	20.07981146107624
2086	20.171277352686715
2087	19.911557214997014
2088	20.382620292110257
2089	20.360578174134197
2090	20.37081592067838
2091	20.04867057569777
2092	20.217975402275165
2093	20.432819533881084
2094	20.484295523674838
2095	20.31288595092819
2096	20.4048126762488
2097	19.967618652847932
2098	20.177245939527538
2099	20.129599439985654
2100	20.122089882235613
2101	20.020484755477295
2102	20.22493793988528
2103	20.383121688224712
2104	20.049241788739664
2105	20.203245616469278
2106	20.069079320464546
2107	20.153840182627622
2108	20.004890668818103
2109	20.233537594111194
2110	19.98306879411818
2111	20.086507086879056
2112	19.922347099604117
2113	19.797978669065706
2114	20.423141991514242
2115	20.474787627174837
2116	20.1538218690404
2117	20.376480004668686
2118	20.274950075659355
2119	19.98487816560294
2120	20.18153705342119
2121	19.96912144001822
2122	19.85566415481825
2123	20.23526864795881
2124	20.075664949327667
2125	20.088799021996234
2126	20.10161687556925
2127	19.87133785701391
2128	19.664255586908567
2129	19.901434053105927
2130	19.76546054984353
2131	19.943646333954668
2132	20.145415891302292
2133	19.86457184734536
2134	20.11309013517019
2135	19.9811094294044
2136	19.935195068367367
2137	19.90682303070695
2138	19.733699686323384
2139	19.77619204399218
2140	20.098105000713627
2141	20.059579735599172
2142	20.071341656239795
2143	19.735051270487595
2144	19.8346532388072
2145	19.91900096115399
2146	20.033084716186366
2147	19.90207929199678
2148	19.451470005029037
2149	19.950624321864222
2150	19.97065629781367
2151	20.087086587574188
2152	19.85653003163776
2153	19.733143372212627
2154	19.844375325589844
2155	20.01401953531749
2156	19.691151611698448
2157	20.05671125251528
2158	20.040164765635108
2159	20.10079126094049
2160	20.14626677996965
2161	19.662475866323913
2162	19.95655063737956
2163	19.701237667326442
2164	19.66346510425096
2165	19.917549787921082
2166	19.618266287054794
2167	19.595234117935973
2168	19.69312327914055
2169	19.922730928779096
2170	19.8994186686009
2171	19.678049404519598
2172	19.847396701439425
2173	19.560768462358993
2174	19.555935413552298
2175	20.052343223834495
2176	19.66238249112424
2177	19.821641541621688
2178	19.810493983073663
2179	20.016976450934035
2180	19.69635943358251
2181	20.04037817644785
2182	19.79518351501453
2183	20.16667794896208
2184	19.72926643335484
2185	19.795635339508536
2186	20.133330495240784
2187	20.02335399358154
2188	20.069102019738267
2189	20.122452323820763
2190	20.014802335904964
2191	20.120550491878983
2192	20.13274241303248
2193	19.566265146668822
2194	19.944420434217044
2195	19.819959110139873
2196	19.992454029086073
2197	19.818725988911268
2198	20.12658349539933
2199	19.984917537209906
2200	19.699921575649682
2201	19.84861986576204
2202	19.69662097045643
2203	20.10513435068953
2204	19.89477642310786
2205	19.530609251190356
2206	19.848978226813454
2207	19.689656772957306
2208	19.659516986634472
2209	19.739924402542442
2210	19.85611267236085
2211	19.705526050960316
2212	19.944316990183847
2213	19.560525418740564
2214	19.559668072492112
2215	19.893263008635937
2216	19.851158135625887
2217	19.65580989933948
2218	19.530210359917458
2219	19.787027131894067
2220	20.24829239170207
2221	19.5415323409471
2222	19.644040701372013
2223	19.57892666848055
2224	19.58084252762704
2225	19.338152249803144
2226	19.555625390561172
2227	19.75306577939923
2228	19.813391276579452
2229	19.941564799720325
2230	19.939385035026678
2231	19.825044069806662
2232	19.800599313264385
2233	19.632509746229694
2234	19.57155295382021
2235	19.860254803778957
2236	19.530551561661476
2237	19.528507379452407
2238	19.878344684946217
2239	19.934403186632743
2240	19.665674805478087
2241	19.773996012741925
2242	19.640517532123912
2243	19.61029802967934
2244	19.738014408697587
2245	19.716761687222437
2246	19.780258387394323
2247	19.903212264389634
2248	19.42941088502516
2249	19.49425804489893
2250	19.455893579688507
2251	19.602594021504174
2252	19.523102807897725
2253	19.56091843281138
2254	19.703417466169434
2255	19.651045240219727
2256	19.85406178445168
2257	19.598476266320347
2258	19.98781134688103
2259	19.657616732021236
2260	19.592523925721803
2261	19.552837025705756
2262	19.4402043535312
2263	19.68872236605807
2264	19.621402728997218
2265	19.71817719177946
2266	19.64585689111879
2267	19.54721061180081
2268	19.576830176560808
2269	19.53711476000178
2270	19.38276498411599
2271	19.421894280104233
2272	19.416175848032964
2273	19.424412077596696
2274	19.50363705008048
2275	19.457363931997435
2276	19.702481882453796
2277	19.669008249484648
2278	19.434780077895475
2279	19.27241570873059
2280	19.751299569025733
2281	19.562640252787755
2282	19.627497356553246
2283	19.71476906071413
2284	19.63037071105758
2285	19.74598999790539
2286	19.66287690666202
2287	19.97613768207805
2288	19.54859627898947
2289	19.558222340736105
2290	19.579643329351978
2291	19.32522957067909
2292	19.31502466495114
2293	19.335989945793997
2294	19.544899110109483
2295	19.615331161495366
2296	19.465463538196257
2297	19.498274118801547
2298	19.626749803798234
2299	19.56397684447022
2300	19.02827655469473
2301	19.29875209991775
2302	19.35869689925601
2303	19.156319302777828
2304	19.399992928947853
2305	19.522057429761485
2306	19.661135868812107
2307	19.73221748075748
2308	19.22690972778496
2309	19.526015502254666
2310	19.54159561346443
2311	19.396537094013027
2312	19.285030317402644
2313	19.12830043990992
2314	19.316702845636815
2315	19.325918260589916
2316	19.445382268501366
2317	19.664404270678006
2318	19.48520458211306
2319	19.316347408291715
2320	19.429318768937666
2321	19.513658718277014
2322	19.73368073674694
2323	19.687244597093134
2324	19.74516506219591
2325	19.417494059377177
2326	19.677293749752877
2327	19.644155536930253
2328	19.448383555298776
2329	19.45631246998884
2330	19.3312347395017
2331	19.54771326570693
2332	19.442973419407224
2333	19.507473647896305
2334	19.742144365777445
2335	19.465787130334927
2336	19.53529376856501
2337	19.532189545714335
2338	19.235426577072975
2339	19.248421229494742
2340	19.031478050542454
2341	19.433754915014916
2342	19.451058576890716
2343	19.385773872511123
2344	19.53255172083247
2345	19.802124076107603
2346	19.288874593112485
2347	19.226643133095994
2348	19.817972654276502
2349	19.306051456660498
2350	19.53648807997425
2351	19.431641546302167
2352	19.139032504726362
2353	19.54722828231708
2354	19.36709682972983
2355	19.49542045935811
2356	19.4305757599563
2357	19.535597967627687
2358	19.245488434506413
2359	19.421641688166556
2360	19.310131375933597
2361	19.205343926658678
2362	19.076946407881483
2363	19.236597579995347
2364	19.357907963312194
2365	19.448211204875538
2366	19.36833114535129
2367	19.104662226838563
2368	19.20843245835668
2369	19.10010475046218
2370	19.360050665954198
2371	19.281778392932978
2372	19.283822952253892
2373	19.383154108837225
2374	19.40902859410915
2375	19.35991950316784
2376	19.454735610826226
2377	19.298783822336055
2378	19.395146645527547
2379	19.119886467771195
2380	19.636700916949312
2381	19.41837040589602
2382	19.35893652653493
2383	19.33445907855481
2384	19.29192000329606
2385	19.070468615955594
2386	19.353462422939227
2387	19.395870872356333
2388	19.370923924535397
2389	19.060573946739463
2390	19.17908949158181
2391	19.155834187745185
2392	19.41523607345319
2393	19.408455596859095
2394	18.94597784741853
2395	19.010326171593956
2396	19.260940388414983
2397	19.373832489573463
2398	19.154612049577505
2399	19.18913161079537
2400	19.374570738114024
2401	19.121331021756596
2402	19.23150735399124
2403	19.091715813469477
2404	19.172601342661487
2405	19.286263289797844
2406	19.328097066906405
2407	19.10718686747441
2408	19.094118550895683
2409	18.983503105584635
2410	19.165455993857247
2411	19.301381746692694
2412	19.1800026159832
2413	19.352714040982995
2414	19.43242384642704
2415	19.27300435963894
2416	19.440540617035982
2417	19.126570236366057
2418	18.964230304844392
2419	19.021977728005727
2420	19.36856371267499
2421	19.10448846483771
2422	19.265330312488803
2423	19.026767546416362
2424	18.988711559050206
2425	19.31216167489088
2426	19.19133744764993
2427	19.320013251401853
2428	19.451178674093402
2429	18.912622511839814
2430	19.39240819001346
2431	19.159646779568767
2432	19.12959090512453
2433	19.32059911989119
2434	19.144071326313608
2435	19.183710964618463
2436	19.157927246985576
2437	19.246509026084297
2438	19.016521824043586
2439	19.474439126864983
2440	19.417363720244612
2441	19.143092106171526
2442	19.24581785916209
2443	19.30443830418459
2444	18.774829752188783
2445	19.414185966324
2446	19.1787729408071
2447	19.08281194777053
2448	19.33966186026518
2449	19.27593717455851
2450	19.1147483346878
2451	19.09136541239388
2452	18.952393095331214
2453	19.269106106281484
2454	18.818613662047962
2455	19.070778099269415
2456	19.08565223785865
2457	19.052003866030997
2458	18.987979314628348
2459	19.053856889007584
2460	18.813373975800175
2461	19.12650932821824
2462	18.967302806759815
2463	19.034795065475624
2464	19.029217230666596
2465	19.049403587585605
2466	18.843053520080037
2467	19.204880343803932
2468	19.286262302199574
2469	18.913824693870513
2470	19.161321468287998
2471	19.13458933989851
2472	19.09549081734654
2473	18.72012441051544
2474	18.97349330922641
2475	18.87701086656015
2476	19.091975016180317
2477	18.870510827095345
2478	18.798798222779453
2479	19.32543353728466
2480	18.731455893198635
2481	18.749321137978757
2482	19.29224328571351
2483	19.196341047588966
2484	19.196235645896348
2485	18.91012186578998
2486	19.40854421853164
2487	18.979923696672593
2488	18.779334257536096
2489	18.921218878403156
2490	19.111674836184974
2491	18.62407259287356
2492	18.981489824619803
2493	18.923586325137734
2494	19.272475871618937
2495	18.906338182487378
2496	19.050713157158626
2497	19.044765941131942
2498	18.94065973757956
2499	18.96916988024191
2500	19.082414457647968
2501	19.27411595420883
2502	18.924923959874405
2503	18.95879133862321
2504	18.97695977906315
2505	18.878302594627336
2506	18.707120423934757
2507	19.1324073818906
2508	18.961566804578073
2509	18.8828513717637
2510	19.110401841888986
2511	18.956709707840698
2512	19.135714090014925
2513	18.957762073358868
2514	18.853776497474097
2515	18.72490390363334
2516	19.031120209855406
2517	19.070673349435275
2518	19.18833947090571
2519	18.906215526090055
2520	19.18525845737136
2521	19.154676674580042
2522	18.847283190060676
2523	18.871629436944637
2524	19.166961129112536
2525	18.815301926953378
2526	18.86439882637561
2527	19.173656324082664
2528	19.120193612164385
2529	19.107119004384792
2530	18.842051859132933
2531	18.958626626469258
2532	18.715727104055073
2533	19.313763219442762
2534	18.987301648125975
2535	18.770867222662925
2536	18.674578899652612
2537	19.032457552283176
2538	19.023713342852112
2539	19.052878925138113
2540	18.883614906422878
2541	19.084446968768795
2542	19.301960864295264
2543	19.1194625422318
2544	18.89525039786705
2545	18.67851294974273
2546	18.966088912933916
2547	18.987189680099025
2548	19.069345366060034
2549	18.949125097021874
2550	18.878823763448803
2551	18.830539850027854
2552	18.820916938802842
2553	18.825944425276067
2554	19.0552272309794
2555	18.65803440976679
2556	19.169196054066287
2557	18.925149840033708
2558	18.72683663828944
2559	19.083740659099593
2560	18.973884330052247
2561	18.92480769035365
2562	18.95231132999433
2563	18.845023692887928
2564	19.001294754121155
2565	19.10041732756897
2566	18.871601530967023
2567	18.835641778770356
2568	18.927277816004207
2569	18.867030634376604
2570	19.10597566739103
2571	19.10703968654758
2572	19.050284134471163
2573	18.667597502450995
2574	19.027810934906718
2575	19.00906781313529
2576	18.943642866747464
2577	18.67103802731159
2578	18.809546878739305
2579	18.76334885317387
2580	18.936892633758337
2581	18.839439517880542
2582	18.82715355629698
2583	18.70166359828644
2584	18.697483252067087
2585	18.574501536827505
2586	18.806360992572472
2587	18.91151647778405
2588	18.982809663666494
2589	18.814658615142672
2590	18.880878371105254
2591	18.903340319235184
2592	18.881265206231976
2593	18.50970273835218
2594	18.74597992538163
2595	18.74909671780239
2596	18.776174786896163
2597	18.652916305081643
2598	18.94290359698962
2599	18.909168433922943
2600	18.749481562554376
2601	18.74559123407385
2602	18.717508491453053
2603	18.35114404534616
2604	18.761526023886923
2605	18.804503366129516
2606	18.89982798784137
2607	18.945564417440135
2608	18.65185500618745
2609	18.80652669013507
2610	19.00337650789577
2611	18.762236683603497
2612	18.953715287011928
2613	18.70270229790347
2614	18.8871401699334
2615	18.742982637991016
2616	18.746916238868867
2617	18.921947900885392
2618	18.611171536843788
2619	18.746924312560996
2620	18.767129918258938
2621	18.60443291253632
2622	18.606112019510107
2623	18.804854873864194
2624	18.678052556670494
2625	18.782324975272818
2626	18.425548625949276
2627	18.76954775542845
2628	18.85634093955924
2629	18.677546797227613
2630	18.742392971853775
2631	18.634801924399653
2632	18.876209725896825
2633	18.787820145580355
2634	18.888066403335504
2635	18.745122404819746
2636	18.580049031259104
2637	18.822212191803132
2638	18.4519929931805
2639	18.784980919325296
2640	18.92167207134482
2641	19.09943401104051
2642	18.696329443356838
2643	18.909403074478142
2644	18.61077948538154
2645	18.673695481157594
2646	18.838818060761955
2647	18.537297215366767
2648	18.505779113052476
2649	18.703889210377895
2650	18.551391473522532
2651	18.7068822771633
2652	18.690559077674042
2653	18.642483922685376
2654	18.714612986061443
2655	18.38407732468477
2656	18.513923335287217
2657	18.747394911327035
2658	18.65502148629703
2659	18.498101326765912
2660	18.44029833494993
2661	18.821871863559625
2662	18.368761500447672
2663	18.728167675647644
2664	18.6375952730101
2665	18.911095023304917
2666	18.64500243289948
2667	18.653194811780164
2668	18.598367465192435
2669	18.799269170659613
2670	18.555144598995074
2671	18.734248352343375
2672	18.62195669299068
2673	18.531858005279172
2674	18.58712293976518
2675	18.515817666314796
2676	18.547969066084896
2677	18.667210474244865
2678	18.75381139163621
2679	18.61534606562105
2680	18.420602370375214
2681	18.535485996163466
2682	18.812411040823925
2683	18.687199849172256
2684	18.4591299817779
2685	18.46689528506985
2686	18.644357163927268
2687	18.28693170662618
2688	18.433832684780697
2689	18.459580989434304
2690	18.694290448827488
2691	18.515719546685812
2692	18.73326572318134
2693	18.357100578694983
2694	18.571883658617757
2695	18.094982607974135
2696	18.573315536177937
2697	18.56561750704135
2698	18.518876447735764
2699	18.37984544407312
2700	18.553177688909074
2701	18.39688596432494
2702	18.48219109962095
2703	18.376973654047294
2704	18.44385008824252
2705	18.788077484424093
2706	18.323803160110398
2707	18.543218578775406
2708	18.71344375395954
2709	18.4690735311247
2710	18.61821647986557
2711	18.333557166780217
2712	18.672395790407275
2713	18.22332166247299
2714	18.51627265806023
2715	18.315567956694984
2716	18.399183415698698
2717	18.653062119869414
2718	18.40249855716298
2719	18.616986174558917
2720	18.384642005904738
2721	18.395816326400492
2722	18.400647975552232
2723	18.168973164690915
2724	18.24026811913456
2725	18.515638033217908
2726	18.408803714201163
2727	18.286693164009414
2728	18.502491845191997
2729	18.588960062556747
2730	18.615485536488897
2731	18.573674833764752
2732	18.479748759691173
2733	18.220352260037213
2734	18.542783387311683
2735	18.426529944829003
2736	18.478454274216794
2737	18.458836191249148
2738	18.31955032880534
2739	18.595522225076596
2740	18.447278468479574
2741	18.327435012650025
2742	18.120158845347596
2743	18.53031941886886
2744	18.62656560717429
2745	18.579045749079715
2746	18.401092466842396
2747	18.700890104581756
2748	18.210156136934497
2749	18.48069167746476
2750	18.59427711482954
2751	18.303763371680414
2752	18.301299552658424
2753	18.73026731239175
2754	18.630474671560588
2755	18.504977154710197
2756	18.44377479062776
2757	18.459264319720585
2758	18.566221482307693
2759	18.40762651130961
2760	18.677578525812805
2761	18.350884977510557
2762	18.523602447538266
2763	18.24073277321606
2764	18.514031772092444
2765	18.309931877023757
2766	18.720741279922986
2767	18.470360754971644
2768	18.390213566557367
2769	18.304302595724817
2770	18.582671938442207
2771	18.22530256941687
2772	18.42172419396351
2773	18.799841296545836
2774	18.4234477519178
2775	18.442827932102922
2776	18.452928018093
2777	18.683013239479653
2778	18.56724991448806
2779	18.3701356046001
2780	18.537301881427815
2781	18.563605534976627
2782	18.606056185511388
2783	18.23781385865202
2784	18.27875248431276
2785	18.2800490933667
2786	18.41061948826122
2787	18.43542705027226
2788	18.641362886545114
2789	18.52638786603091
2790	18.12393860184796
2791	18.51853388264812
2792	18.57678522794134
2793	18.40132289141936
2794	18.46055372802425
2795	18.489676607891074
2796	18.399201303297435
2797	18.558610613429565
2798	18.425387292747587
2799	18.597553710129624
2800	18.27151476946992
2801	18.390489889354267
2802	18.283103478178536
2803	18.331332204846902
2804	18.43831557387141
2805	18.075911302039916
2806	18.469501921817304
2807	18.362780247935266
2808	18.57375907968539
2809	18.47494017273291
2810	18.19845511618141
2811	18.321089441474054
2812	18.4183695865656
2813	18.285613519698842
2814	18.484184888604137
2815	18.099076154715707
2816	18.35947101128
2817	18.64557958580828
2818	18.408624688219998
2819	18.341403439301533
2820	18.371675454140956
2821	18.263074595207243
2822	18.546881019111375
2823	18.33548363212189
2824	18.6115162812288
2825	18.57295763065883
2826	18.398341414746287
2827	18.179244024422808
2828	18.105377823079433
2829	18.501266421384233
2830	18.42947037543508
2831	18.49524147575228
2832	18.47032039728444
2833	18.28208359011529
2834	18.386093302428513
2835	18.48435212124016
2836	18.67961124278712
2837	18.40121104938718
2838	18.493186179996464
2839	18.470336160643175
2840	18.174385383530417
2841	18.538758411423927
2842	18.35679924882889
2843	18.09437970557763
2844	18.339088364410507
2845	18.295733450570758
2846	18.510021819797533
2847	18.077753535712468
2848	18.22400019143569
2849	18.289616761966702
2850	18.533717874152202
2851	18.401263558952085
2852	18.343829078460477
2853	18.293960026450627
2854	18.38203934981688
2855	18.084637962340736
2856	18.577795642069848
2857	18.13868211970056
2858	18.324456602974283
2859	18.07312010068449
2860	18.372039845130306
2861	18.38400233456488
2862	18.51352549966718
2863	18.433609611655292
2864	18.197262981432004
2865	18.374091933012178
2866	18.27043791558892
2867	18.200488059449096
2868	18.579234699182255
2869	18.298163698031033
2870	17.904191879741308
2871	18.32580758901741
2872	18.127201756794282
2873	17.93491072152246
2874	17.941752225872193
2875	18.263380618075022
2876	18.307378254662602
2877	18.348651003987978
2878	18.21317710424392
2879	18.123307083638764
2880	18.548636017311974
2881	18.09380544495726
2882	18.114698771377494
2883	18.441512139892545
2884	18.05779230060475
2885	18.182147008027695
2886	18.27008844472466
2887	17.99295520159324
2888	18.418744152954098
2889	18.27651521007265
2890	18.35416761758234
2891	18.33965267953283
2892	18.35653420470773
2893	18.24656130613861
2894	18.173919131421147
2895	18.236421485385442
2896	18.037076716678094
2897	18.132278033638
2898	18.230358152003138
2899	18.2884284692694
2900	18.060310941060653
2901	18.073013788139924
2902	17.890381851399425
2903	18.194194556636
2904	18.180196592939932
2905	17.896438271104515
2906	18.310708999132842
2907	18.39547379045273
2908	18.027939474629754
2909	18.347672196820753
2910	18.165561306373753
2911	18.445649110422153
2912	18.223845477322115
2913	18.41580555434005
2914	18.157163949177956
2915	18.028645717750027
2916	18.142881969171714
2917	18.331987069805717
2918	18.083933439804703
2919	18.05194299546932
2920	17.97075183412825
2921	18.40457222936623
2922	18.209035614721447
2923	18.48771150275776
2924	18.113547555188624
2925	18.061775131970496
2926	18.07783967692384
2927	18.30836588612951
2928	18.314724078484566
2929	17.954259274301517
2930	18.14372100789078
2931	18.1742567937708
2932	18.639048629994424
2933	17.847699680877678
2934	18.29680747273927
2935	18.022025559244845
2936	17.955229961287568
2937	18.15657459929475
2938	18.175647040591354
2939	17.95918069890439
2940	17.935522002362845
2941	18.18801887806886
2942	18.148665678519446
2943	18.30410723877874
2944	18.29650921174003
2945	18.041781628455407
2946	17.824731525175068
2947	18.251848649071533
2948	17.869117700119325
2949	18.152330803831507
2950	17.92036909223801
2951	18.197942899140305
2952	18.04944459690266
2953	18.03505315135971
2954	18.16817194691454
2955	17.745209344651137
2956	18.3815711848124
2957	18.035256353335637
2958	18.121097623926936
2959	17.92660651441787
2960	18.131057466606496
2961	18.01827809639965
2962	17.931104376895096
2963	18.12748690011879
2964	17.964567216377258
2965	17.91370722575319
2966	17.94734514093101
2967	18.0166899960767
2968	17.984426412633894
2969	18.230587395740343
2970	18.115393138027006
2971	18.277525692643607
2972	18.017870704657295
2973	18.11356579398213
2974	18.197107397084036
2975	18.070898397794497
2976	18.11307419637763
2977	18.08520576924856
2978	18.39090491116787
2979	18.625264872358123
2980	18.01390266880657
2981	18.34299048125535
2982	18.13455726916543
2983	17.930685672680728
2984	18.302786223113507
2985	18.151655912352247
2986	18.209074826686244
2987	18.123191503864632
2988	17.97894156914327
2989	17.92836678548504
2990	17.77270225526859
2991	18.166327054847905
2992	18.28641563989858
2993	18.12789514551123
2994	17.92893525041057
2995	18.136441086104583
2996	17.922702601001923
2997	17.94623748449777
2998	17.85511277149033
2999	18.20754860584234
3000	17.82577214426611
3001	18.155178624027087
3002	18.107952618894114
3003	17.657562484193726
3004	18.157527916720714
3005	17.943393489594687
3006	17.910679635941147
3007	18.231396915352605
3008	18.061289906281495
3009	17.96033372211572
3010	17.861751266332753
3011	18.334023146620602
3012	18.216323846899435
3013	18.205709995097173
3014	18.007931630887025
3015	18.154489040699218
3016	17.99622834641339
3017	18.044665618149654
3018	18.178150555969463
3019	18.065290984001006
3020	18.03188759937196
3021	18.22239148565052
3022	18.31843736311233
3023	17.97629948966735
3024	17.97332662587884
3025	18.379222569065274
3026	17.93005439811171
3027	18.0254432817671
3028	18.257105480942702
3029	18.030752963438502
3030	18.056717021290034
3031	17.903669462451226
3032	18.00117592115281
3033	17.95299964321246
3034	17.8240161059696
3035	17.93035538262078
3036	17.959205242037605
3037	17.880535605668605
3038	18.16948411536111
3039	17.78767719123834
3040	18.28677612920827
3041	17.93379038128592
3042	17.733816235542307
3043	17.9998878180648
3044	18.05794867125676
3045	17.92946466199088
3046	17.9372807736268
3047	18.40718092145357
3048	18.05967358496971
3049	18.031514985365842
3050	17.993582595458207
3051	17.87296358028921
3052	17.876498945706377
3053	17.761494541836093
3054	17.83797559465825
3055	17.985734992448382
3056	17.891062830979184
3057	17.784232326463254
3058	17.93925977811895
3059	18.172079622826462
3060	18.031585601430972
3061	17.8408496085931
3062	17.82158039760302
3063	17.854333613970848
3064	18.053546488611985
3065	18.00368780846777
3066	18.30786408262792
3067	17.96192614766193
3068	17.9211314991761
3069	17.801049611430994
3070	17.872760981564742
3071	17.86457473343641
3072	18.056211948766713
3073	18.157173885827223
3074	18.067559048363403
3075	17.93337932227258
3076	18.066393409018694
3077	17.846348369924705
3078	17.91890010186501
3079	18.223621034043056
3080	18.020145039790854
3081	18.123018803788604
3082	17.738480711922325
3083	17.97052675771875
3084	18.00714594062873
3085	17.78071165828095
3086	17.84775638381814
3087	17.957959850345457
3088	18.03212002391005
3089	17.974562534522875
3090	17.989347628975967
3091	17.907776957420168
3092	18.007978236028222
3093	17.79096130178064
3094	18.183217947141365
3095	17.866564561153293
3096	18.21839058127684
3097	18.143925521257454
3098	18.04719605383514
3099	17.993989181193594
3100	18.08016032709317
3101	17.94208087729034
3102	17.85139996353422
3103	17.893990176576427
3104	17.96057401037822
3105	17.990154107565196
3106	17.980740670622108
3107	18.030488744745245
3108	17.842167662755976
3109	18.108434635505407
3110	18.129753920671497
3111	17.997316882363872
3112	18.255800721063807
3113	18.0424387843029
3114	18.18630363224154
3115	18.076941766858415
3116	17.878269824909037
3117	17.99753859041921
3118	17.619327217647417
3119	17.85494574296151
3120	18.02958514651384
3121	17.813337480365234
3122	17.74669939573442
3123	17.64759603793134
3124	18.06540527928206
3125	18.041687877980056
3126	18.110046505086824
3127	17.898310613181394
3128	18.001127933711143
3129	17.75644217086509
3130	17.869041959946944
3131	17.97649843728412
3132	18.16054585724825
3133	17.878674633786147
3134	17.912220231806227
3135	17.789021463298404
3136	17.735770973554303
3137	17.877195003951385
3138	17.79758155784174
3139	17.936619279368614
3140	17.754361213145955
3141	18.126731383400827
3142	17.944486113862215
3143	17.582651620501576
3144	17.785712004006232
3145	17.944587451922292
3146	18.016668544447512
3147	17.966535284287733
3148	17.618663067199922
3149	17.85890145526847
3150	17.84363603103655
3151	18.069634848498772
3152	17.917016426034802
3153	17.830085955266703
3154	17.760694303531757
3155	17.956103794517663
3156	18.091074631118477
3157	17.911917869515452
3158	17.878715617132755
3159	17.844890378684873
3160	17.789886574769877
3161	18.012614023688013
3162	18.12622239172523
3163	17.71157172634801
3164	17.954368445153335
3165	17.828851830663034
3166	17.935009529293133
3167	17.968389888263143
3168	17.939687227270376
3169	17.9750590220468
3170	17.99475715119854
3171	17.818615043132688
3172	17.76736902376173
3173	17.69380286691454
3174	18.029492559452276
3175	17.763474306513324
3176	17.642105758289965
3177	17.708239567916916
3178	17.65423591534064
3179	17.84592372090342
3180	17.67812649948101
3181	17.841760830777528
3182	17.736007775551663
3183	17.78698378772845
3184	17.757243334218728
3185	17.815782052712773
3186	17.917413184416933
3187	17.913636666764006
3188	17.95260027337539
3189	17.72642543860289
3190	17.785097958737634
3191	17.718488424546653
3192	17.79593737704155
3193	17.837361946301268
3194	17.697190895232662
3195	17.959230964341454
3196	17.86660697778815
3197	17.572541314703614
3198	17.623060110589336
3199	17.406556931333157
3200	17.817927983385275
3201	17.55195161044851
3202	17.837750169937838
3203	17.83075933896174
3204	17.824072015629866
3205	17.820900807309638
3206	17.827523665419346
3207	17.561930641941434
3208	18.182289887571134
3209	17.79956857132557
3210	17.903634638749086
3211	17.639643392312653
3212	17.749216918498377
3213	17.8845583390005
3214	17.770626995991165
3215	17.924184729800704
3216	17.678220738072586
3217	17.861576236761906
3218	17.849762266982513
3219	17.57459330920083
3220	17.827730343047005
3221	17.813290473610042
3222	17.80713489144316
3223	17.75934522682906
3224	18.17593137446784
3225	18.000794408792828
3226	17.64149098602865
3227	17.95085942967033
3228	17.50624775160103
3229	17.896644462169366
3230	18.001249145644543
3231	17.63164656359098
3232	17.734783520522466
3233	17.53437518931552
3234	17.456132521518363
3235	17.385080903544814
3236	17.54517572356986
3237	17.947762507526384
3238	17.628726998155138
3239	18.088708878344907
3240	17.45893603363367
3241	17.732300885335395
3242	17.805588749565207
3243	17.659585370104715
3244	17.604680719964485
3245	17.77722345864001
3246	17.801095255307633
3247	17.678817408836863
3248	17.73122774942314
3249	17.747456892568263
3250	17.679748609384387
3251	17.747981923058813
3252	17.426621395877692
3253	17.752872714443306
3254	17.8536031731039
3255	17.570774516118398
3256	17.82982770303796
3257	17.58138606934379
3258	17.84030824530035
3259	17.72341289248186
3260	17.529851305945197
3261	17.57814432242315
3262	17.538085604373755
3263	17.741611857912194
3264	17.866699281794123
3265	17.66228993445007
3266	17.67046511596908
3267	17.721325822609447
3268	17.529993550318977
3269	17.565605904540142
3270	17.622892215365724
3271	17.71625217767608
3272	17.717763812028192
3273	17.71175180474321
3274	17.621916196661033
3275	17.598409116581884
3276	17.4466007782556
3277	17.447423667686298
3278	17.632886000827177
3279	17.71799679319663
3280	17.820755153461526
3281	18.01041614526756
3282	17.778859122307015
3283	17.469735089950934
3284	17.765041690945925
3285	17.772467279261946
3286	17.9072068270702
3287	17.75891438195802
3288	17.741987291290517
3289	17.817089977522862
3290	17.770757919650226
3291	17.485820927461223
3292	17.80139305561396
3293	17.517325984884668
3294	17.77558837731695
3295	17.572869021044298
3296	17.629877393942053
3297	17.661620059369024
3298	17.838532860541708
3299	17.609701714341096
3300	17.53085295109531
3301	17.783557497147093
3302	17.564745478955818
3303	17.701648866724877
3304	17.75502048539493
3305	17.397789719084713
3306	17.59550977126914
3307	17.601252268463575
3308	17.657534787848288
3309	17.587665086394125
3310	17.337331346053734
3311	17.45588434537532
3312	17.331371590431907
3313	17.607127961467672
3314	17.380242182568473
3315	17.659955170364686
3316	17.604116485481153
3317	17.54425109450907
3318	17.46302724772273
3319	17.61881744996854
3320	17.41438892274544
3321	17.688247653223982
3322	17.642601040214345
3323	17.65473646185532
3324	17.547600213238876
3325	17.37854217017363
3326	17.599619282058054
3327	17.55151974670266
3328	17.642783821694525
3329	17.781029932614313
3330	17.50209981452372
3331	17.676009319165995
3332	17.43551096703875
3333	17.082935876248257
3334	17.755451510328818
3335	17.470773637916288
3336	17.663189925588796
3337	17.313982619180997
3338	17.54704328030214
3339	17.90315787785493
3340	17.542442866648436
3341	17.763493142130596
3342	17.4263731544792
3343	17.63842300999933
3344	17.322179446813706
3345	17.575316314607434
3346	17.61770950104253
3347	17.38331762507355
3348	17.641172406494366
3349	17.49702318429823
3350	17.751726304488095
3351	17.660881945101732
3352	17.391005211832393
3353	17.63404347840394
3354	17.73136815915945
3355	17.67153716844138
3356	17.513513436086328
3357	17.70016458368975
3358	17.57874215159589
3359	17.678678694610703
3360	17.437770797828378
3361	17.503390018193375
3362	17.60130063583874
3363	17.260949549801314
3364	17.5590503139482
3365	17.548846635224614
3366	17.80852192745148
3367	17.440055137465546
3368	17.66764453616607
3369	17.610197821403144
3370	17.541405144902907
3371	17.464391737968747
3372	17.648059524977285
3373	17.277381754630316
3374	17.630031092311544
3375	17.929341555208673
3376	17.419486500401682
3377	17.470754959710117
3378	17.47287855589135
3379	17.51476906979565
3380	17.50813758300973
3381	17.400927752400168
3382	17.418773675156626
3383	17.245056057406142
3384	17.90916965190065
3385	17.61138846602374
3386	17.680982372845413
3387	17.549459602033416
3388	17.517072115835468
3389	17.34378329925424
3390	17.608891783548756
3391	17.63351412927283
3392	17.467828501989317
3393	17.57268758595507
3394	17.406802971886457
3395	17.612862137832956
3396	17.30311830769497
3397	17.650756536169094
3398	17.386008638939593
3399	17.518582241200527
3400	17.083886918349496
3401	17.65296508314839
3402	17.18050350290518
3403	17.351252193599766
3404	17.84532591050454
3405	17.33824826613736
3406	17.531453040243772
3407	17.59559507029657
3408	17.625082734574
3409	17.237354707749176
3410	17.660086358715503
3411	17.805118242811826
3412	17.502449992991167
3413	17.606382852599214
3414	17.65941187674785
3415	17.385933849235688
3416	17.71235725205072
3417	17.60409388375105
3418	17.619039682991705
3419	17.623529725629044
3420	17.54608868609279
3421	17.288535105919
3422	17.428842245250078
3423	17.446584714085947
3424	17.72114712043914
3425	17.471630168700273
3426	17.568804230708423
3427	17.70760632630249
3428	17.571954331546706
3429	17.713554738502502
3430	17.431831893878417
3431	17.665171782508526
3432	17.340624486825526
3433	17.5664383755555
3434	17.332819724521276
3435	17.36713718815977
3436	17.223170780586116
3437	17.53516027018905
3438	17.215847881917686
3439	17.52114538390572
3440	17.513132916326597
3441	17.5385582173921
3442	17.589248007987987
3443	17.48404273542048
3444	17.40255485418189
3445	17.46965845852162
3446	17.543091263871922
3447	17.513502262501355
3448	17.434104704785593
3449	17.59493083362455
3450	17.207401123325848
3451	17.411760319797484
3452	17.602700250706395
3453	17.466898165146528
3454	17.391746519816092
3455	17.267453090987942
3456	17.367346163946067
3457	17.554401058542282
3458	17.458934222859664
3459	17.349396481937
3460	17.335646087369494
3461	17.55281554257933
3462	17.391748322376728
3463	17.54637872711768
3464	17.52475174939066
3465	17.67162213291477
3466	17.542043620306437
3467	17.423198175117193
3468	17.550685657194048
3469	17.367932986788674
3470	17.51331243611247
3471	17.65134068972477
3472	17.45139836339497
3473	17.322170459056196
3474	17.510520338361886
3475	17.356795299644205
3476	17.64518719750748
3477	17.338720821880393
3478	17.462168575174356
3479	17.435027383292667
3480	17.49493603074775
3481	17.10293196123612
3482	17.56571398268435
3483	17.392566827981394
3484	17.539164166267852
3485	17.083071360215694
3486	17.299471291161755
3487	17.493310275066523
3488	17.39567002955213
3489	17.463817410918203
3490	17.65836941069797
3491	17.672197229924652
3492	17.47501917268832
3493	17.28294457276238
3494	17.491835317346997
3495	17.437962477407666
3496	17.445979723297572
3497	17.362611214340095
3498	17.679517714484604
3499	17.581703266800194
3500	17.544237546003544
3501	17.203913741384895
3502	17.424104922848255
3503	17.456866319579554
3504	17.520838106118248
3505	17.291985264302273
3506	17.334294893931194
3507	17.266038831954763
3508	17.43718712410451
3509	17.24170953585284
3510	17.40335113899606
3511	17.50277322792708
3512	17.714593030036628
3513	17.48422915976975
3514	17.43266329517684
3515	17.414277284339143
3516	17.730711378845232
3517	17.4312482796367
3518	17.43627264152121
3519	17.400415177437235
3520	17.40843622116395
3521	17.187838174644273
3522	17.314643458193544
3523	17.39043203560826
3524	17.619758571617645
3525	17.543695664263275
3526	17.41629092387193
3527	17.763966847113362
3528	17.460174411552682
3529	17.52269646631623
3530	17.41362415503179
3531	17.391405747226287
3532	17.713123896503536
3533	17.54844339218907
3534	17.240325181028687
3535	17.58067519706188
3536	16.874262604076694
3537	17.435118421676872
3538	17.399827182634514
3539	17.43787383506377
3540	17.599438592591156
3541	17.260984044751996
3542	17.487756389368563
3543	17.37610221671325
3544	17.219158602782908
3545	17.539427148054454
3546	17.19138122053876
3547	17.25358323391378
3548	17.294018576992325
3549	17.377052187847195
3550	17.473855847487272
3551	17.473022848684387
3552	17.412779894271644
3553	17.58485923543924
3554	17.31344718516792
3555	17.16717191793784
3556	17.304317722113808
3557	17.448187961935364
3558	17.292722951395604
3559	17.10638414914676
3560	17.380545655959935
3561	17.205406282866747
3562	17.260861306456718
3563	17.30093732633454
3564	17.425905959748267
3565	17.17899873137247
3566	17.29826127362867
3567	17.193319672191727
3568	17.122268683062593
3569	17.1312274053395
3570	17.585256296688865
3571	17.434039056202735
3572	17.364994872623623
3573	17.418722812569204
3574	17.372352250765964
3575	17.26440551266587
3576	17.34240336480234
3577	17.30972085319443
3578	17.442913064292696
3579	17.405996598363178
3580	17.320159868904078
3581	17.462122855123823
3582	17.2454369967654
3583	17.485389016312073
3584	17.250259135362935
3585	17.535763604515044
3586	17.48455912585725
3587	17.27971009558621
3588	17.40369524124543
3589	17.236887320353688
3590	17.129219586972507
3591	17.37160621192005
3592	17.45627335097287
3593	17.256293286063023
3594	17.018692148413784
3595	17.3659783248528
3596	17.124927082629608
3597	17.296209560770084
3598	17.363793778960797
3599	17.270508200740636
3600	17.348732634028238
3601	17.221571868366993
3602	17.577090643523164
3603	17.46488000788168
3604	17.280981873186462
3605	17.308947014464817
3606	17.344343314182524
3607	17.346974277082506
3608	17.465887651707664
3609	17.31303351747932
3610	17.788004544073388
3611	17.358964303462773
3612	17.467820685722973
3613	17.32423128831498
3614	17.37546042375503
3615	17.45570908634311
3616	17.502739107337472
3617	17.157518619789208
3618	17.086761764115764
3619	17.003621756936685
3620	17.48659051606685
3621	17.190624657159866
3622	17.296252187177565
3623	17.464121789622208
3624	17.219357753965816
3625	17.299687230152614
3626	17.28868122833753
3627	17.201495504645607
3628	17.215718028776536
3629	17.238217407897398
3630	17.30378869044076
3631	17.241650665697883
3632	17.31590723350518
3633	17.014552645342466
3634	17.199232002972185
3635	17.103195734540606
3636	17.270201722519243
3637	17.077536957676504
3638	17.433999544599242
3639	17.343201986519613
3640	17.16211898348534
3641	17.348705550521945
3642	17.364862324951595
3643	17.138708533847574
3644	17.4110497975616
3645	17.39027851794576
3646	17.43381790986589
3647	17.473602761574664
3648	16.970755269977126
3649	17.32836774695515
3650	17.451524868117595
3651	17.388295717384274
3652	17.389122205945412
3653	17.5536778249952
3654	17.316778780246683
3655	17.13555372445109
3656	17.221583288189816
3657	17.078562798354795
3658	17.346505746103166
3659	17.17632423237349
3660	17.154666869663462
3661	17.380656967481595
3662	17.09812756282006
3663	17.30057781956962
3664	17.170821736004633
3665	17.455082534824513
3666	17.30409944848446
3667	17.200502602642
3668	17.264301211764177
3669	17.383704381309123
3670	17.10363459557973
3671	17.43338856966343
3672	17.079038249263533
3673	17.325290248252234
3674	17.365864985067027
3675	17.23531806880221
3676	17.16105134426227
3677	17.048431045059
3678	17.27581873209336
3679	17.168820106655808
3680	17.30027068520576
3681	17.3980435351436
3682	17.23888938146403
3683	17.456915980411317
3684	17.16211171773103
3685	17.34074633403872
3686	17.39556047752778
3687	17.193388194000487
3688	17.332923092316406
3689	17.173913173058562
3690	17.07775315167489
3691	17.31179276567367
3692	17.10879301492365
3693	16.784552011861418
3694	17.313752622070155
3695	16.880260727388556
3696	17.12653344976122
3697	17.18240316847314
3698	17.585286361614727
3699	17.199636294479745
3700	17.203449827854246
3701	17.318088610876888
3702	17.164126575751055
3703	17.228588156308792
3704	17.13880407210874
3705	17.232518219687815
3706	17.456604455827296
3707	17.4638441698245
3708	17.211989435998994
3709	17.245393677616942
3710	17.33846551736754
3711	17.11859758528828
3712	17.305051678632076
3713	17.417583026616065
3714	17.376834398423657
3715	17.069199681317762
3716	17.089292413267295
3717	17.21423310804018
3718	17.09718598771664
3719	17.074528789368966
3720	17.04861587910174
3721	17.286235200258016
3722	17.126428770071495
3723	17.36595556396036
3724	17.166593426053733
3725	17.015534351490615
3726	17.013809345280514
3727	17.192364412816257
3728	17.047553891928963
3729	17.286793145089963
3730	17.284481096538823
3731	16.915593165040864
3732	17.331296823330593
3733	16.790525822219664
3734	17.2068141280429
3735	17.219588638626515
3736	16.884057244151638
3737	17.09647979501359
3738	16.956144490248214
3739	17.026017910764807
3740	17.12967936379717
3741	17.584965351762996
3742	17.112788349222765
3743	17.269056347781557
3744	17.163979716877478
3745	17.275594593585875
3746	17.22211148672521
3747	17.382366057053385
3748	17.174752609650678
3749	17.17877409498087
3750	17.301415536018975
3751	17.457520176009897
3752	17.5824013738487
3753	17.045747543780752
3754	17.186274819036463
3755	17.182929820951532
3756	17.077341325324447
3757	17.194989940704897
3758	17.099082610581483
3759	17.28924625889767
3760	16.952081489479923
3761	17.180926651192614
3762	16.905325348993802
3763	17.052715157505908
3764	17.078713617307404
3765	16.797709636907037
3766	16.87420253246766
3767	17.05965576057562
3768	17.275762717156404
3769	17.12389124656166
3770	17.094977156013382
3771	16.877161351639106
3772	17.05897599093302
3773	17.33277182955693
3774	16.994046264948917
3775	17.186448098696065
3776	17.14176609077519
3777	17.334576455612783
3778	17.090124284993546
3779	17.066096590854443
3780	17.67466663502709
3781	17.236374118526502
3782	16.938791572479566
3783	17.277583759221905
3784	17.355321390724267
3785	17.1901071952661
3786	17.18359370931335
3787	17.16026105035815
3788	17.214473052342573
3789	17.238862100685626
3790	17.225971329036433
3791	17.1346483623493
3792	17.173857362335806
3793	17.202865536054958
3794	17.271042345168066
3795	16.91837711600734
3796	17.188372657375286
3797	17.16498248905375
3798	17.350511964250448
3799	17.184247178670987
3800	17.47286703753871
3801	17.1133691732938
3802	17.29259134467366
3803	17.12343262549897
3804	17.394723431196994
3805	16.94853820514305
3806	17.260492913522203
3807	17.14245400444682
3808	16.965234786397065
3809	17.294375132041115
3810	17.054530960593016
3811	17.174870244850837
3812	16.982078596829954
3813	17.264370549192662
3814	17.190800042228712
3815	17.312584429181136
3816	17.473495627889054
3817	17.576469261731756
3818	17.09969150835497
3819	17.05615355051484
3820	17.380452911228343
3821	17.12988110969977
3822	17.26917178854395
3823	17.1169327862039
3824	17.4278856733594
3825	17.062037160986506
3826	17.208618997035718
3827	17.101431280434962
3828	16.97615477082797
3829	17.012659324932624
3830	17.28185475016185
3831	17.08776005854927
3832	17.26993543802982
3833	16.942730488705667
3834	16.959140859145027
3835	16.9919660722799
3836	16.901580498180298
3837	16.965397973730457
3838	17.12387479512009
3839	17.187135529298576
3840	17.06716628395969
3841	17.32557758628382
3842	17.118954713175622
3843	17.035603550210585
3844	17.015886627208687
3845	16.933671862583992
3846	17.228648496639824
3847	17.1788451337847
3848	16.892834197785387
3849	17.19720632731043
3850	17.001189952430735
3851	17.07423544914081
3852	17.031228784506766
3853	16.99367864574545
3854	17.083863759860627
3855	16.89073775715871
3856	17.170191513594915
3857	17.041082012420862
3858	17.252368614175825
3859	17.138886823730395
3860	17.131369282506377
3861	17.0760981594588
3862	17.243144741032047
3863	17.120843027562174
3864	17.13764245417101
3865	17.1601384138187
3866	17.243210795516298
3867	17.161100382871204
3868	17.073582085962276
3869	17.115135046054398
3870	17.11212469868734
3871	17.214091164064723
3872	17.21344113586758
3873	16.91088576039234
3874	17.092606294374345
3875	17.114699368759037
3876	17.038590815353796
3877	17.100534156299656
3878	16.946334063025617
3879	17.15919672989042
3880	16.977982409175223
3881	17.23146000966862
3882	16.836759485246855
3883	17.028253786485845
3884	16.979456917529397
3885	17.14213973872835
3886	17.161605786635192
3887	17.19614910417867
3888	17.012025310515746
3889	17.12198547487725
3890	16.975903175487993
3891	17.075497714147705
3892	17.24940394977344
3893	17.069185882001555
3894	17.090038519500727
3895	16.74415913235242
3896	17.154826184055757
3897	16.956040856953564
3898	16.926399975047584
3899	17.030121251893718
3900	17.22711321735539
3901	17.153055891862934
3902	17.299335584310484
3903	16.91768012484254
3904	16.79652449479352
3905	17.0758574567388
3906	16.949987547093265
3907	16.6723997676858
3908	16.952675569639677
3909	17.11203827779246
3910	17.22225179833928
3911	17.412474953532133
3912	17.16116893503787
3913	17.016611123543626
3914	17.00012597677095
3915	17.08699671361862
3916	17.16247661001707
3917	17.016000138950943
3918	17.08727879420819
3919	16.95377054049884
3920	17.08760602653545
3921	17.02343715962952
3922	16.830867943450855
3923	16.843529008474043
3924	17.31984075926579
3925	16.951786198530726
3926	16.96202699400507
3927	17.283627610516067
3928	17.021040860748617
3929	17.082838961168182
3930	16.77049975225884
3931	17.01551730581098
3932	16.9935517288977
3933	16.793678847009243
3934	16.927729858951206
3935	16.876400347398754
3936	16.912418011177323
3937	17.00504074745515
3938	17.067623861463602
3939	17.09955708192631
3940	16.837996298656737
3941	17.25538820907712
3942	17.172786963764604
3943	17.0333289313168
3944	17.025927021904128
3945	17.133158256028413
3946	17.144099259179654
3947	16.878099093580367
3948	16.962952893073815
3949	17.094555630693925
3950	17.178263272941532
3951	17.01186621281742
3952	17.16015615169835
3953	17.205127911030118
3954	17.145005706202692
3955	16.92953635379364
3956	17.30251301404494
3957	17.086916427466832
3958	17.102897581122967
3959	17.105756997267836
3960	16.833525431276595
3961	17.003984130529524
3962	17.027328796392652
3963	16.780047062424543
3964	16.883717092916136
3965	17.33132947245539
3966	17.17462647182623
3967	16.967147311722787
3968	17.141323127027988
3969	17.15804103959823
3970	16.909371756171407
3971	16.99045240533924
3972	16.715512526419786
3973	16.836407415861885
3974	17.23476364004846
3975	17.15268100211802
3976	16.87937296289349
3977	16.84192280872542
3978	16.950239729988528
3979	16.88839406736699
3980	16.850919782914243
3981	17.015141292883065
3982	17.095220482389063
3983	16.915710316317767
3984	17.05021381379654
3985	17.0016195953785
3986	17.02774510278674
3987	17.23853614306587
3988	17.030432200576136
3989	16.85228160975272
3990	17.142033072247173
3991	16.73861126320392
3992	16.87911689167981
3993	16.926615322465782
3994	16.83487174625674
3995	17.23831253107343
3996	17.098345371462976
3997	17.154893516174567
3998	17.062262500100484
3999	17.007352529435256
4000	17.089330840850458
4001	17.120749169076525
