1	67.85323766684472
2	64.27459363788842
3	60.8885239259132
4	56.955672495673085
5	54.081706866115276
6	51.26400121482172
7	47.59107473606734
8	45.650501439056
9	43.502639155367156
10	40.98769276716371
11	39.443783407331566
12	37.820807118577
13	36.60786315630703
14	36.632827363114224
15	35.54007609941041
16	35.38908043229912
17	35.12972974713481
18	35.28824840121207
19	35.34759093340859
20	35.557543384080695
21	35.72024210837675
22	35.98390888524206
23	36.13563312299398
24	36.4121298554453
25	36.441771001607336
26	36.4793343035386
27	36.087819267658055
28	36.26941053394876
29	36.315397288404235
30	36.10680137859347
31	36.09499710054629
32	35.82311787836053
33	35.899125391948544
34	35.66461608662839
35	35.48876491895158
36	35.709961309444765
37	35.690811237532685
38	35.57905267238939
39	35.545723040822544
40	34.91666298612546
41	35.316618355252736
42	35.32325654377201
43	35.13725804128228
44	35.1029264416675
45	35.348602177172026
46	35.2469869281912
47	34.97981665745056
48	35.33124752440429
49	35.32044398420374
50	35.17289195665885
51	35.13652745017132
52	35.18417899776329
53	34.95759879395274
54	35.4814714765621
55	35.096268875339135
56	35.297991707075724
57	35.12419583144499
58	35.11950740919952
59	35.32915455989315
60	35.27892014142319
61	35.02256826418079
62	35.47794541122014
63	35.38762996981285
64	34.917202262102045
65	35.26911238399982
66	35.337645802947144
67	35.24853775171486
68	35.14807409412913
69	35.12867833721799
70	35.14996451514651
71	35.30791653180711
72	35.206114842148494
73	35.04468945696148
74	34.96114824563617
75	35.16407378814221
76	35.10447598483868
77	35.03776758574901
78	35.1981995289269
79	35.34904406166466
80	34.881626604901385
81	35.13496432470847
82	35.380051973330595
83	35.48545823194359
84	35.12392753754992
85	34.89052994006351
86	34.967752175452254
87	35.243316024804855
88	35.024796583967614
89	34.95385357536387
90	35.17384913053638
91	35.13979663745912
92	34.940054915239465
93	35.575156671773456
94	35.150971701934964
95	35.11340666735221
96	34.63335548874739
97	35.21896725593014
98	35.071815007056436
99	35.20444855757844
100	35.1094717534487
101	35.3614335315475
102	35.09388589499589
103	35.13367640594672
104	35.23475072773796
105	35.4795305206274
106	34.84993188389417
107	34.86863533107352
108	35.15368633821173
109	35.22480403814972
110	35.21832301909544
111	35.170729335195865
112	35.154008411965485
113	35.12780232122589
114	34.69623917893107
115	35.28558129303232
116	35.06276657668918
117	35.0941425387349
118	34.53444088308113
119	35.28671883381013
120	34.60825127308595
121	35.30142117674808
122	34.780389100399304
123	34.92759459363404
124	34.83963478530666
125	35.09947653028239
126	34.914059079699896
127	35.39902777412489
128	34.88007344654961
129	35.050812998349485
130	35.15541282276624
131	34.63820115265992
132	35.19253692764665
133	34.897036208210565
134	34.81775646547739
135	34.90094618203174
136	34.691956604369196
137	35.031261745703645
138	34.962948609799724
139	35.10892895669693
140	34.846271668932765
141	34.90805461798475
142	35.43468485011899
143	34.99198995014787
144	34.91821130703893
145	35.066515329830295
146	35.13835269215183
147	34.720662532180306
148	34.87370588864208
149	34.66383143444587
150	35.16477545268515
151	35.18776432988064
152	34.786307415632955
153	34.72780730791437
154	34.77002875818241
155	34.99168722176581
156	34.90445108788939
157	34.82918002137609
158	34.98050416344967
159	34.773550186631205
160	34.48310227219981
161	35.070650070318614
162	35.059685428393315
163	34.86392338058831
164	34.791305733945194
165	34.75475975245655
166	34.77912870711825
167	34.77303737294478
168	34.755763576019824
169	34.76591192398246
170	34.8730641836761
171	34.794782541604114
172	35.05055404113158
173	34.681167133548385
174	34.75226121151227
175	34.52644593716745
176	34.744033514560364
177	34.92779172704541
178	34.93247899908811
179	34.50502358776038
180	35.01658346835702
181	34.57875591043907
182	34.70626986734673
183	34.49950521039675
184	34.80106290171542
185	34.53853630633786
186	34.37985071402832
187	34.61380289992097
188	34.65888350478226
189	34.71160241676218
190	34.45441584693439
191	34.525997426353925
192	34.516751007147356
193	34.792578381188456
194	34.433074845621746
195	34.681298170362496
196	34.56901156704891
197	34.74164776525739
198	34.559901091242736
199	34.34639430637441
200	34.74958577830644
201	34.28119220676534
202	34.08637621981169
203	34.49657841573066
204	34.25059430791387
205	34.27318864327896
206	34.219504309174134
207	34.34163160751784
208	34.07020826899576
209	33.87678456907413
210	34.10792379170858
211	34.35901314360769
212	34.132799920996106
213	33.9387807858188
214	34.172288082775076
215	34.2342231278668
216	34.43031910590907
217	34.32988294894929
218	33.97159309981308
219	33.91938320482206
220	33.805105619796436
221	34.07588671015728
222	34.25123493323119
223	33.867859430957836
224	33.54863294470983
225	34.11452837732613
226	33.804007813254465
227	33.945037058907715
228	33.81916120370027
229	33.415121778898325
230	33.72025293860742
231	33.4662031019475
232	33.62638308768386
233	33.67119882190561
234	33.76971693240885
235	33.73370306017334
236	33.51502687218552
237	33.24506835299421
238	33.278036533531846
239	33.59157007607812
240	32.92537155035272
241	33.37759770100026
242	32.97517207290367
243	33.22826768988439
244	32.7834971194587
245	33.132098616569
246	33.17473636477676
247	32.51706799667603
248	32.623204818729995
249	32.71776927921718
250	32.727356595601414
251	32.914811917047764
252	32.63113628770036
253	32.760925430556185
254	32.60417278905577
255	32.694180645839054
256	32.48206639250371
257	32.87290807099562
258	32.530711491033465
259	32.19736693260723
260	31.99400402207477
261	32.10732019887793
262	31.99195240124136
263	32.15251796865024
264	31.89931172254059
265	32.00417794240333
266	31.91711053225765
267	31.688333970719643
268	31.827511889209113
269	31.756531332193713
270	31.551733264426698
271	31.354028535847636
272	31.561258393803694
273	31.466874093900838
274	31.510016094525128
275	30.833342814935985
276	31.465540533857396
277	31.02650027555277
278	31.38816392925738
279	31.050503363787577
280	31.455394432699723
281	31.122359979035647
282	30.93453775948359
283	30.657370185574923
284	30.705186959868914
285	30.99123110481688
286	30.57860209973996
287	30.993652593141384
288	30.483907265660854
289	30.271710997916653
290	30.339362525592268
291	30.62220023385109
292	30.419525016026984
293	29.830878997069853
294	30.053009036817304
295	30.028970819598616
296	29.86927307229984
297	29.56209693687107
298	30.00693027692664
299	29.94923098445549
300	30.058488322705134
301	29.935696885461983
302	29.761541258051846
303	29.734401609556716
304	29.5898955392689
305	29.506618792215953
306	29.382212788575217
307	29.06286743043102
308	29.62831718155794
309	29.711857919448867
310	29.5006314910629
311	29.37485879350217
312	29.12875900186244
313	29.180117779818623
314	29.344016676851194
315	29.012786318811205
316	29.083046067900376
317	28.785684820376225
318	29.19114296328273
319	28.9035276565483
320	28.663950940267984
321	28.614628649203773
322	28.899600562134705
323	28.657448103900506
324	28.391778877562363
325	28.496038782072798
326	28.789264027354356
327	28.563767804793773
328	28.34410656957771
329	28.437721998619615
330	28.55625658984275
331	28.72141203276346
332	28.324787856294876
333	28.51406567584327
334	28.3280292763464
335	28.732127571337543
336	28.054641005842708
337	28.232211484727184
338	27.97770193591062
339	27.906064024306765
340	27.819328679257268
341	27.93641143085548
342	28.199428576205865
343	27.657998311628997
344	28.12575225703576
345	27.743614151917736
346	27.628175161611125
347	27.432512808756055
348	27.600505315737653
349	27.15551287803325
350	27.806603848594303
351	27.742762185649504
352	27.501413091894296
353	27.714385224107122
354	27.231413395526026
355	27.6878226546468
356	27.195226170514648
357	27.221449642722487
358	27.417283853413725
359	27.471259632685303
360	27.26251134337909
361	27.204831991653442
362	27.576733887046583
363	26.90608144818748
364	27.12485817210164
365	27.053288064943978
366	26.905934759081934
367	27.111615872986906
368	26.933044317408463
369	27.027887137153048
370	27.00484322600002
371	26.89756169318196
372	26.510115094105064
373	26.778059191218002
374	26.59351011512459
375	26.66272100081031
376	26.507639660735293
377	26.516264678127783
378	26.760565285179364
379	26.56178407229868
380	26.68320684892111
381	26.32044287324011
382	26.634942111425705
383	26.0938650013958
384	26.51750788036101
385	26.827502553431586
386	26.50635230339426
387	26.522162850832512
388	26.24325051400309
389	26.457124853890594
390	26.284108034072226
391	26.078451172680296
392	25.736256268321593
393	26.204238353725458
394	26.026756727980615
395	26.35948287928596
396	26.365071891427384
397	26.375852952248376
398	26.31706806333002
399	25.8654297101144
400	25.760380729261776
401	25.69767810857258
402	25.985765334213855
403	25.31145692995755
404	25.791555301393156
405	25.941312863763468
406	25.798097781746808
407	25.312369710847246
408	25.964768233991737
409	25.739686595370074
410	25.82770470900979
411	25.813805583155172
412	25.610382830005285
413	25.71632551094263
414	25.37624309682941
415	25.67140188579663
416	25.27442051139055
417	25.499196602650965
418	25.270415454239238
419	25.358117432170975
420	25.540500678490137
421	25.449534067446663
422	25.17644756440098
423	25.26333806016229
424	25.42794185760471
425	25.014911488724675
426	25.14007950616661
427	25.17223212600248
428	25.08094758298425
429	25.32811571139216
430	25.181206689554127
431	25.259658915636834
432	24.90827860948895
433	25.62181329379744
434	25.392444355254202
435	24.81806904621323
436	25.175352597301643
437	25.155077943642716
438	24.71924328723684
439	25.15215033734772
440	24.828681312522264
441	24.8355212119214
442	25.07994522203753
443	25.014241040753163
444	24.423748069851282
445	25.066023648116005
446	24.725164205090607
447	24.639832500276956
448	24.589555108772128
449	24.90452097074297
450	24.88812363483819
451	24.70333375485212
452	24.94587524472616
453	24.466924719862078
454	24.84867568095845
455	24.630741203640444
456	24.741355221666307
457	24.634545345249222
458	24.27475098143871
459	24.444542264743216
460	24.35080398070917
461	24.35742057054283
462	24.705157676369442
463	24.33574084259158
464	24.273458073051426
465	24.54405301546087
466	24.086451793731428
467	24.605364632094407
468	24.394610655405284
469	24.22924049187948
470	24.489877826953705
471	24.553991437019235
472	24.072846917107015
473	24.23329295233499
474	23.977382773730007
475	24.278251729118217
476	23.908916158526562
477	24.12429571139514
478	23.991128793582444
479	24.06588182541939
480	23.60960112632744
481	23.992110005492496
482	24.07253782364541
483	24.03545731271763
484	23.776649577835457
485	23.487188883032168
486	23.89129244928868
487	23.983430353322298
488	23.73844594385752
489	23.82525189481273
490	23.840260066492014
491	24.064110573937583
492	23.757277445706187
493	23.700563069807387
494	23.740952372588918
495	24.158055018037775
496	23.821785620665658
497	23.229926490194664
498	23.86720942360268
499	23.619186641411154
500	23.798446077062707
501	23.49365091923722
502	23.615886298142197
503	23.70779794291211
504	23.51862471128154
505	23.854601367693913
506	23.89966486538185
507	23.620677259858798
508	23.78158236781679
509	23.635772663647817
510	23.29547303227253
511	23.21975724143155
512	23.60896963762166
513	23.916848956116418
514	23.421320793854367
515	23.610923515676664
516	23.430030315892125
517	23.293495229257275
518	23.21903958282295
519	23.551517630739802
520	23.328467647708248
521	23.30667633689699
522	23.345823916617103
523	23.34364208898282
524	23.40447627908618
525	23.278197242915958
526	23.06901296606588
527	23.024044964122304
528	23.158971292356494
529	23.193895108904986
530	23.16732668804727
531	23.132792093082443
532	23.195562024368478
533	23.264100632456547
534	23.348756818706992
535	23.055698026863187
536	23.357824984368282
537	23.20794962550331
538	22.960912735962836
539	23.06207066552296
540	23.012458510816135
541	23.194696278913753
542	22.891925295551907
543	23.12570470612094
544	22.896662615012612
545	22.987164636259415
546	22.93477572057939
547	23.07013912580284
548	23.15225860998039
549	22.908470454636078
550	22.70845879992387
551	23.001605151639687
552	22.724642956048662
553	22.907685570679305
554	22.93435841527608
555	22.78677122597169
556	22.433574334401047
557	23.2350050980526
558	22.994617683850343
559	22.827905582870805
560	22.593122229895897
561	22.507010391669482
562	22.533173931885035
563	22.63894489972572
564	22.708974202995247
565	22.690348114032794
566	22.577591614104197
567	22.492150349619312
568	22.478177982222107
569	22.360989116018473
570	22.54668223495239
571	22.888385506146047
572	22.671027281371195
573	22.450326024308332
574	22.67080138656602
575	22.480201464554458
576	22.65751359532082
577	22.426036461346484
578	22.29094701818827
579	22.500207265086765
580	22.525266116468003
581	22.276061475321463
582	22.54627784489103
583	22.346562909309053
584	22.2274540848236
585	22.32718686717633
586	22.596342741110337
587	22.36812458765391
588	22.16906813557336
589	22.139204164727694
590	22.350689734204167
591	22.373129443322824
592	22.321983618239955
593	22.342820921136298
594	22.044562832481194
595	21.958114563368763
596	22.459030800854375
597	22.54211032216255
598	22.033106438216887
599	22.244957848944168
600	21.8626043485843
601	21.88738364043615
602	22.072205525681355
603	22.21386978175022
604	22.043039231975897
605	22.30027165301538
606	21.972302489120416
607	21.968002587826163
608	22.131005553744153
609	22.052744944284647
610	22.163010748372873
611	22.046225265372843
612	21.68080059850714
613	22.208587328384667
614	22.173736683491448
615	21.8077545930555
616	21.977883593839664
617	22.06711526262412
618	21.942126125319575
619	22.224930862801223
620	21.937836780886222
621	21.841449018314027
622	22.0126387740121
623	21.653243932710534
624	21.729412942669644
625	22.209880553742767
626	21.8765351749452
627	22.03319319862232
628	21.508225762847882
629	21.989101975137
630	21.79176270003025
631	21.52383809117426
632	21.966709672064425
633	21.802644404484624
634	21.97841466026392
635	21.887163859818063
636	21.67998733767639
637	21.699308722971587
638	21.534259574364192
639	21.92586798479841
640	21.69396566129282
641	21.638598101886647
642	21.585084501717077
643	21.3686751361709
644	21.840271442743255
645	21.790528235468837
646	21.626008166621947
647	21.76900177036359
648	21.631294076760167
649	21.51963204309055
650	21.599135903197787
651	21.163149420867875
652	21.51443201623712
653	21.408758918280576
654	21.700531221284695
655	21.466282295591657
656	21.30102593662654
657	21.443260250207064
658	21.230239473023722
659	21.35529859530026
660	21.217483589441553
661	21.40521504444352
662	21.361965369326516
663	21.45019243711361
664	21.711709523231168
665	21.78450749526675
666	21.281715136270552
667	21.340705644021526
668	21.34035693915344
669	21.594148588885968
670	21.258977876766632
671	21.44390303550515
672	21.275340105461485
673	21.518182947061195
674	21.264413592408967
675	21.284084875609828
676	21.43788513761431
677	21.42491835766676
678	21.517944352292407
679	21.132322809179072
680	21.297058334491837
681	21.156755003761315
682	21.107709936161037
683	21.020953465070637
684	21.38551421545192
685	21.131791476378513
686	21.41714789446015
687	20.861945165502767
688	21.064117904863213
689	21.167962362045383
690	21.229485496519313
691	21.114629108457613
692	21.30078355531376
693	21.242978241273025
694	21.230609777421396
695	21.01984261429301
696	21.048304834234482
697	20.891235510501343
698	20.978187575727635
699	21.36785390300413
700	20.944535609609098
701	21.319635134641654
702	20.95347034265684
703	21.145360350791265
704	21.27181615839503
705	20.98458982742893
706	20.8705304407724
707	21.039688161896084
708	21.262783912754674
709	20.86110506467856
710	20.930768162197847
711	21.095450250301173
712	20.73795997190492
713	20.919897893779076
714	21.207461167265258
715	20.762642347654477
716	20.581788650885038
717	21.163961863584518
718	20.955388558877146
719	21.071344164562145
720	21.044247304418995
721	20.584168187574136
722	20.647240550660452
723	20.751018196405504
724	21.09448065391909
725	20.752009469024244
726	20.843323684233866
727	20.8137022211689
728	20.821511202130115
729	20.583542072857025
730	20.87370476220016
731	20.969055271633145
732	20.889911445503554
733	20.57238541807252
734	21.077209152278442
735	20.892303335630217
736	20.808596620392933
737	20.565271327437035
738	20.553049931125177
739	20.707630220393177
740	20.52650813464775
741	20.3321364575987
742	20.77183239664377
743	20.527964046334468
744	20.657052762238568
745	20.772878973231897
746	20.59598858143247
747	20.952121608776345
748	20.707047584750466
749	20.7625562549328
750	20.52308855651124
751	20.792918066590943
752	20.582856846560144
753	20.45500788626839
754	20.603689671504547
755	20.798204049855865
756	20.72922854434177
757	20.486034627667827
758	20.63998732159969
759	20.484444414670104
760	20.522255569490785
761	20.85726710603883
762	20.470280054872106
763	20.663923216319663
764	20.53365587817288
765	20.508047030036792
766	20.678646221269823
767	20.744469248061463
768	20.475622539112496
769	20.634489721430448
770	20.49464732547286
771	20.484977465310475
772	20.4797815921188
773	20.298860552733945
774	20.271806253763774
775	20.43368276572912
776	20.421660066550473
777	20.297738958213415
778	20.292635462898595
779	20.406491539529963
780	20.401558948463148
781	20.288131789386696
782	20.709779734594903
783	20.332478531149153
784	20.463919434997884
785	20.42469061331617
786	20.517941618995504
787	20.48782744866689
788	20.26092152575646
789	20.567592195051734
790	20.26081620757064
791	20.390260088203938
792	20.24164293307311
793	20.305089306761552
794	20.291014563547655
795	20.38391879356935
796	20.198506363460083
797	20.608278156988302
798	20.252629948248124
799	20.17344834799813
800	20.2265606315158
801	20.350681425300326
802	20.20230676639888
803	20.520135100007284
804	20.38728600851775
805	20.145119717177426
806	20.27065403954121
807	20.052193138783643
808	20.059262649416304
809	19.987171030294082
810	20.51386653710299
811	19.92800027015404
812	19.85102331973946
813	19.969501875581468
814	20.11721913941063
815	19.889592701002833
816	20.01038591812989
817	20.016410665050902
818	20.20337713875234
819	19.69879890918582
820	20.214318087208078
821	20.607668660083295
822	20.169998132711328
823	19.965046061694856
824	20.066007542667585
825	19.92156696689271
826	19.744694618348873
827	19.827065304133328
828	20.16557478336671
829	19.95123354490517
830	19.845117427208184
831	19.982974455513485
832	19.629108921692502
833	19.9660815972045
834	19.922637420202882
835	19.686039510222425
836	20.026703097735783
837	19.808560881229784
838	20.15645057012366
839	20.063947238684914
840	19.913256191082226
841	19.545061590485798
842	19.886786739511862
843	20.072098732121773
844	20.067807112568865
845	20.126107188637963
846	20.00257404206613
847	20.16583284980166
848	19.74112745422828
849	19.736708341648164
850	19.52835761042441
851	19.988402288992553
852	20.038736683883617
853	19.90436620931192
854	19.83100146429772
855	20.008802416491033
856	19.543166049476795
857	19.490087678852838
858	19.865154015253967
859	19.788729903801112
860	19.78789043511689
861	20.084595217122878
862	19.779342571655558
863	19.980950728584194
864	19.83480157251588
865	19.851758779890634
866	19.755507553940973
867	19.760625088608638
868	19.873256417799666
869	19.646085827215924
870	20.00904814954844
871	19.926025661116572
872	19.766738028645538
873	19.78379290332802
874	19.69053191869554
875	19.450521618617767
876	19.629253278800864
877	19.715387260600956
878	19.553348257222197
879	19.80168373985148
880	19.664983376336362
881	19.73646263094487
882	19.59855286770008
883	19.884291122433936
884	19.79007158218519
885	19.686781782666557
886	19.713146680508316
887	19.85849508949019
888	19.624484668802015
889	19.73353637717029
890	19.81054567567391
891	19.536845265079545
892	19.850401256916417
893	19.541680232533956
894	19.758754989662773
895	19.681067054282757
896	19.54315259749989
897	19.52839877743617
898	19.76329459548057
899	19.599322717651024
900	19.698743688993403
901	19.473149130649904
902	19.648101324084205
903	19.275220289500425
904	19.57344871392139
905	19.313735114314735
906	19.584483734847627
907	19.404917192762756
908	19.620064060825726
909	19.33076957745369
910	19.36546757915084
911	19.349980322111303
912	19.62767313222787
913	19.4607052288303
914	19.26850802529746
915	19.46303624658226
916	19.644778274340528
917	19.601027127272616
918	19.279983762597162
919	19.360515261948237
920	19.667027064250814
921	19.35105327090901
922	19.37496690468283
923	19.189952119497143
924	19.10446692243139
925	19.505316329257496
926	19.21209872446526
927	19.328369547835248
928	19.47912679129385
929	19.390434514623532
930	19.369461639710007
931	19.452404412998465
932	19.41120837745441
933	19.62431183080138
934	19.543815952076724
935	19.214965300781408
936	19.42656279943715
937	19.291323977073898
938	19.465445168736174
939	19.389673697155665
940	19.24084559439735
941	19.408774122273712
942	19.569343135277553
943	19.133514519931595
944	19.296208740674253
945	19.175215284295607
946	19.198771916330152
947	19.221355964671375
948	19.288957327228815
949	19.250140526103525
950	19.37598361328908
951	19.540932712569774
952	19.087276051374946
953	19.201133962900165
954	18.98733986260773
955	19.220401218585824
956	19.11098363486811
957	19.217698002288476
958	19.09064012974702
959	19.21477514523728
960	19.16737260289611
961	19.26245912642618
962	19.21005201297669
963	19.23433380647508
964	19.2110047990579
965	19.131211293079986
966	19.38701733104782
967	18.953926003385934
968	18.74255663643401
969	19.041520835680124
970	19.167280211218458
971	19.342136869341427
972	19.038386944961132
973	18.87564749580268
974	19.21574348638865
975	19.499381714799153
976	19.097510281725498
977	19.269158692101797
978	19.08362878163468
979	19.04495217098109
980	19.050627822034812
981	18.965247811690304
982	18.92099794728874
983	19.10723616169584
984	19.01702404734043
985	19.278912171691665
986	18.89489805884651
987	19.115591409877045
988	19.00630793567763
989	18.999070168983096
990	19.009959862540693
991	19.043585408851644
992	18.896164328980255
993	19.096853158989116
994	19.084189162822412
995	19.16332320518799
996	18.722711201478408
997	19.055699096759557
998	18.790534947266007
999	18.908201622215916
1000	19.20732758144092
1001	19.021586060249277
1002	18.922430041524755
1003	19.126301841702553
1004	18.9002387436112
1005	19.097775210097037
1006	18.632774441458803
1007	19.026881479709772
1008	18.85627642467288
1009	18.97684615797393
1010	18.91878286996989
1011	18.83228471419838
1012	18.94140331949772
1013	18.814461805222628
1014	18.775915071689145
1015	18.698865391287903
1016	18.805491224810737
1017	18.994542834068668
1018	18.873057064445838
1019	19.038812880395362
1020	18.862399440900553
1021	18.78336309140973
1022	19.120768430703066
1023	18.98921434532448
1024	18.83012971792934
1025	18.84211975115283
1026	18.985094274516285
1027	18.974448778602813
1028	18.89716538585654
1029	18.903123429618688
1030	18.950966461113268
1031	19.20583082212795
1032	18.64777912597038
1033	18.84612906572325
1034	18.87308891909491
1035	18.699119197084578
1036	18.976011556836312
1037	18.60562841242516
1038	18.778597490857752
1039	18.854339494524442
1040	19.01191679124846
1041	18.63132937037586
1042	19.019017239987583
1043	18.839524990463673
1044	18.939410397650107
1045	18.664340657136194
1046	18.726696524849448
1047	18.755101418633025
1048	18.72065109844754
1049	18.87401890659474
1050	18.80280126295055
1051	18.981988331038618
1052	18.942028685643976
1053	18.594481118782756
1054	18.913976047770387
1055	18.790095535703124
1056	18.721693568394087
1057	18.78880859419699
1058	18.724699260795816
1059	18.801909548338188
1060	18.722739367659827
1061	18.639714557765668
1062	18.65642396745998
1063	18.5037488297214
1064	18.743492527341324
1065	18.547422901519525
1066	18.73907996450583
1067	18.412724280804706
1068	18.831440768287536
1069	18.593302408850022
1070	18.748278052391743
1071	18.850210980894865
1072	18.596048324198566
1073	18.569330774453988
1074	18.51140943705468
1075	18.498584035802065
1076	18.70541507090345
1077	18.652400132118366
1078	18.91685130012099
1079	18.70888891645542
1080	18.505010069287298
1081	18.473582774214293
1082	18.58356346723865
1083	18.490168530194882
1084	18.32947804043581
1085	18.641996576492932
1086	18.4103343303802
1087	18.43077259133097
1088	18.706556489090822
1089	18.836301728303436
1090	18.55189777175619
1091	18.211778309649965
1092	18.691711533421973
1093	18.754875569668428
1094	18.826623732821094
1095	18.245386931311902
1096	18.80121171104273
1097	18.455583903487756
1098	18.509560952341435
1099	18.520897451776673
1100	18.515038356839135
1101	18.56312888077986
1102	18.772242584952885
1103	18.787009152192294
1104	18.679293855224707
1105	18.538193599658225
1106	18.44183728019977
1107	18.42866456482823
1108	18.594144478058485
1109	18.270238096265793
1110	18.51077392793453
1111	18.575511704040878
1112	18.453124494680434
1113	18.425031895195556
1114	18.393128530913664
1115	18.735811479156112
1116	18.571169985236228
1117	18.800167593571405
1118	18.357725904815197
1119	18.208772596166312
1120	18.096041941561506
1121	18.432486011594783
1122	18.366498604659004
1123	18.682733064308092
1124	18.538637061620676
1125	18.33245115653903
1126	18.51896560220159
1127	18.60016318214456
1128	18.39090878073659
1129	18.344789761312203
1130	18.687372751321995
1131	18.248396453418486
1132	18.39413753661895
1133	18.4036472059013
1134	18.423221314157445
1135	18.424521454677247
1136	18.523385565108214
1137	18.416989527787784
1138	18.519639163871915
1139	18.460147638391533
1140	18.486849998907566
1141	18.49685267875574
1142	18.404342705257825
1143	18.357267134792927
1144	18.359963352901342
1145	18.20312417152887
1146	18.35449799514533
1147	18.524547730319412
1148	18.402036879453888
1149	18.396880058000903
1150	18.303861581371656
1151	18.386984778607143
1152	18.17802908659727
1153	18.5002783177463
1154	18.18475624902266
1155	18.350924160207583
1156	18.638626763524005
1157	18.11220476490009
1158	18.411635471299565
1159	18.240273796350223
1160	18.00317276576395
1161	18.382930580408974
1162	18.191416508311526
1163	18.143890162615463
1164	18.182316376421397
1165	18.341922815760245
1166	18.2583415039865
1167	18.178179476863367
1168	18.406624827385386
1169	18.298366280728644
1170	18.463199317004765
1171	18.23119252399314
1172	18.285655790057472
1173	18.36629463422769
1174	18.27583857304715
1175	18.29144315209549
1176	18.071521586125144
1177	18.384802281929773
1178	17.9840279547236
1179	18.345741322677526
1180	18.14084213173991
1181	17.992020182209863
1182	18.13515544399579
1183	18.084703417532765
1184	18.21737712616455
1185	18.16916536174653
1186	18.26576528509062
1187	18.38148171735024
1188	18.333355881154773
1189	18.237803022452763
1190	18.243052337803572
1191	17.89457775018067
1192	18.041984488337754
1193	18.05209592709444
1194	18.00345429147357
1195	18.406747384390783
1196	18.177619455960574
1197	18.211295081419973
1198	18.181408862810034
1199	18.25540416861974
1200	18.098049263261167
1201	18.18754107107661
1202	18.552613918563406
1203	18.194182766121187
1204	18.319555327730335
1205	18.368015595678983
1206	18.516828052938337
1207	18.05129977522303
1208	18.03032398196106
1209	17.970777888263918
1210	17.89396876211854
1211	18.197903906907413
1212	18.11181254978167
1213	18.067999351684723
1214	17.991792804020847
1215	17.954966490956856
1216	17.97542435056945
1217	18.008760739109015
1218	18.05390244321157
1219	17.96803976837291
1220	18.14928315417237
1221	18.101868988974278
1222	18.078608308426066
1223	18.006535373432154
1224	18.125320770215634
1225	17.879042407823803
1226	17.980607985080677
1227	18.17197780397256
1228	18.160849321673904
1229	18.166762018207603
1230	18.157232254127003
1231	18.008306513090087
1232	17.962361507320907
1233	17.961929747104847
1234	18.01633155909829
1235	18.100363602700096
1236	18.01019551719477
1237	18.16137035832069
1238	17.870185463321167
1239	18.111434134699397
1240	18.068500370784882
1241	18.117534693950944
1242	17.74492960925409
1243	17.87563918992477
1244	18.096387377596812
1245	17.985278871290664
1246	17.907431411921507
1247	18.300407728076358
1248	18.10179008803933
1249	18.125898912755424
1250	18.29150018655432
1251	18.0306387319415
1252	18.12314147622481
1253	17.73946298887294
1254	17.990155403052547
1255	18.11895439800363
1256	18.005500421130975
1257	17.9417381882866
1258	18.00636309008396
1259	18.064887851396
1260	17.822639164286304
1261	17.923487657774444
1262	17.828065601735823
1263	18.0834634086452
1264	18.049061448646682
1265	17.7664647009486
1266	17.881221624219492
1267	17.94141825586828
1268	17.91487360250758
1269	18.122633770890918
1270	18.077483029472237
1271	17.818080524664893
1272	17.95345343768937
1273	17.674073614164097
1274	18.106719625377636
1275	17.75145882590156
1276	17.70207239374821
1277	17.871215542402172
1278	17.584387115709283
1279	17.781876424365166
1280	17.686424288217435
1281	17.8576714960677
1282	17.704834687170308
1283	17.944028109404293
1284	18.1342642004767
1285	18.074427246116777
1286	18.07777932978379
1287	18.009434858588776
1288	18.065318063673736
1289	17.792918050926115
1290	17.85591583631288
1291	17.7179473095715
1292	18.009856078907454
1293	17.960904018793215
1294	17.722547172372465
1295	17.835856490959852
1296	17.840171098021305
1297	17.972373320792958
1298	17.84304761168981
1299	17.699740950036322
1300	17.79621113658308
1301	17.835754699735645
1302	17.635983760666864
1303	17.748460168435454
1304	17.736876882239265
1305	17.70173906785479
1306	17.719076219475273
1307	17.861674471754593
1308	17.576028662885097
1309	17.866915673440072
1310	17.726355791716376
1311	17.791813363675303
1312	17.846077030508628
1313	17.816691113104344
1314	17.904588712032684
1315	17.783390102713792
1316	17.800572305913487
1317	17.978271589539528
1318	17.802252323643255
1319	17.617099344315836
1320	17.66094321915249
1321	17.60461620338334
1322	17.75072776570056
1323	17.900285166714486
1324	17.723940757711155
1325	17.714473098809524
1326	17.523472024707157
1327	17.493077714190576
1328	17.51818345787805
1329	17.743168344070494
1330	17.854171379391698
1331	17.700205014369054
1332	17.703923820215927
1333	17.630259647219027
1334	17.932735708434706
1335	17.653246741566242
1336	17.528614724377427
1337	17.82249191555802
1338	17.732423244216545
1339	17.66039066813663
1340	17.704438204168838
1341	17.554832566511966
1342	17.675812797262594
1343	17.720730399895544
1344	17.832471451853262
1345	17.796699363273675
1346	17.74217255030362
1347	17.782619898327184
1348	17.68395202052746
1349	17.714282681764736
1350	17.73059742746653
1351	17.518553480259918
1352	17.71473733209382
1353	17.77089985875596
1354	17.5305886665994
1355	17.715433537551633
1356	17.684897542900558
1357	17.748942109630743
1358	17.800445755108232
1359	17.649483596838625
1360	17.57678242568804
1361	17.392470492183648
1362	17.685017746412054
1363	17.421553401095032
1364	17.553530883344063
1365	17.825317253500504
1366	17.555675785930227
1367	17.586490740027944
1368	17.663682645359636
1369	17.649784761462737
1370	17.531935546905167
1371	17.538898266718363
1372	17.516324098884922
1373	17.75832826653817
1374	17.47128433441637
1375	17.477988053537555
1376	17.421601509110083
1377	18.135287786499266
1378	17.60638552659267
1379	17.63127102100329
1380	17.672880548160272
1381	17.564377812049884
1382	17.3823890353407
1383	17.623269694135548
1384	17.32655193519496
1385	17.536468595027355
1386	17.59791137486543
1387	17.623182232602176
1388	17.362185464121797
1389	17.463012951475402
1390	17.34871946617313
1391	17.612845751992143
1392	17.638602607823113
1393	17.420192491654085
1394	17.51015578490929
1395	17.699230758162656
1396	17.432397585188674
1397	17.26802146272228
1398	17.42020850498612
1399	17.47670388923272
1400	17.50769012531095
1401	17.598929377128673
1402	17.58452660274814
1403	17.572201864951257
1404	17.480344749674448
1405	17.344501849993385
1406	17.483667155651503
1407	17.460369186701794
1408	17.64273691402704
1409	17.37847137863074
1410	17.408672653572555
1411	17.604688084292007
1412	17.531204199428004
1413	17.49617524222749
1414	17.33104131516993
1415	17.50489944110654
1416	17.164899356314727
1417	17.280298622486864
1418	17.526770085648018
1419	17.438571462108932
1420	17.51243793827952
1421	17.60193542210039
1422	17.2678736667076
1423	17.277095803858618
1424	17.243968208546455
1425	17.29261911049409
1426	17.405432544386482
1427	17.54336157888502
1428	17.748162237254085
1429	17.374132958989843
1430	17.17485616163333
1431	17.509250244982553
1432	17.436331484650783
1433	17.736609324130512
1434	17.502018747950075
1435	17.59630290170085
1436	17.60234521135815
1437	17.20254984751818
1438	17.278257721708272
1439	17.480046820625425
1440	17.31880521717982
1441	17.623816574169904
1442	17.62533797426704
1443	17.188312027822196
1444	17.465948128196036
1445	17.335391442785536
1446	17.35371590344537
1447	17.429169767750007
1448	17.599791996756288
1449	17.23482777084542
1450	17.34406662103122
1451	17.320600594586292
1452	17.65771967849502
1453	17.54687705408327
1454	17.52170048436103
1455	17.167026024086752
1456	17.33574184596484
1457	17.24617212786724
1458	17.6260366397373
1459	17.54048865910121
1460	17.478047437475592
1461	17.44113668491656
1462	17.41481629943515
1463	17.419655275617025
1464	17.46917574924663
1465	17.30012092660063
1466	17.270553559292882
1467	17.651894044974757
1468	17.442014344961617
1469	17.379548648826646
1470	17.524266730514633
1471	17.229627725199332
1472	17.448904068699143
1473	17.479127472746388
1474	17.302247496794863
1475	17.539809189904847
1476	17.306900188471662
1477	17.545981972362764
1478	17.338722419611862
1479	17.380391064861147
1480	17.188830389519445
1481	17.262713520992513
1482	17.088452876482027
1483	17.4750836731234
1484	17.54145919327828
1485	17.40893334388107
1486	17.54515596575047
1487	17.272862406071553
1488	17.23690697787495
1489	17.687371528710404
1490	17.406674030153173
1491	17.281214489182346
1492	17.28550997838683
1493	17.381932921994284
1494	17.209144548100607
1495	17.334432682821006
1496	17.393297189240123
1497	17.30016084258753
1498	17.311966005321267
1499	17.342707249464592
1500	16.957265212443712
1501	17.256698876277575
1502	17.21831195594573
1503	17.396622958663748
1504	17.221380657537548
1505	17.23292485552429
1506	17.06442720288399
1507	17.305152273175942
1508	17.36937840970779
1509	17.5127298526993
1510	17.101946407229974
1511	17.096744288330544
1512	17.14119311946394
1513	17.263726164598683
1514	17.098981491432887
1515	17.17577756072129
1516	17.33495027140548
1517	16.957050639014348
1518	17.04232053221619
1519	17.250905395996153
1520	17.14634564400674
1521	17.520980974111414
1522	17.27643398547853
1523	17.03020015679166
1524	17.14769016832867
1525	17.243461479495608
1526	17.25992955056434
1527	17.27969087508593
1528	17.360914935112167
1529	17.051616468921004
1530	17.399098551642464
1531	17.32201625164033
1532	17.51599773915826
1533	17.41296433822122
1534	17.573373839979865
1535	17.14713319803649
1536	17.043305189283846
1537	17.198285154420766
1538	17.122678978769546
1539	17.168191283585323
1540	17.501904591520713
1541	17.243924691986525
1542	17.27075850778637
1543	17.183327568674375
1544	16.871303695444695
1545	16.87287316526798
1546	17.391384272193356
1547	17.20695575445508
1548	17.316205855333582
1549	17.53082720173929
1550	17.22100334645922
1551	17.216000651198705
1552	17.38417411244941
1553	17.18838699171166
1554	17.02265163377802
1555	17.078827985606445
1556	16.951430227450174
1557	17.19506353129816
1558	17.111516401208135
1559	17.2336297756904
1560	17.10758323041419
1561	17.114452354014237
1562	17.019798763736073
1563	17.281923900140765
1564	17.031921374517157
1565	17.00202666996575
1566	17.27330270723131
1567	17.15957379279151
1568	17.349048900940623
1569	17.076716247788237
1570	17.211973910827076
1571	16.918380607129272
1572	17.353730984367786
1573	17.01483332119599
1574	17.101129712245754
1575	17.31016263341648
1576	17.2187231144191
1577	17.240766161272067
1578	17.31833604123072
1579	17.235695478097412
1580	17.12898487323929
1581	17.176498212742658
1582	17.3088219978294
1583	17.059183656690116
1584	17.03549093856679
1585	17.090752524763133
1586	16.904636771314827
1587	16.984610097548746
1588	17.228071614799294
1589	17.287144682009
1590	17.213564804493004
1591	16.950908216836226
1592	17.054269991825926
1593	16.93932514127049
1594	17.214745014848475
1595	17.12456664033933
1596	17.15676993118923
1597	17.02792006902269
1598	16.991064810395585
1599	16.92724013267024
1600	17.060542279953438
1601	17.0810214344949
1602	17.112308385783834
1603	16.989657849624653
1604	17.139595957735644
1605	17.14012196666025
1606	16.961752507822666
1607	17.111696050739727
1608	16.901952501160526
1609	16.813953374959237
1610	16.88004661361712
1611	17.278467139369248
1612	16.896015354013684
1613	16.964137194465426
1614	17.028882012209216
1615	16.814937087811558
1616	17.062768923127745
1617	17.1051708776375
1618	16.827648548819347
1619	17.017499755276678
1620	16.877635257326133
1621	16.58227769879174
1622	16.708783937818158
1623	17.176539263402304
1624	17.057267699323376
1625	17.113310244030586
1626	17.092994317380757
1627	17.00057111160253
1628	17.06536696104019
1629	16.9645371227045
1630	16.72345715503259
1631	17.083726137672063
1632	17.160043064636486
1633	16.994763895092063
1634	17.187737609461
1635	16.944877055265138
1636	16.92712608998284
1637	17.1981039894577
1638	16.897239112662152
1639	16.895377337276248
1640	16.747268572214423
1641	16.957633179064214
1642	17.010451902000504
1643	16.721699659108328
1644	16.89695295558098
1645	16.97923744808793
1646	16.896230973282822
1647	16.6881021059237
1648	16.994397877278296
1649	16.794883688534018
1650	16.90827023583516
1651	17.10236133788342
1652	16.93022267984309
1653	17.07912912391667
1654	17.05863705232847
1655	17.21905533807661
1656	17.1432514007118
1657	16.895801905319004
1658	16.82525737044268
1659	17.06175857135316
1660	16.91737582303343
1661	16.897109183953116
1662	16.880570022142447
1663	17.122313337599024
1664	16.73999302797581
1665	16.7859329859862
1666	17.1586503166553
1667	16.88694245753869
1668	16.82965826222226
1669	16.92764961612878
1670	17.008301497480307
1671	16.79400330995679
1672	16.727931673894368
1673	16.914214475341957
1674	16.88311242697466
1675	16.677607638371818
1676	16.926810709225975
1677	16.977006469884987
1678	16.869944305906436
1679	16.834453390338663
1680	16.66698459002709
1681	16.9028250376464
1682	16.79893418564651
1683	16.805238836757564
1684	16.765907273175557
1685	16.975736881954695
1686	17.089263911044934
1687	17.102027178575117
1688	16.784071750300956
1689	16.760894977284305
1690	16.953878623049263
1691	17.19437628020803
1692	16.904439093467655
1693	16.96845183336445
1694	16.81059450832688
1695	16.94137034317972
1696	17.09033943135594
1697	16.9416256755303
1698	16.831623197103685
1699	17.054758941003904
1700	16.831933014777537
1701	16.93760565483431
1702	17.07668366289984
1703	16.969483162768825
1704	16.996227094637522
1705	16.728503657778436
1706	16.974053568485953
1707	16.836117098606046
1708	16.93073441138351
1709	16.79459526728189
1710	17.174372968440103
1711	16.77713702573376
1712	17.011223591456297
1713	16.97033635691795
1714	16.626106396945726
1715	16.7911067517018
1716	16.845313900002076
1717	16.766397518564926
1718	16.708070721171577
1719	16.862049367695544
1720	16.760691946773164
1721	16.720119810969784
1722	16.884120768167556
1723	16.824805454716216
1724	17.001338001597194
1725	16.73126543282485
1726	17.013805940675827
1727	16.978494480995437
1728	16.703719812129076
1729	16.54906400737782
1730	16.69625546024453
1731	16.90528170883668
1732	16.84805661943588
1733	16.646614268039237
1734	16.632011800969835
1735	16.73781805052574
1736	16.633521426642858
1737	16.743327023799804
1738	16.903284912298666
1739	16.706560440039123
1740	16.67910211801546
1741	16.666768997492383
1742	16.91729193773966
1743	16.870856708289143
1744	16.715057143747487
1745	17.08907363070289
1746	16.739652510919136
1747	16.743004621420976
1748	16.885421883655237
1749	16.7885214715791
1750	16.70816448261831
1751	16.485148143307693
1752	16.82992146780026
1753	16.68921874484842
1754	16.85038842813909
1755	16.77972640816985
1756	16.756871149265308
1757	16.938156518116234
1758	16.538033919336428
1759	16.614079963064288
1760	16.593984969768034
1761	16.771731853648998
1762	16.704932767570707
1763	16.6831186119952
1764	16.771326639716822
1765	16.765197949907318
1766	16.89825653297144
1767	16.66922603882454
1768	16.549312399643018
1769	16.84237061155159
1770	16.792598215716325
1771	16.83778848004555
1772	16.87780476395705
1773	16.968703720863605
1774	16.833741921534763
1775	16.812280119883674
1776	16.69513079692226
1777	17.073696477393508
1778	16.779917692989436
1779	16.824128876715005
1780	16.88139344717944
1781	16.773860091872944
1782	16.6270847961595
1783	16.78986947659787
1784	16.79357345452843
1785	16.614345355557113
1786	16.960567107183987
1787	17.021002196286666
1788	16.81251616441843
1789	16.912467982460388
1790	16.620358537781645
1791	16.96609730038461
1792	16.934405762758665
1793	16.711521191792936
1794	16.600243739367098
1795	16.76040796278178
1796	16.648984615913665
1797	16.783409495197287
1798	16.753071159673194
1799	16.758853145517268
1800	16.598258266438794
1801	16.8537860312077
1802	16.729340791050074
1803	16.88011694630353
1804	16.721504938077555
1805	16.73319454091771
1806	16.684678226411133
1807	16.66981519855714
1808	16.800327060414805
1809	16.69442794697509
1810	16.660278631496766
1811	16.82255982302119
1812	16.594046094993463
1813	16.901571627335517
1814	16.500644676931458
1815	16.67371826772473
1816	16.738293093285794
1817	16.63140806633829
1818	16.810051023206146
1819	16.77766395529975
1820	16.725023902331646
1821	16.81653257945978
1822	16.636511418661485
1823	16.652001405406267
1824	16.585353935592234
1825	16.622644978735703
1826	16.897575525284754
1827	16.879023725429708
1828	16.876402505786064
1829	16.86632009146853
1830	16.72525461100208
1831	16.637750805606228
1832	16.660535183519077
1833	16.640743530968393
1834	16.74371886837816
1835	16.911954406402415
1836	16.94046310189546
1837	16.92190221826499
1838	16.480679452495043
1839	16.72588721772302
1840	16.696029614688417
1841	16.75613254377191
1842	16.85767585413465
1843	16.471740734164854
1844	16.72628045944817
1845	16.44534439796147
1846	16.662127503363333
1847	16.686400760442464
1848	16.706517834717104
1849	16.625569018769223
1850	16.57315318664222
1851	16.66234545603102
1852	16.532700130288326
1853	16.675899639228867
1854	16.80903166692763
1855	16.64022065663223
1856	16.529789097569072
1857	16.49529239528216
1858	16.75111280260898
1859	16.50869557002694
1860	16.785205740625056
1861	16.69540092523306
1862	16.908872650761488
1863	16.660582732132436
1864	16.60675341586268
1865	16.51128604738141
1866	16.643660262777193
1867	16.486685872210895
1868	16.58240423243762
1869	16.476388444750732
1870	16.421432643303145
1871	16.609023530201906
1872	16.79361399150585
1873	16.621867036236644
1874	16.67010589544821
1875	16.687863330630922
1876	16.6982347168536
1877	16.78967740753164
1878	16.971866036447
1879	16.48639876228463
1880	16.862499520038273
1881	16.329962885818883
1882	16.641579144620707
1883	16.589720630993458
1884	16.38464195664511
1885	16.728128530582133
1886	16.424557662189777
1887	16.69843039266975
1888	16.403538815273187
1889	16.662781568770132
1890	16.60709070345511
1891	16.624042255250263
1892	16.59761290272146
1893	16.554893920597138
1894	16.768051565760793
1895	16.54149309813721
1896	16.56902779447112
1897	16.69168655041746
1898	16.710495276600795
1899	16.393879020498584
1900	16.518780772533514
1901	16.750506088386633
1902	16.340025491005782
1903	16.55926044545162
1904	16.350189718195406
1905	16.75232948244398
1906	16.499765304342304
1907	16.688588254805097
1908	16.40345786175056
1909	16.545925544253738
1910	16.50010882723876
1911	16.472876871927703
1912	16.65549450718575
1913	16.301535937457835
1914	16.788176048865548
1915	16.705129191872327
1916	16.70736117573235
1917	16.589860181494455
1918	16.65664221760883
1919	16.644921991763287
1920	16.77898556318174
1921	16.744190205737752
1922	16.4183779115247
1923	16.46967416628545
1924	16.548923436516134
1925	16.602405317846333
1926	16.72731003796364
1927	16.441641719770722
1928	16.248781226673692
1929	16.31836574364186
1930	16.571026747786348
1931	16.243886046130214
1932	16.590727096613826
1933	16.159783151417862
1934	16.366044045310154
1935	16.386534954074083
1936	16.63249834983242
1937	16.531837860738893
1938	16.413437616570537
1939	16.437444045323296
1940	16.68239838125212
1941	16.522160134683457
1942	16.467340950508444
1943	16.35227073455279
1944	16.563573289490048
1945	16.438444395225616
1946	16.54307435901728
1947	16.46671114182597
1948	16.453436005760448
1949	16.765021700479313
1950	16.720548559304948
1951	16.33835061248091
1952	16.439348734747245
1953	16.4813709573157
1954	16.626224752159967
1955	16.61673314025818
1956	16.48784822431278
1957	16.441739219777215
1958	16.42596405591719
1959	16.45914727584792
1960	16.425310654722733
1961	16.553544022464973
1962	16.42968537973384
1963	16.459739325261896
1964	16.50432730140138
1965	16.51136556861254
1966	16.627335187042178
1967	16.53407148205769
1968	16.577036288514652
1969	16.763682233602992
1970	16.533980120611517
1971	16.58627121717852
1972	16.633322241157188
1973	16.50136105652879
1974	16.313704755676035
1975	16.796407752873733
1976	16.39763511215108
1977	16.43607610650526
1978	16.197542951299305
1979	16.401111576278534
1980	16.5077444454612
1981	16.47890673262489
1982	16.658532382475315
1983	16.222974438861147
1984	16.49294140309329
1985	16.204499923907115
1986	16.70856075977388
1987	16.521386903190088
1988	16.341116205011154
1989	16.51627364700586
1990	16.70326908739599
1991	16.333863273509188
1992	16.503681373171162
1993	16.520693453993143
1994	16.5318845462911
1995	16.449150027708797
1996	16.246042937252025
1997	16.41965668367977
1998	16.257463880798696
1999	16.228811005613753
2000	16.131222786016842
2001	16.71344190138517
2002	16.348923073920307
2003	16.133613513321112
2004	16.568289798361306
2005	16.675713849725653
2006	16.453693153051482
2007	16.34285460134588
2008	16.528570927346575
2009	16.291010178170918
2010	16.42284033892483
2011	16.695001058729012
2012	16.449101180935557
2013	16.422055765701593
2014	16.361120801671337
2015	16.316673149996898
2016	16.787479853457867
2017	16.48270279319432
2018	16.477681708124816
2019	16.445697556955082
2020	16.638117577065824
2021	16.642414831930843
2022	16.474713326427608
2023	16.24592824437959
2024	16.50125143716296
2025	16.543041981449015
2026	16.321857392819876
2027	16.36319206312049
2028	16.5709004215742
2029	16.55149907714983
2030	16.252581487178283
2031	16.36759007713444
2032	16.39606900141961
2033	16.36781041778553
2034	16.314453297460954
2035	16.240896791862795
2036	16.506310672151898
2037	16.332360540943114
2038	16.446065301594345
2039	16.36937530803959
2040	16.527867326753167
2041	16.487432698836614
2042	16.57690959887169
2043	16.461660136252007
2044	16.42095371522575
2045	16.377417597413338
2046	16.291842349824552
2047	16.69038881644434
2048	16.258562300087018
2049	16.168147763866877
2050	16.598688940453638
2051	16.521471582575963
2052	16.462058760359188
2053	16.727403576009664
2054	16.338631682774444
2055	16.650988653208735
2056	16.352787585362407
2057	16.471274957103198
2058	16.406499594218904
2059	16.477438359826056
2060	16.221619565111908
2061	16.36775101117446
2062	16.39662274583867
2063	16.395642354631345
2064	16.522107709329305
2065	16.345312862785413
2066	16.221256024593238
2067	16.35311408885462
2068	16.24796175381536
2069	16.318387308856472
2070	16.434726546901334
2071	16.076036888333284
2072	16.590493036366798
2073	16.27810115758364
2074	16.29543061279867
2075	16.250988192848986
2076	16.354197650233132
2077	16.11684542286765
2078	16.348882885950317
2079	16.273219560755734
2080	16.343289101366178
2081	16.395009352113256
2082	16.537647556372647
2083	16.13865512567436
2084	16.41552481214409
2085	16.27920811570982
2086	16.53095112863262
2087	16.161924334851676
2088	16.348589244381575
2089	16.344984221020823
2090	16.347449533946143
2091	16.145015954936053
2092	16.4700940128886
2093	16.375735969105758
2094	16.57405146353354
2095	16.4444602112054
2096	16.100777445528486
2097	16.11787327906172
2098	16.354723833715074
2099	16.17845792939802
2100	16.512816766299572
2101	16.144565830932507
2102	16.545000194301856
2103	16.086790105638922
2104	16.29146418109439
2105	16.523979782939655
2106	16.42325495527177
2107	16.55564387245695
2108	16.26450295880744
2109	16.308761801144662
2110	16.32433135462103
2111	16.352595097053374
2112	16.306709321322298
2113	16.219646134211395
2114	16.351214600344203
2115	16.53029920395603
2116	16.17318140220582
2117	16.628291079382645
2118	16.307010191221153
2119	16.382231171252585
2120	16.041681243117534
2121	16.288060719835197
2122	16.298371127461046
2123	16.398421183858208
2124	16.264475923796244
2125	16.12839643342598
2126	16.491142344309612
2127	16.20473898942772
2128	16.32419538640493
2129	16.26104846285021
2130	16.370295138978555
2131	16.40393832203214
2132	16.31389855023271
2133	16.42865498935227
2134	16.3752388556703
2135	16.367264209123807
2136	16.302816064867187
2137	16.397535381358246
2138	16.405109534410858
2139	16.02939401845445
2140	16.321407866786735
2141	16.257499229833805
2142	16.37974653300438
2143	16.421370012813522
2144	16.26925201538114
2145	16.223555708196976
2146	16.487626014590127
2147	16.30775037370678
2148	15.89692180275639
2149	16.366312088750497
2150	16.165343452827443
2151	16.29965623740973
2152	16.192291082132222
2153	16.09474226711512
2154	16.23576095578765
2155	16.335722107800695
2156	16.439521916851422
2157	16.352149524217086
2158	16.345605092972654
2159	16.189144234091426
2160	16.22960841177802
2161	16.03163870328758
2162	16.523960261047744
2163	16.284621618340946
2164	15.836348861133526
2165	16.2649185458794
2166	16.351971660121986
2167	16.430146928468577
2168	16.13012508086393
2169	16.14156919879623
2170	16.43186363925556
2171	16.044291807056172
2172	16.341291888480992
2173	16.180501086182723
2174	16.250247077225627
2175	16.67394820566418
2176	16.358396451030856
2177	16.095530702118882
2178	16.34081572334197
2179	16.285752061248846
2180	16.120580377830947
2181	15.987717821404837
2182	16.26480118017768
2183	16.36195083883869
2184	16.275507045591
2185	16.256179612355933
2186	16.264626434253614
2187	16.38751368895895
2188	16.127903153593234
2189	16.30986711698068
2190	16.36519960465331
2191	16.006917473105414
2192	16.124885274382425
2193	16.136793296678256
2194	16.097877709899272
2195	16.206094013603167
2196	16.046183384912965
2197	16.178156672151523
2198	16.08506998791136
2199	16.303413207352204
2200	16.182649258224277
2201	16.302714658343334
2202	16.227058223032618
2203	16.284132285280663
2204	16.248150383140057
2205	16.279131174773962
2206	16.219882638665023
2207	16.039495696932583
2208	16.19329253531731
2209	16.115215810942715
2210	16.301982654023583
2211	16.069130005950292
2212	16.389527029777966
2213	15.965918424594019
2214	16.17307768865501
2215	16.145420899725558
2216	16.125778349870732
2217	16.22863826137577
2218	15.982368187721683
2219	16.06621922602672
2220	16.22547706709206
2221	16.259269177798625
2222	16.428651883565742
2223	16.235293311378864
2224	16.199553844642217
2225	16.216792837272102
2226	16.18789364806559
2227	16.035441465730536
2228	15.986612367799369
2229	16.057443312247013
2230	15.723738983239052
2231	15.918857832046966
2232	16.35271976409617
2233	16.20989774431367
2234	16.22779844151821
2235	16.228677913764248
2236	16.049247505548767
2237	16.07593041056389
2238	16.12033554340098
2239	16.19888645051826
2240	16.464338290234735
2241	16.36382549285689
2242	16.116810991973875
2243	16.098352577816208
2244	16.06873329617862
2245	16.162197277843216
2246	16.094347267251788
2247	16.15803306387798
2248	16.104281675812146
2249	16.187187086651605
2250	16.157629332546673
2251	16.276505017662885
2252	16.14521781593294
2253	15.992442967340693
2254	15.99784255769788
2255	16.49102302011708
2256	16.157154590465858
2257	16.209190486482903
2258	16.068940950761547
2259	16.04940524144001
2260	16.096582824429838
2261	16.282668560193493
2262	16.20416855053395
2263	16.29700547089235
2264	16.27074175154257
2265	16.149293726920686
2266	16.331753981056092
2267	16.316024415891775
2268	16.33280971915679
2269	16.286950283685815
2270	16.194986066428033
2271	16.191293517883917
2272	16.080958756738937
2273	16.339579149002066
2274	15.7790784438069
2275	16.360632174752077
2276	16.204110543118205
2277	16.248134876750576
2278	16.339497523161818
2279	16.472490363029134
2280	16.1611141628011
2281	16.197833417251818
2282	16.170208439238557
2283	15.96909797619133
2284	16.261328440110898
2285	16.271519538205467
2286	15.969966949090981
2287	15.982430831491543
2288	15.944461890856616
2289	15.87485156823458
2290	16.2073349430732
2291	16.001148716005925
2292	16.203886252531845
2293	16.067515546135283
2294	15.906246510252913
2295	16.219608160656932
2296	16.12506320531087
2297	15.993117117005587
2298	16.18891929857196
2299	16.001778163860962
2300	15.986745043817052
2301	16.37037736811781
2302	15.90038020713292
2303	15.920458590123678
2304	16.098830115474133
2305	16.16599189115643
2306	16.161565435537355
2307	16.13234801772986
2308	16.10207582944577
2309	16.202375703245647
2310	16.081536575213978
2311	16.34353850188657
2312	15.868858606204592
2313	15.915288464060614
2314	16.09686832784036
2315	16.277779498519095
2316	16.064895389726047
2317	16.03943923592592
2318	16.351410012474382
2319	16.219063192675133
2320	16.208780208277958
2321	16.134643580388097
2322	16.005926102601915
2323	16.15401866916214
2324	16.181153564864864
2325	15.851509024751795
2326	16.09900831853599
2327	16.144979568976613
2328	16.083345540984382
2329	15.964948422055095
2330	16.022212116757363
2331	15.961951374473657
2332	16.093025802984275
2333	16.225985101679633
2334	15.871452230619017
2335	16.28287309066872
2336	16.02981694206639
2337	16.156274925462608
2338	16.028086200452062
2339	16.11811351421007
2340	16.102456629892078
2341	16.316758509648274
2342	16.229997818609764
2343	16.106782290272225
2344	16.30397496974015
2345	16.115647831389182
2346	16.145171398949476
2347	16.11034301447515
2348	16.04935985593962
2349	15.862514676890017
2350	15.953476534339988
2351	16.075147803557932
2352	16.140492228734498
2353	16.098429457693918
2354	16.28885295874337
2355	16.038993242644946
2356	16.305032916835586
2357	16.3066742077531
2358	16.164366104020008
2359	16.0355027368934
2360	16.035324304703103
2361	16.155708158807055
2362	15.90680443166604
2363	16.020141041436595
2364	15.99522447007144
2365	16.14535125172553
2366	16.071129387931524
2367	16.13535640264862
2368	16.158087282826706
2369	15.93178961827149
2370	15.838690580695793
2371	16.090478774997898
2372	16.10133993249642
2373	16.13686535798515
2374	15.82419966092617
2375	16.110331815979546
2376	16.190941492263804
2377	15.86498728512734
2378	16.02143745709499
2379	16.20589659768164
2380	16.07109908065781
2381	16.146401767495703
2382	16.059391938152906
2383	15.905877048868481
2384	16.158993266884302
2385	16.293850466603946
2386	16.028081666809523
2387	16.07042954444151
2388	15.980869803019461
2389	16.08820818936061
2390	16.10176378806184
2391	15.965626304045033
2392	15.925068696806159
2393	16.10258280295702
2394	16.167636300334834
2395	16.006661890386354
2396	16.11360965124958
2397	15.994409656027349
2398	16.123400251557392
2399	16.003528311986788
2400	15.942095448397353
2401	16.084566229406455
2402	16.049634230422893
2403	16.240600493109767
2404	15.835980191203149
2405	15.9533243056575
2406	16.067392816596286
2407	16.163588634491603
2408	16.132001273143523
2409	16.333215554407847
2410	15.730353931191292
2411	16.257725263784426
2412	16.201362254566813
2413	16.070277225091772
2414	16.11000660686376
2415	16.18639186819899
2416	15.970047828314149
2417	15.948892851471532
2418	16.101856702209183
2419	16.04234405573651
2420	16.04290728875449
2421	15.85050574535113
2422	16.19740260292999
2423	16.037900028858296
2424	16.041039410306126
2425	15.804542789884875
2426	16.149818542133197
2427	15.864678513836493
2428	16.038353540092665
2429	16.246963733198196
2430	15.90011280280105
2431	15.570496850064584
2432	16.138630758100184
2433	15.859953688004177
2434	15.932978999673658
2435	15.97885075145922
2436	15.980194343256187
2437	16.000530842162508
2438	15.997705885066505
2439	15.898979281034798
2440	15.949911199163411
2441	15.850337888195378
2442	16.038475575060357
2443	15.831749311232763
2444	15.95956150968478
2445	15.99329873130594
2446	15.892043655194978
2447	15.975199166857562
2448	16.023119236486064
2449	16.176429999731152
2450	16.085130473571624
2451	15.999406749703772
2452	15.949877206611328
2453	15.924385139860506
2454	16.23743283278881
2455	15.927341637470395
2456	15.889677467907553
2457	15.782627029179855
2458	16.061623252368584
2459	15.982243530021439
2460	15.945970893922889
2461	15.87465890650474
2462	16.14224888787289
2463	15.875825736102927
2464	16.008876452929925
2465	15.97767279158155
2466	15.879784843970725
2467	15.862125029977788
2468	16.01876345385328
2469	16.090879462575828
2470	15.865250071230417
2471	15.925189327893058
2472	15.92691928281435
2473	16.185679234713017
2474	16.18353446334908
2475	16.10484870832255
2476	15.924500402101424
2477	15.992521668622127
2478	16.179200794764228
2479	15.963864175761897
2480	15.659889652745813
2481	16.11731355446789
2482	16.143588816978806
2483	15.75976807126837
2484	15.740628067795143
2485	16.029786482894142
2486	15.760767083156578
2487	15.896918186286408
2488	16.015128329701927
2489	16.00504991501937
2490	15.90895085503409
2491	16.050871700425283
2492	15.695490021721428
2493	15.828346560927104
2494	16.069038072459964
2495	16.02917339246502
2496	16.043657291499514
2497	16.078542027911013
2498	15.89880675771276
2499	15.997184176300832
2500	15.895332665851516
2501	15.98519028939454
2502	15.963979998482515
2503	15.883013923525159
2504	15.857935999304202
2505	15.660418916404009
2506	16.045749470832895
2507	15.988737158979019
2508	15.926934524571665
2509	16.067153108953114
2510	15.89851411381658
2511	15.908622069246908
2512	16.146074030626064
2513	15.822485539180686
2514	16.131474685786348
2515	15.939372515265795
2516	16.115556284156888
2517	15.876810676360352
2518	16.119821354680603
2519	15.619000372941
2520	16.093989133823595
2521	16.042775620168626
2522	15.808647353797097
2523	15.936328592963413
2524	15.730309825468934
2525	16.07493110210775
2526	16.06231767037082
2527	16.175709890760402
2528	16.056316093154734
2529	15.99820204055374
2530	15.954237187597572
2531	16.227088587481113
2532	15.90821783980417
2533	16.157410401358113
2534	15.81363206332635
2535	15.970663325848756
2536	15.947903356145911
2537	15.79316685328592
2538	15.802574066847958
2539	15.912321827626219
2540	16.05899172786182
2541	15.973881103217908
2542	16.20119562761157
2543	16.023601965787282
2544	15.806722130479873
2545	15.840380922280923
2546	15.868718509593759
2547	15.880460563688963
2548	15.78875494196216
2549	15.64306782213773
2550	15.984761318980354
2551	15.66299426917996
2552	16.093845901910093
2553	16.00433953264893
2554	15.99006745831477
2555	16.003741032821853
2556	15.775117564861336
2557	15.830605879181523
2558	15.89893409855404
2559	15.868766549702817
2560	16.04549198416033
2561	15.898023210912989
2562	15.865261830390617
2563	16.155408652837213
2564	16.111714595457865
2565	16.011477409159664
2566	16.03810095920675
2567	15.942640630725414
2568	15.774686636566429
2569	15.97139775980223
2570	16.04460637185831
2571	15.858659604167702
2572	15.800063793508258
2573	15.771270261060018
2574	15.931780156466345
2575	16.052090147756367
2576	15.935570240333943
2577	15.845775131015293
2578	15.729710342598723
2579	15.880703539333801
2580	15.865063714571448
2581	15.905216942323484
2582	15.689477732222082
2583	15.98579085208547
2584	16.06051339498415
2585	15.669229840246942
2586	15.821616787306125
2587	15.858735320284142
2588	15.97482416073013
2589	15.979986099445998
2590	15.96877758193674
2591	15.93086271703918
2592	15.965436932656313
2593	16.02477453545015
2594	15.71297152078034
2595	15.915763704887757
2596	15.703916095506635
2597	15.715058656605905
2598	15.821888542578089
2599	16.127947332891623
2600	15.862130809971546
2601	16.081977952995253
2602	16.016416669453317
2603	15.705857924524512
2604	15.827319854147316
2605	15.761844181162518
2606	15.883864236096269
2607	15.983649017839761
2608	16.157206697666716
2609	16.18044707866407
2610	15.901900870774615
2611	15.861023465919349
2612	15.893133334087448
2613	15.959216859241666
2614	15.82328737790986
2615	15.80175970756761
2616	15.786596541569844
2617	15.825265482503797
2618	15.874195847556743
2619	15.59405763202957
2620	15.809410766272055
2621	15.663162189954031
2622	15.790301792721834
2623	15.899684852822247
2624	15.787158368704162
2625	15.761534499063242
2626	16.049493201665136
2627	15.656839584143947
2628	15.54087768045038
2629	15.510385784210383
2630	15.945068342582458
2631	15.677378372224771
2632	15.681440122837687
2633	16.025733579460923
2634	15.881255360588067
2635	15.64136267582463
2636	15.728771817287416
2637	15.784039328580551
2638	15.844520235165565
2639	15.984012740488987
2640	15.782928109279093
2641	15.75989891837279
2642	15.95249592851048
2643	16.07866130985336
2644	15.886363731403328
2645	15.864341152497001
2646	15.781706231019404
2647	15.753602964459061
2648	15.759288427069597
2649	15.920732555088563
2650	15.859745328497652
2651	15.787086149217748
2652	15.854823031398357
2653	15.961907807074383
2654	15.768334428811649
2655	16.084765504408143
2656	15.724842133088321
2657	15.916045926210145
2658	15.91645446863193
2659	15.970524789130874
2660	15.714269678496745
2661	15.895263553673443
2662	15.607921567077808
2663	15.729728558537664
2664	15.828830074675126
2665	15.996797774791714
2666	15.871560443359837
2667	15.701589764183694
2668	15.834113477300885
2669	15.725886721366729
2670	15.789516715391054
2671	15.689718984358759
2672	15.822955110481084
2673	15.87262240341859
2674	16.053953735103377
2675	15.822677849536259
2676	15.590008273060896
2677	15.981981727133654
2678	15.714190163289736
2679	16.01183771839115
2680	15.863936605366856
2681	15.811558124026226
2682	15.565997142648065
2683	15.776010579858598
2684	15.757857631459077
2685	15.79720545016222
2686	15.8364709941825
2687	15.934512552130004
2688	16.100206852672823
2689	15.786663461489919
2690	15.740176739643536
2691	15.603758866336767
2692	15.84627862476174
2693	15.796322516843523
2694	15.740798798419398
2695	15.83593711649023
2696	15.835840234757605
2697	15.840739647960731
2698	15.625359739197782
2699	15.783977775151639
2700	16.050774538453933
2701	15.675365354473023
2702	15.757344834008629
2703	15.79610214205781
2704	15.78301931376045
2705	15.715396372337564
2706	15.631281414169663
2707	15.733132822457302
2708	16.01987169029214
2709	15.681630782066119
2710	15.562209994552786
2711	15.567868128707492
2712	15.712661542597633
2713	15.660077318061614
2714	15.371539514803661
2715	15.79526684980838
2716	15.995072321475407
2717	15.761206172044641
2718	15.740393813765904
2719	15.763750059664009
2720	15.80228566796959
2721	15.865843350252787
2722	15.785157906735822
2723	15.640985904069193
2724	15.613184926769561
2725	15.838100754412388
2726	15.739424574153176
2727	15.742317929272605
2728	15.83537733480532
2729	15.764735603829571
2730	15.756006704551353
2731	15.683047842335773
2732	15.666014962226711
2733	15.820022633700352
2734	15.581077814922125
2735	15.676824600946452
2736	15.747759877917845
2737	15.924904909043324
2738	15.910235568131807
2739	16.055107008006697
2740	16.173059040543578
2741	15.526407032625928
2742	15.672932821377136
2743	15.579200812722911
2744	15.710409731132838
2745	15.575446605262162
2746	15.74660691439174
2747	15.572131833633527
2748	15.873786374815975
2749	15.694017721815214
2750	15.990388989753631
2751	15.61613051362594
2752	15.68115872726967
2753	15.409777104616039
2754	16.02814523143438
2755	15.864709099653922
2756	15.923982306326954
2757	15.841829849004071
2758	15.558317148597592
2759	15.79531722339074
2760	15.907374379961556
2761	15.907085163982044
2762	15.685566208258667
2763	15.530451693016323
2764	15.718738026075783
2765	15.922249819590261
2766	15.908334373001003
2767	15.71969847294092
2768	15.660182643051003
2769	15.73427421272045
2770	15.717141898110397
2771	16.021598062200372
2772	15.884408330937646
2773	15.640798637728668
2774	15.671738977524399
2775	15.794786787465211
2776	15.754987031093188
2777	15.712644521940442
2778	15.676062580219758
2779	15.465822025904934
2780	15.820051504616702
2781	16.083414693631372
2782	15.773632157114438
2783	15.795438956849774
2784	15.814759757783023
2785	15.657743246530549
2786	15.582304896128125
2787	15.890642520228646
2788	15.801511624250354
2789	15.795253296200787
2790	15.762781832638424
2791	15.885231404097647
2792	15.552011472148921
2793	15.872872760093351
2794	15.81837047845333
2795	15.89654598011203
2796	16.065439342170624
2797	15.818235900043163
2798	15.882282246945284
2799	15.922674993669492
2800	15.259729088564749
2801	15.914784205971864
2802	15.91697927110905
2803	15.855643402594778
2804	15.805223899262927
2805	15.983514666614171
2806	15.749725070505512
2807	15.722128419648339
2808	15.738765523653912
2809	15.823717498348845
2810	15.617110107104443
2811	15.805427459715057
2812	15.533507346110763
2813	15.756048734744455
2814	15.830301836923814
2815	15.938443743909431
2816	15.599289454748167
2817	15.900064756692045
2818	16.229858026199125
2819	15.80000251250398
2820	15.59422860366869
2821	15.69440833259089
2822	15.874347737567877
2823	15.612542269686534
2824	15.92886254017529
2825	15.59236149339569
2826	15.533892323360707
2827	15.521491319493094
2828	15.66021912953541
2829	15.84241572825605
2830	15.563960247248817
2831	15.557100756179954
2832	15.83483147579773
2833	15.71591313651459
2834	15.692667432718997
2835	15.685016377831094
2836	15.948114268911016
2837	15.61351835056345
2838	15.64237320914176
2839	15.55575818497389
2840	15.79017546694596
2841	15.676315352178593
2842	15.97907879728371
2843	15.908561262164822
2844	15.715891272456675
2845	15.792290392295595
2846	15.709702498071804
2847	15.773351483868622
2848	15.62656547194109
2849	15.671489617338446
2850	15.802475394500423
2851	15.578452852390903
2852	15.557557822051367
2853	15.406755885199356
2854	15.847252016867415
2855	15.770262848960511
2856	16.013430145459274
2857	15.58161311164732
2858	15.78969000992153
2859	15.833972856391952
2860	15.816829270491636
2861	15.772641531571791
2862	15.77995560883628
2863	15.7472816236505
2864	15.630144941687108
2865	15.576690049808713
2866	15.4385578990608
2867	15.65484311412003
2868	15.71898045400573
2869	15.621862794795865
2870	15.587805403846554
2871	15.734581943563487
2872	15.874104731595155
2873	15.759641935854908
2874	15.875329653758273
2875	15.610577557577239
2876	15.523330943140957
2877	15.627190966630806
2878	15.59075059589319
2879	15.543239036496459
2880	15.79463782187571
2881	15.638408504972778
2882	15.531245626301871
2883	15.76489622117615
2884	15.766945337957637
2885	15.685634452227845
2886	15.835213713200499
2887	15.400248356276855
2888	15.689096154281653
2889	15.817856708029913
2890	15.775845147627651
2891	15.680147856889084
2892	15.635438501411024
2893	15.829432188338926
2894	15.731297582428018
2895	15.523595232292166
2896	15.73461448886505
2897	15.672992418267542
2898	15.68060810129952
2899	15.912889447899227
2900	15.350985891991062
2901	15.598564200499343
2902	15.606369770583253
2903	15.791287884164202
2904	15.958291323068886
2905	15.7569580411427
2906	15.592367735601272
2907	15.83605516958662
2908	15.76650733471436
2909	15.625532955394624
2910	15.700240238835564
2911	15.625232169138894
2912	15.531778446598226
2913	15.60097999790342
2914	15.611158688722039
2915	15.553813008664445
2916	15.675015842440265
2917	15.579173704088545
2918	15.672021115826547
2919	15.67668951647423
2920	15.723562333172278
2921	15.76084634341736
2922	15.65823904627947
2923	15.712982537312188
2924	15.603753753675777
2925	15.497120035320341
2926	15.769258548064721
2927	15.809428547881515
2928	15.723920304076405
2929	15.833518618253425
2930	15.519410013916282
2931	15.366860975613598
2932	15.675911515463982
2933	15.62346731016148
2934	15.879370308854698
2935	15.713957079337993
2936	15.532705094056695
2937	15.752491383412883
2938	15.752394702096444
2939	15.495917757235649
2940	15.550618351910888
2941	15.34280104786208
2942	15.64178668384162
2943	15.691062138786759
2944	15.618071593315092
2945	15.671265691663821
2946	15.577982628586488
2947	15.754310601976126
2948	15.597897181620963
2949	15.777190725350271
2950	15.858410740575486
2951	15.778600726489637
2952	15.523164220594197
2953	15.813656198642436
2954	15.796071998702004
2955	15.699440694112484
2956	15.418978673575735
2957	15.646745582010515
2958	15.48753686411404
2959	15.864103909676489
2960	15.668599189881272
2961	15.696749337092967
2962	15.715413794265897
2963	15.738010885712153
2964	15.72280351925394
2965	15.63013716205493
2966	15.371816099996156
2967	15.664412357042366
2968	15.873222351682731
2969	15.567998280352858
2970	15.703177295284622
2971	15.574878766685584
2972	15.727234809103143
2973	15.60600299270253
2974	15.668552119014528
2975	15.697253743426868
2976	15.585527656775287
2977	15.853940394174712
2978	15.68613181564225
2979	15.896524416966416
2980	15.544682594341083
2981	15.844192087331338
2982	15.640756066440611
2983	15.718329309927686
2984	15.399828002439556
2985	15.393240145449287
2986	15.569840524875916
2987	15.578573815110135
2988	15.734209339857824
2989	15.715074187777361
2990	15.738755845983139
2991	15.870513332299781
2992	15.658401646211448
2993	15.484033666965813
2994	15.363016654687595
2995	15.652472015767014
2996	15.690097594114953
2997	15.868208523737795
2998	15.77447499020577
2999	15.676689922932386
3000	15.68224324639152
3001	15.358647015243255
3002	15.766661354915238
3003	15.608330885999125
3004	15.77585381458067
3005	15.587998815377421
3006	15.555988499337492
3007	15.763662311887067
3008	15.614206010576165
3009	15.388427441727652
3010	15.582389964811899
3011	15.780928713628397
3012	15.34109745615924
3013	15.802457878355462
3014	15.549318324046906
3015	15.539729070114472
3016	15.524298743910203
3017	15.644384106062276
3018	15.42611278033897
3019	15.52188657629121
3020	15.440739465041394
3021	15.449753818034582
3022	15.64710848476761
3023	15.594609053539779
3024	15.754593522570786
3025	15.589297342479869
3026	15.537108657957901
3027	15.65251848942102
3028	15.59516736698688
3029	15.927197679785323
3030	15.619380352287898
3031	15.688984557616195
3032	15.710542530636946
3033	15.712738686349688
3034	15.421558464027717
3035	15.550675874976664
3036	15.803449519981584
3037	15.526792078311216
3038	15.391654227451918
3039	15.705170446023914
3040	15.724917554960003
3041	15.540415625614013
3042	15.763213058719936
3043	15.60741464444979
3044	15.770546327574536
3045	15.443479307373488
3046	15.634145756133044
3047	15.685592462738574
3048	15.611692697761908
3049	15.615025915421567
3050	15.468656808353272
3051	15.629857167998367
3052	15.419107347124292
3053	15.596828976994024
3054	15.546182338273368
3055	15.83617019732785
3056	15.846164233918632
3057	15.771778544112394
3058	15.74272683779704
3059	15.738817308746958
3060	15.29636023247295
3061	15.914887350946781
3062	15.666043671271497
3063	15.547236371216684
3064	15.485814598657834
3065	15.502368722346707
3066	15.963505975111781
3067	15.502325148130737
3068	15.692139645748865
3069	15.640091201721367
3070	15.639710793207843
3071	15.92779329239728
3072	15.67502045176195
3073	15.640409687799872
3074	15.434319443098497
3075	15.434439308351084
3076	15.312277851763072
3077	15.585585209611871
3078	15.67191098113807
3079	15.699052380646252
3080	15.6070393092347
3081	15.751113908590645
3082	15.685207514344855
3083	15.701065995442862
3084	15.481378951380847
3085	15.586677222137178
3086	15.45506937952885
3087	15.619696685375143
3088	15.62796806318049
3089	15.757298536211195
3090	15.64422495841411
3091	15.41086860773466
3092	15.653662190011069
3093	15.571197612665115
3094	15.688026452064335
3095	15.490674717586668
3096	15.713879969441193
3097	15.582366730220343
3098	15.693164848443786
3099	15.528741603810424
3100	15.30629092673944
3101	15.604598848448953
3102	15.813406028631306
3103	15.81217417215158
3104	15.408574027497496
3105	15.733986324270166
3106	15.24508727322229
3107	15.606497792631394
3108	15.36897880514817
3109	15.602122556598554
3110	15.486830975997977
3111	15.641653717498896
3112	15.519208125224052
3113	15.72249607605554
3114	15.73400111914507
3115	15.520468581075491
3116	15.531368829281844
3117	15.664454647764583
3118	15.417768615336273
3119	15.599131106270056
3120	15.390728382781248
3121	15.610817578008957
3122	15.726385327302076
3123	15.600765003579337
3124	15.494556196654301
3125	15.682132253266575
3126	15.546149849143767
3127	15.244023496491181
3128	15.601735269932771
3129	15.581788659867762
3130	15.48925967668548
3131	15.569016386705588
3132	15.413038080932854
3133	15.471659462172715
3134	15.641336110630922
3135	15.714895161770736
3136	15.634746629053932
3137	15.37655173909237
3138	15.728384646360368
3139	15.54842738787726
3140	15.590076251727485
3141	15.523988973528375
3142	15.460259168120574
3143	15.480812953441639
3144	15.469743336812723
3145	15.665444614559737
3146	15.634791682826505
3147	15.511376915185428
3148	15.64056836153796
3149	15.555101213265859
3150	15.707338222973426
3151	15.640003792167356
3152	15.557241511963971
3153	15.487757346081803
3154	15.586308179478307
3155	15.537407423021882
3156	15.6686160896559
3157	15.447273069186805
3158	15.512532000087203
3159	15.610237113951971
3160	15.532642651454898
3161	15.733604902305759
3162	15.414776941489174
3163	15.48138072719533
3164	15.803827435678643
3165	15.65357427906805
3166	15.62443537735731
3167	15.4832817256113
3168	15.425004194354742
3169	15.617008177610899
3170	15.44902742033532
3171	15.601485458897958
3172	15.29146270696375
3173	15.722718381877991
3174	15.960916266313129
3175	15.654628516202786
3176	15.617767897082297
3177	15.509379796756475
3178	15.755717487661641
3179	15.63297898913234
3180	15.557386162764313
3181	15.654459993278248
3182	15.645629563790077
3183	15.669813021889158
3184	15.525682994426317
3185	15.450329331069922
3186	15.659674801787462
3187	15.489274368269633
3188	15.415744454723384
3189	15.412264564732848
3190	15.59991494134861
3191	15.649480894029166
3192	15.331607810524375
3193	15.722714407598799
3194	15.513387396792513
3195	15.53775826243817
3196	15.464889735612495
3197	15.560194832641827
3198	15.652324787818092
3199	15.496028058980968
3200	15.50302767811003
3201	15.588251738328534
3202	15.552995595156146
3203	15.462983833355068
3204	15.614186602891131
3205	15.433692830481242
3206	15.420323415354652
3207	15.420413123331304
3208	15.51944725382738
3209	15.680347540790866
3210	15.674144910163122
3211	15.521575735968556
3212	15.681314655156461
3213	15.533143990592468
3214	15.517394802788123
3215	15.359950082082403
3216	15.759934076279066
3217	15.476573389020924
3218	15.469343908618937
3219	15.378686269414768
3220	15.547528009207987
3221	15.344666958636129
3222	15.506615441232926
3223	15.538536064303463
3224	15.497236801241964
3225	15.338142097648367
3226	15.58686251251218
3227	15.662762721374058
3228	15.513388271097543
3229	15.533775068690545
3230	15.410982591986041
3231	15.640291212531395
3232	15.454871854903145
3233	15.695557511146216
3234	15.524250929441674
3235	15.39561350886849
3236	15.590476014554827
3237	15.541719606006074
3238	15.740478439123422
3239	15.459001742630605
3240	15.361234432674333
3241	15.571794757400342
3242	15.469093718987537
3243	15.594594182469196
3244	15.28885066311753
3245	15.426996258338377
3246	15.758167588888702
3247	15.466877217922063
3248	15.745929031794871
3249	15.53914506542681
3250	15.732074221792406
3251	15.742192746604717
3252	15.68597031469444
3253	15.50265754914307
3254	15.349971649635355
3255	15.601961794183657
3256	15.575784863585714
3257	15.36884273698715
3258	15.62058714056586
3259	15.639068981269112
3260	15.321898447338242
3261	15.453981321589644
3262	15.477522567936187
3263	15.322179729028775
3264	15.407753698762887
3265	15.722633087382352
3266	15.634447393021087
3267	15.537739824672498
3268	15.259388447883767
3269	15.57548072696074
3270	15.560376582333786
3271	15.628828068299491
3272	15.557094713185775
3273	15.68527853291233
3274	15.491622804689438
3275	15.601186954248979
3276	15.764260626643859
3277	15.281766358578851
3278	15.653488241954937
3279	15.688712753034965
3280	15.42700635643868
3281	15.465977304275361
3282	15.373064749204973
3283	15.561936081111527
3284	15.607944640004334
3285	15.286172066412025
3286	15.748180277816065
3287	15.424231734306542
3288	15.427916405907757
3289	15.517357497591616
3290	15.69891341963722
3291	15.835716888408646
3292	15.374864030053475
3293	15.63524969685357
3294	15.221148508394098
3295	15.461709580303872
3296	15.432687221664645
3297	15.49149536015929
3298	15.581363726885742
3299	15.329551597893484
3300	15.588924148996954
3301	15.45388968383282
3302	15.581565456968043
3303	15.705914765360948
3304	15.472008462991052
3305	15.51034272451786
3306	15.605737216475287
3307	15.44243697178086
3308	15.382978181906214
3309	15.674104032032336
3310	15.57191645701218
3311	15.482875148926963
3312	15.607538068374538
3313	15.37900436242964
3314	15.660621730906795
3315	15.208437475185704
3316	15.64950628003949
3317	15.46311917060209
3318	15.49148531239808
3319	15.546568385468994
3320	15.561942338243984
3321	15.267251766176186
3322	15.601475726241002
3323	15.472518143895842
3324	15.760122309014676
3325	15.519164180742267
3326	15.515392423016154
3327	15.489472897157308
3328	15.442539818484162
3329	15.582225630419044
3330	15.410483440795959
3331	15.326768129379005
3332	15.360184209412823
3333	15.304939766131302
3334	15.38006427215071
3335	15.350805017481846
3336	15.800909258403742
3337	15.529901431479578
3338	15.46113020301255
3339	15.53696649774419
3340	15.423655830415353
3341	15.541091360811423
3342	15.58035625309523
3343	15.55699319056384
3344	15.399536038796867
3345	15.418723614316738
3346	15.593568472057854
3347	15.666620833187395
3348	15.677417896793887
3349	15.479209325690741
3350	15.35051779465902
3351	15.503295721601695
3352	15.31882950134413
3353	15.511570633922345
3354	15.446519094012235
3355	15.36725063784042
3356	15.344103180760476
3357	15.46139816386272
3358	15.486686363333497
3359	15.47773909606126
3360	15.687355205306961
3361	15.244004985972534
3362	15.760557736691007
3363	15.62709564494623
3364	15.380854640148577
3365	15.294681939385988
3366	15.495757969191283
3367	15.315945700415813
3368	15.39787129244489
3369	15.47277262390636
3370	15.635580418218744
3371	15.486223333781448
3372	15.443357993922792
3373	15.429360636852921
3374	15.476663992155663
3375	15.542414528025784
3376	15.398478657361734
3377	15.593338497891258
3378	15.455326105735837
3379	15.369020343294817
3380	15.457694111273124
3381	15.756255193822065
3382	15.438680552080594
3383	15.368990437997256
3384	15.566931529198746
3385	15.586802484185164
3386	15.289599256093757
3387	15.312170148793609
3388	15.53369518628502
3389	15.472365860574051
3390	15.324936133807386
3391	15.646013644055557
3392	15.313212844662242
3393	15.341614747225336
3394	15.49496542458557
3395	15.22805930943856
3396	15.522127562892425
3397	15.60092517726879
3398	15.382196169177046
3399	15.523653796942012
3400	15.418986310147744
3401	15.492184397742328
3402	15.350861102016315
3403	15.347052289320194
3404	15.430632135235122
3405	15.401928033119148
3406	15.399834456660601
3407	15.453349448053691
3408	15.441909394670173
3409	15.559352211917874
3410	15.554457386349808
3411	15.41448630625642
3412	15.46234751650187
3413	15.59877248970108
3414	15.174722821578056
3415	15.553528107440625
3416	15.49500270075408
3417	15.575532848395188
3418	15.623102689403073
3419	15.477187578876936
3420	15.630093776171899
3421	15.561626583986174
3422	15.40562314847383
3423	15.526759956264907
3424	15.491657662679003
3425	15.424844997254104
3426	15.389266885435704
3427	15.5445981909443
3428	15.374133834501677
3429	15.33467574638013
3430	15.313206977750443
3431	15.287350805938415
3432	15.348147759659776
3433	15.529516407806568
3434	15.463299084255981
3435	15.557340324302169
3436	15.276851548373468
3437	15.483768111410976
3438	15.429287115756805
3439	15.444774482973882
3440	15.33766163681417
3441	15.206509207689734
3442	15.412261627244387
3443	15.443699034951175
3444	15.283791834423752
3445	15.125418688197671
3446	15.302869477742165
3447	15.20286980171925
3448	15.367159668061845
3449	15.443239975981577
3450	15.544334750468334
3451	15.475031108800168
3452	15.392447396061897
3453	15.640897819773398
3454	15.722063668347266
3455	15.137887133856347
3456	15.42703738138626
3457	15.41685046093958
3458	15.332990853102793
3459	15.415237269000489
3460	15.512337032456893
3461	15.586316325143093
3462	15.449607018812067
3463	15.393053275953225
3464	15.198364159443678
3465	15.56862374865972
3466	15.465470500652286
3467	15.518090350865782
3468	15.399219414660154
3469	15.40696898865134
3470	15.451806570775856
3471	15.208911028375148
3472	15.407804311654127
3473	15.347336083589498
3474	15.352187936124643
3475	15.65748764202275
3476	15.395243829425114
3477	15.628993009909541
3478	15.352586496282525
3479	15.374256570892737
3480	15.472196083422679
3481	15.366935903878874
3482	15.500186347946464
3483	15.281617860569408
3484	15.470101641776525
3485	15.560174667908047
3486	15.497681197512657
3487	15.4138732658696
3488	15.394703040656573
3489	15.664478163771896
3490	15.366402857907156
3491	15.518248430543311
3492	15.49027473010839
3493	15.366277664477327
3494	15.3031734986312
3495	15.287745589366468
3496	15.530856048885099
3497	15.272591329962363
3498	15.416345320743696
3499	15.665735142832082
3500	15.565445512957684
3501	15.107210952515024
3502	15.412025444560491
3503	15.333620333015023
3504	15.46409446736116
3505	15.499166769017112
3506	15.5084096840325
3507	15.272556483599612
3508	15.421927999704623
3509	15.73430710576177
3510	15.09697217946144
3511	15.503154241428911
3512	15.485317588360893
3513	15.360270236711704
3514	15.491516175130897
3515	15.68846967546814
3516	15.303778465044287
3517	15.449366611755396
3518	15.651000433072682
3519	15.615500668483035
3520	15.27381312164056
3521	15.31371155302562
3522	15.370842124814649
3523	15.34217171852949
3524	15.37115001254159
3525	15.572230934461377
3526	15.377065236393406
3527	15.553965452049537
3528	15.582742125868165
3529	15.309336351692549
3530	15.360909327453875
3531	15.514308176355087
3532	15.597939583459022
3533	15.409691852178087
3534	15.34859438563299
3535	15.283767488853579
3536	15.492466176176999
3537	15.519859748344665
3538	15.597940005800233
3539	15.149646433139804
3540	15.363223770895827
3541	15.51770560942723
3542	15.26954739108478
3543	15.438941782690794
3544	15.541516396795677
3545	15.279606505628253
3546	15.298709562692267
3547	15.59021941087233
3548	15.362921009360813
3549	15.355296718228294
3550	15.380656163362483
3551	15.500474645219299
3552	15.443463025116728
3553	15.37108168171661
3554	15.293548154173065
3555	15.540062597093566
3556	15.62066207181808
3557	15.752027145311015
3558	15.561893497629562
3559	15.40861845180573
3560	15.326149870992293
3561	15.501023831890587
3562	15.530806564917972
3563	15.311230172495732
3564	15.593792016796934
3565	15.550052529855359
3566	15.535459186036471
3567	15.681131856970083
3568	15.396736636739709
3569	15.329062704357495
3570	15.315728139867813
3571	15.526673949994567
3572	15.563294735390556
3573	15.196965811657208
3574	15.452000161703822
3575	15.315083346119813
3576	15.406581385460424
3577	15.778984979182075
3578	15.449342000646476
3579	15.566775870095746
3580	15.440328136205597
3581	15.49171590831692
3582	15.17623124814838
3583	15.333184234301633
3584	15.33253326164547
3585	15.26330754933452
3586	15.445817411068461
3587	15.657007846606918
3588	15.395831342238653
3589	15.495684843688306
3590	15.43769604935177
3591	15.391401053433272
3592	15.461695290909827
3593	15.387964754042555
3594	15.430530248651861
3595	15.62033052994458
3596	15.555615189142653
3597	15.466560134006825
3598	15.374352604613508
3599	15.304613715960464
3600	15.450685351978604
3601	15.197206473046547
3602	15.309679153097019
3603	15.437176872134827
3604	15.329169742314733
3605	15.638836809704781
3606	15.393882714347908
3607	15.354695706680483
3608	15.314568320003302
3609	15.198940000140249
3610	15.518493984639006
3611	15.46044172530301
3612	15.315568234228346
3613	15.195379102620056
3614	15.54888423528178
3615	15.275070406360303
3616	15.23628965072793
3617	15.229114551901196
3618	15.235257116910953
3619	15.458508963378211
3620	15.313604498882322
3621	15.218163737147776
3622	15.414159255544737
3623	15.107848383107259
3624	15.530055415009167
3625	15.156129487354114
3626	15.467590865865237
3627	15.348369612494215
3628	15.49470611949838
3629	15.528089198985802
3630	15.326173920044805
3631	15.525347490108723
3632	15.319538520522409
3633	14.936902834987057
3634	15.794986009357443
3635	15.281320129275205
3636	15.492136667060045
3637	15.22488842479244
3638	15.335419673132053
3639	15.459668548649798
3640	15.268261427834108
3641	15.363707329766926
3642	15.347631749346808
3643	15.469939841600942
3644	15.180559398897989
3645	15.350684164853858
3646	15.171016053402521
3647	15.663952597765482
3648	15.155244748016113
3649	15.256746629250342
3650	15.197010483321664
3651	15.163760406026316
3652	15.25186275786975
3653	15.376162631494948
3654	15.22218315757598
3655	15.490295108297918
3656	15.216053305848646
3657	15.326633359532352
3658	15.28485272470049
3659	15.500877991018664
3660	15.330795630281344
3661	15.361173277007858
3662	15.448998950233399
3663	15.41089541577553
3664	15.414690705327322
3665	15.421111038609038
3666	15.409717558531579
3667	15.271916792590567
3668	15.25817391176085
3669	15.212390586010793
3670	15.522557612713612
3671	15.469097638213434
3672	15.31722102922009
3673	15.435145183532107
3674	15.436665101717306
3675	15.405912554119432
3676	15.284817104914735
3677	15.47544690122528
3678	15.403361691043548
3679	15.427525868479258
3680	15.387131493144407
3681	15.397702676630626
3682	15.37297376171636
3683	15.583358494400883
3684	15.165184728713527
3685	15.197583928337895
3686	15.602765323756643
3687	15.31620276730509
3688	15.363686444162635
3689	15.194842507900663
3690	15.590582450784458
3691	15.352527495485152
3692	15.423245915494096
3693	15.202709074372887
3694	15.497768342446324
3695	15.376051676052116
3696	15.344375676244715
3697	15.580427560512708
3698	15.38961714472078
3699	15.306483805824318
3700	15.3673056573709
3701	15.452731422568968
3702	15.212716333725194
3703	15.46044584167364
3704	15.297766443560649
3705	15.453866579216188
3706	15.40333588651433
3707	15.379479225371252
3708	15.388587012260489
3709	15.2867213142171
3710	15.474094919207095
3711	15.374220274215615
3712	15.254680577191603
3713	15.32822537041625
3714	15.431885143040796
3715	15.234459937958826
3716	15.575371480584101
3717	15.192727564676021
3718	15.317643454141344
3719	15.092702548215101
3720	15.154970893477486
3721	15.267935390836405
3722	15.469395266399301
3723	15.18456603967739
3724	15.304518885393447
3725	15.543240984490023
3726	15.361652056854663
3727	15.008556520082385
3728	15.550595538389272
3729	15.390997969813276
3730	15.336309292410363
3731	15.15791276813763
3732	15.443786970631535
3733	15.330120165171657
3734	15.512211784970996
3735	15.271210269918877
3736	15.343951791253538
3737	15.381755820723086
3738	15.287881578341782
3739	15.145128243059228
3740	15.431350874656406
3741	15.353067027278998
3742	15.480987548534456
3743	15.404549351210692
3744	15.207998177879254
3745	15.329483147172727
3746	15.26803258082395
3747	15.107966718023382
3748	15.324271264739616
3749	15.368124419829183
3750	15.316668922562425
3751	15.282285966863109
3752	15.457890847459229
3753	15.458066364878507
3754	15.256378139345731
3755	15.19503166275749
3756	15.258267904140133
3757	15.39334851856077
3758	15.207261399329072
3759	15.623915295454843
3760	15.280469072445449
3761	15.472461614660245
3762	15.413660665479473
3763	15.340439926492317
3764	15.29185428786459
3765	15.339344824903202
3766	15.34671911599615
3767	15.376961566305944
3768	15.384187718118058
3769	15.39443509385365
3770	15.50108618896931
3771	15.118813970054074
3772	15.493886980361646
3773	15.21705111025603
3774	15.251259685230306
3775	15.336539889726977
3776	15.363630310273408
3777	15.155608491938054
3778	15.31398646688615
3779	15.573990162789974
3780	15.317577530314276
3781	15.294577470197117
3782	15.358177613883464
3783	15.520503127485533
3784	15.485117052466311
3785	15.329580868905941
3786	15.447543563290582
3787	15.25267023640638
3788	15.171239281044397
3789	15.398955133121024
3790	15.213259752960676
3791	15.27698387207126
3792	15.444425769255732
3793	15.521956119720222
3794	15.402862917216275
3795	15.14950421981667
3796	15.482706010260387
3797	15.4676055911374
3798	15.106321095324285
3799	15.011964190069467
3800	15.433164152565164
3801	15.16950608717474
3802	15.286230116343011
3803	15.5081672321846
3804	15.390656206352181
3805	15.430651680005857
3806	15.449142574324608
3807	15.167341770582286
3808	15.469695869352046
3809	15.448674792944317
3810	15.394893369663345
3811	15.423305585799515
3812	15.381879133113468
3813	15.294707613159813
3814	15.385482935072247
3815	15.494077811538896
3816	15.42408309100762
3817	15.242992012655481
3818	15.371785339898846
3819	15.305757390155774
3820	15.279322541412984
3821	15.345179696248868
3822	15.332795148784355
3823	15.473938816103729
3824	15.169810258695525
3825	15.15699455764996
3826	15.21833536234653
3827	15.36627892437603
3828	15.505128506354785
3829	15.366870317871115
3830	15.146206604389194
3831	15.345513301782075
3832	15.118870274317338
3833	15.487948230239102
3834	15.2820129661671
3835	15.511445984195477
3836	15.403871393755027
3837	15.387542087474188
3838	15.166546202768787
3839	15.063484405932225
3840	15.153463542654604
3841	15.1472681139722
3842	15.39852751420376
3843	15.254591553649966
3844	15.263175611632509
3845	15.718238569264132
3846	15.148117938197176
3847	15.351244474229793
3848	15.336046968816566
3849	15.483410402336073
3850	15.392303714562882
3851	15.347991786916358
3852	15.25555262047341
3853	15.27343206478174
3854	15.458094171819155
3855	15.318930414119787
3856	15.191951963439953
3857	15.218194794516618
3858	15.29423734734435
3859	15.22911610049906
3860	15.26068260826326
3861	15.395266286830996
3862	15.338101594910404
3863	15.36610998437054
3864	15.070260924702977
3865	15.27792545694961
3866	15.247065641908147
3867	15.15212152905004
3868	15.25899556691467
3869	15.33589198234703
3870	15.464221962713186
3871	15.24725945882337
3872	15.319811923290825
3873	15.012085205704004
3874	15.197892135522427
3875	15.219803617186182
3876	15.12637666037448
3877	15.196733233810754
3878	15.452883307490833
3879	15.207370343632377
3880	15.194310971854458
3881	15.136833613578352
3882	15.241787732078743
3883	15.468224628744538
3884	15.348759378839976
3885	15.216591721965395
3886	15.173918522843433
3887	15.325547726694369
3888	15.350437132923034
3889	15.490407838555209
3890	15.376866138863955
3891	15.367809293635945
3892	15.213163595682104
3893	15.356944260080306
3894	15.409189054637334
3895	15.431472074887571
3896	15.196895414623226
3897	15.163826246271084
3898	15.203510561553927
3899	15.248986677046561
3900	15.26159822174774
3901	15.547521175156888
3902	15.276347644591315
3903	15.505604807100829
3904	15.422877008232133
3905	15.137186593094988
3906	15.244483235083234
3907	15.129346802330861
3908	15.31678135665079
3909	15.184372519077193
3910	15.112187813481853
3911	15.277605956861356
3912	15.243826470341084
3913	15.353573704960075
3914	15.529547174242529
3915	15.300923656873657
3916	15.20747179940554
3917	15.307937791348401
3918	15.330911040148818
3919	15.309948396243998
3920	15.24543051625107
3921	15.326461365739041
3922	15.169636959065102
3923	15.494231099278059
3924	15.204197346225218
3925	15.401381142362952
3926	15.28990737274291
3927	15.398127049941058
3928	15.216322295617733
3929	15.41463538529112
3930	15.286871717825033
3931	15.31295216269138
3932	15.268761242367473
3933	15.25990479661754
3934	15.288463941564826
3935	15.263136317486913
3936	15.368679172772802
3937	15.384683140177586
3938	15.304509137654712
3939	15.5723182462283
3940	15.301804722353042
3941	15.513804798576288
3942	15.407446137358058
3943	15.259602152719214
3944	15.37533385153573
3945	15.50751318027376
3946	15.22452567417809
3947	15.222755363418484
3948	15.214522221749093
3949	15.160638777722967
3950	15.293977944168796
3951	15.582200206390164
3952	15.372989229046961
3953	15.140415720658922
3954	15.392188105740564
3955	15.322599486608565
3956	15.131203878989327
3957	15.212666728037766
3958	15.253381202305626
3959	15.241358822306815
3960	15.183687650976667
3961	15.45146942036024
3962	15.482535945663107
3963	15.489369249435189
3964	15.412185679838716
3965	15.495885141970344
3966	15.293721328324159
3967	15.043442233456055
3968	15.253280837404201
3969	15.27978612792478
3970	15.098340245793866
3971	15.248907312553206
3972	15.328647405088283
3973	15.111239825852143
3974	15.470397492894907
3975	15.340771727286098
3976	15.41383491764175
3977	15.24876013656862
3978	15.361387690763245
3979	15.198003206696692
3980	15.083565648282207
3981	15.371638721100668
3982	15.49468918791866
3983	15.29506426356947
3984	15.373052211739019
3985	15.199105951599693
3986	15.62801560194019
3987	15.25175791998188
3988	15.396966377520416
3989	15.286901331755525
3990	15.229675424816113
3991	15.164573569252216
3992	15.116782077240952
3993	15.139835656484626
3994	15.354045714452138
3995	15.318851437713418
3996	15.052124622610483
3997	15.51644246714769
3998	15.210079081592308
3999	15.481622827263848
4000	15.216280669476557
4001	15.334723822932805
