1	535.2090780465204
2	490.1036027686445
3	218.52308747488527
4	308.87412341027857
5	177.17997445830315
6	178.00512026010327
7	209.68374902160923
8	125.63039560258221
9	115.98320255349228
10	93.9107531516614
11	79.93957520988096
12	70.32913248338866
13	74.02806161941123
14	69.07412149019184
15	68.35057078794678
16	73.55905442771815
17	67.37768943938937
18	59.9822585997416
19	62.948938883940095
20	56.87051682346196
21	57.076244036941134
22	53.18958512916629
23	51.33686993723413
24	50.3159787659689
25	48.660711574014975
26	50.34677608568152
27	47.31451985754234
28	44.973869698943204
29	43.776229037930975
30	44.56291046019823
31	46.41360889016159
32	41.75174463631284
33	41.53713072406223
34	41.29614911966403
35	42.4455614875501
36	39.887499830996134
37	39.97974683870853
38	39.44725026105103
39	39.15457397370308
40	38.87011353858049
41	38.43522607565084
42	38.17982961501431
43	38.56575384344526
44	38.11415421671979
45	38.48898671504503
46	38.174073205431306
47	37.25853531447021
48	38.04354997696155
49	37.736178663330136
50	37.619369736337646
51	37.737153420502324
52	37.712064022520345
53	38.342559501533884
54	37.461732949800435
55	37.09943279751261
56	36.971478487727545
57	37.76011097865186
58	37.00644298037137
59	37.234589874921404
60	37.04191572838319
61	37.251420993791925
62	36.872521214032204
63	36.43438096448943
64	36.55426092371375
65	36.82401803220827
66	36.90656759252265
67	36.23636445928292
68	36.88636761628849
69	36.102932257084326
70	36.34756360155479
71	36.62816242495677
72	36.25405407813382
73	36.03155847449653
74	36.17356083638047
75	36.18210028147699
76	36.568189073673196
77	36.00138650921975
78	36.139191940367716
79	35.612318274100026
80	36.06409127560833
81	35.78751218561996
82	36.14974373406955
83	35.89118817663696
84	35.994584553839125
85	35.681974620212245
86	35.515339409176214
87	35.716251674260455
88	35.922511930549135
89	35.973456473112755
90	35.855702506289944
91	35.743035435460726
92	35.93393670799672
93	36.06204611046278
94	35.750900878685975
95	36.08903931993831
96	35.88422086311367
97	35.76971748601594
98	35.585875032658464
99	35.87758744309226
100	35.835133097881936
101	35.71972935428399
102	35.73109012443519
103	35.908864872360745
104	35.62393627267958
105	35.46823378105611
106	35.548360200079095
107	36.03926361435057
108	35.79534211222854
109	35.33682887354993
110	35.63735062692281
111	35.72475977293556
112	35.59540926653506
113	35.59803700743934
114	35.50061497127294
115	35.580014277714305
116	35.42862444287643
117	35.625256372806334
118	35.31089640703977
119	35.64725828290044
120	36.126765358552454
121	35.585342083011845
122	35.30110553272935
123	35.27857719017463
124	35.424682029400735
125	35.61354717824861
126	35.712504603946584
127	35.20622529098039
128	35.47979457512043
129	35.4775266797612
130	35.7789018891764
131	35.54272959502791
132	34.891751231332314
133	35.435910486508135
134	35.45380559318701
135	35.474113530738435
136	35.091376010538724
137	35.59831120171662
138	35.61602083842065
139	35.315518514351666
140	35.0979497042866
141	35.472326771125125
142	35.089991545743466
143	35.00804799104478
144	35.05305072422754
145	35.29443582701586
146	35.464103913307255
147	35.407789569255
148	35.23283553026572
149	34.89657862809146
150	35.06268216214812
151	35.15122167045327
152	35.28268253745098
153	34.779848422393535
154	35.47312378326785
155	35.31955002015428
156	35.26022960929531
157	35.47927246348248
158	35.53591429883473
159	35.14357477576542
160	35.16649156406895
161	35.43243335691942
162	35.00959414806697
163	35.08735969737217
164	35.09622984173471
165	35.09622619841718
166	35.13325548613751
167	35.34751051209038
168	35.02308331982422
169	35.304863544608395
170	35.24468699691961
171	34.817082587495634
172	35.20179098556001
173	34.90828381284242
174	35.44075347303173
175	35.31145714401847
176	35.35133340896947
177	35.087672045759035
178	34.97992753752571
179	35.645883715435275
180	35.32927637639126
181	35.177752080904
182	35.156882431899994
183	34.768817689850785
184	35.42716677531413
185	35.07229269707362
186	35.347530587086375
187	35.19849986420908
188	35.099319297518704
189	34.8835124132883
190	35.38947176784632
191	35.43114892277042
192	35.056301616059116
193	35.001055046076935
194	34.91140882836767
195	34.97902796682509
196	34.8510153950195
197	34.80061653588527
198	35.176686354222255
199	35.34042914741523
200	34.931633769591144
201	34.97447841155513
202	34.925463991262426
203	35.15749004531947
204	35.320733149409044
205	34.89383484013195
206	35.135953340825274
207	34.97701515203052
208	35.154126381381694
209	35.127803408581826
210	34.96591154888262
211	34.89065495473464
212	34.96045714273992
213	34.70710633777139
214	35.04065563210697
215	34.459555479677704
216	34.79009193618505
217	34.97438307871905
218	35.14497868292203
219	34.96863981942838
220	34.865374352210445
221	34.872051019960615
222	34.464878880991876
223	34.860832285210144
224	35.14939417422189
225	34.868953447404344
226	34.77536818756373
227	34.65579893882734
228	35.25062188182998
229	34.84315418140576
230	34.93990625613596
231	34.61053961211595
232	35.264908622709676
233	35.11259845614069
234	34.85326370917321
235	34.789888788100846
236	34.57339978978161
237	34.740572985596856
238	34.94650516370736
239	34.94735281140009
240	34.74372229120437
241	34.647321820374486
242	34.66045472551466
243	34.790762412170295
244	34.8150152681812
245	34.89563726771745
246	35.19242794828379
247	35.18820625739831
248	34.812677541796766
249	34.890538364141804
250	34.90867300301649
251	34.62347044039757
252	34.942186717395636
253	34.986707105539026
254	34.959213106328704
255	34.503883064109836
256	35.02003928862248
257	34.7938489118693
258	35.05100545690675
259	34.72253896054328
260	34.74079847887284
261	34.98361660370754
262	34.74438900065278
263	34.73315265179348
264	34.92241595718013
265	34.85960098843907
266	34.94189165964988
267	34.859975668985996
268	34.721991172891926
269	34.992984669352936
270	35.143860038924885
271	34.8802783528494
272	34.70779184063138
273	34.661873016752004
274	35.072599305012034
275	35.049038310962075
276	34.58926486275641
277	34.57545681212002
278	35.00876029563641
279	34.5381783720083
280	35.08099983305351
281	34.749164012523735
282	34.65505444441318
283	34.73612254823126
284	34.673369617910744
285	34.65045143441349
286	34.669207754219144
287	34.88257469383308
288	35.11422633370714
289	35.07910437166205
290	34.699057359628426
291	35.139109312192396
292	34.60308869610386
293	34.81694813499844
294	34.54674508624482
295	34.678361520238454
296	34.631468102875154
297	35.05957185112357
298	34.66497086282774
299	35.08472784384209
300	34.83517576310865
301	34.68000080850137
302	35.04835212962366
303	34.68611030071652
304	34.61938250079409
305	34.84638111551207
306	35.00386404168397
307	34.68798799152132
308	34.784391882061136
309	34.52240963560066
310	34.47933478638338
311	34.6206384112078
312	34.80945063790333
313	34.88761022361431
314	34.94137121337424
315	34.817820301591375
316	34.8724338832891
317	34.8460646837188
318	34.53112156948201
319	34.658699003731655
320	34.96922256499893
321	34.69362340262675
322	34.57155956027101
323	34.46877895800695
324	34.754065155976555
325	34.69966288389473
326	34.408639458486086
327	34.4416066118685
328	34.73135377566324
329	34.7662954027631
330	34.28421044621736
331	34.544914755364616
332	34.651885252528615
333	34.28010301880476
334	34.92213249287028
335	34.91233823811224
336	34.72537811803001
337	34.854768336239175
338	34.55472726300524
339	34.36369110671401
340	35.07698954042015
341	34.64945565699227
342	34.70594487166491
343	34.603012559618925
344	34.81637739606509
345	34.91574380700591
346	34.832743769926445
347	34.36505948362178
348	34.86270753330321
349	34.58867593344574
350	34.77487086059598
351	34.69289208715407
352	34.582995174245475
353	34.927489627466436
354	34.87488927977474
355	34.50076370546247
356	34.68583590304391
357	34.57887304575501
358	34.63584618755899
359	34.813327410765986
360	34.51364879871374
361	34.603792184206206
362	34.439896617790424
363	34.616726640436305
364	34.93363982178241
365	34.65637178064954
366	34.841533926334385
367	34.52257712276727
368	34.55723045879169
369	34.523488193710385
370	34.66776481967328
371	34.796419919352076
372	34.33814309477065
373	34.5174312182734
374	34.36316451691907
375	34.54179688478845
376	34.59671536531704
377	34.47987422059797
378	34.39131503715803
379	34.56504681558662
380	34.494938820710175
381	34.37978904416631
382	34.74740210460006
383	34.459124313172374
384	34.83820087751057
385	34.50181802792579
386	34.64468004374329
387	34.492130399394455
388	34.42350600612175
389	34.92428507756838
390	34.68100813274392
391	34.33676023765387
392	34.681854203184635
393	34.69630786629652
394	34.452248252173035
395	34.50424075854363
396	34.64609465054951
397	34.3028215880856
398	34.11808256778401
399	34.714851097656634
400	34.095982546173396
401	34.40506652137804
402	34.62015608407523
403	34.402931859174736
404	34.457874857331234
405	34.48075984842836
406	34.66662051459063
407	34.345234573766724
408	34.18732906555902
409	34.319987284766185
410	34.26506971128154
411	34.58462086989634
412	34.450628820696
413	34.39062209509009
414	34.95039717452471
415	34.35631490246384
416	34.28567484762448
417	34.62052911005007
418	34.822168286982894
419	34.81894791576527
420	34.64333716569657
421	34.229792131446644
422	34.89911069078571
423	34.257813035987375
424	34.33881067381362
425	34.66343893396507
426	34.49104462912841
427	34.51255819850819
428	34.28397222741639
429	34.414991598170936
430	34.7273496829936
431	34.52025933428271
432	34.37441823365426
433	34.72766292364814
434	34.24818067994415
435	34.50508261447302
436	34.19405328135877
437	34.315376013981904
438	34.500332010057534
439	34.28567477371601
440	34.40857676017069
441	34.57235340935965
442	34.33983893057208
443	34.51819631430789
444	34.15561679565183
445	34.718784933770515
446	34.41096012163391
447	34.61958302342062
448	34.20022394404006
449	34.13754349770191
450	34.71049458166751
451	34.67288175696791
452	34.42082741800731
453	34.57037550212199
454	33.95204181864414
455	34.06897876091712
456	34.20578596758042
457	34.35528088393765
458	34.40725742670826
459	34.685614747021695
460	34.34433670425426
461	34.62023821219971
462	34.2121410067461
463	34.268772743527855
464	34.132899427924364
465	34.71160825688378
466	34.041533863434225
467	34.61777871957563
468	34.662581922037525
469	34.242785007033234
470	34.32877803823793
471	34.15552208705251
472	34.404425286444024
473	34.301095491475046
474	34.27024596527425
475	34.36733068099124
476	34.390416342214955
477	34.31669524114681
478	33.9789696483985
479	34.260329484820495
480	34.3642496104591
481	33.88209338840226
482	34.691088141178966
483	34.31627078427581
484	34.087552256060924
485	34.24118844061685
486	34.48406343853177
487	34.18454208983374
488	34.56220730950092
489	33.975128568466424
490	33.94542437921358
491	34.032023068891206
492	34.302914265964986
493	34.25061192731783
494	34.043729174164405
495	34.50420824141261
496	33.93831133254667
497	34.28959289403751
498	34.081161312809016
499	34.43424203543406
500	34.20702172890585
501	34.435149198526695
502	34.3032415781322
503	34.31029369377853
504	34.03791782806743
505	34.16985309299005
506	34.19640343544091
507	34.04645038704154
508	34.46848462648139
509	34.19454086779841
510	34.152801187821666
511	34.10801198769934
512	34.03685487386698
513	34.171937988034664
514	34.036849439783424
515	33.86970668687101
516	33.67371616204596
517	34.22608062903413
518	34.10333439983676
519	34.543055665722825
520	34.09409910884685
521	34.213247362874796
522	34.05972892479672
523	33.60018070137749
524	34.14156471506031
525	34.11583574838381
526	34.38370444861091
527	34.58400762442483
528	34.387732068683626
529	34.173783771704805
530	33.92365819961587
531	33.91571696063584
532	34.06328062501467
533	33.993585201311596
534	34.17948612872126
535	34.211101359215526
536	34.19517397807573
537	33.86925616851104
538	33.993074942960654
539	34.313719760948295
540	34.67633577701103
541	34.19619008485876
542	33.95734178523509
543	33.881407445461114
544	33.95791734243244
545	34.096136463358114
546	34.08331083574489
547	34.07460497846777
548	33.76728474506284
549	34.090787318364235
550	34.395415170775074
551	34.20309935348998
552	34.056738582604
553	34.114169665376856
554	34.24426190462743
555	33.841308871346556
556	34.00050529185148
557	33.76137855498522
558	33.52705156867969
559	33.875094480147474
560	34.21428943962702
561	33.97577668852043
562	33.84598536283076
563	33.844451705276896
564	33.984259237560316
565	33.962046624199026
566	33.548183165910764
567	34.13407655473293
568	33.894423343042405
569	33.71085909636148
570	33.602444720586696
571	33.83810408666315
572	33.75928551753619
573	33.76999345129637
574	33.941727273260376
575	33.88134414307676
576	33.481260848652965
577	33.745951847287934
578	33.75733943885725
579	33.89833191660578
580	33.85112736764144
581	33.88141728302817
582	34.017518226353324
583	33.74317493156151
584	33.82068784729877
585	33.7417735843317
586	33.653490260729036
587	33.75413160402082
588	33.49661894816125
589	33.650423786003905
590	33.86062788011897
591	33.619224669141104
592	33.657204037010345
593	33.57851725849778
594	33.45674773854232
595	33.3034542979395
596	33.86318776386706
597	33.831720101935296
598	33.63962232346826
599	33.85460560864657
600	33.687759291763776
601	33.82977832864406
602	33.34193069285936
603	33.73338905564141
604	33.73291534224648
605	33.79672062669785
606	33.87399608455862
607	33.19751419457932
608	33.280367028359905
609	33.84697434227258
610	33.709293739153416
611	33.38381306230785
612	33.76992121716618
613	33.41322905335145
614	33.11417085371509
615	33.42103570870761
616	33.513374014614634
617	33.776868073740204
618	33.59461529818311
619	33.35076838491972
620	33.288249982182386
621	33.24235192447682
622	33.360144933754015
623	33.421664889643786
624	33.62063335392659
625	33.16664651846903
626	33.509923584822026
627	33.32375889826402
628	33.20485532863942
629	33.54781690809772
630	33.15404371804203
631	33.515861056531065
632	33.39897312143491
633	33.41428484518941
634	33.10658012079349
635	33.11376675295546
636	33.261340703553664
637	33.369587401357876
638	33.220489460247585
639	33.22557199558222
640	33.24246271730784
641	32.779466107878555
642	32.72051778409724
643	32.953381166415966
644	33.14631916545314
645	33.203722336301965
646	33.16626759177801
647	33.31895451095485
648	33.04761435861948
649	33.00744612965857
650	33.37075313626062
651	32.95641935817844
652	32.98213407642929
653	33.05046937994107
654	32.831105521048265
655	32.62544116245433
656	33.05735410851718
657	33.0544410384974
658	32.80797535593081
659	32.99789847925556
660	32.66258078642882
661	33.04343660616162
662	32.83407973927698
663	32.856369734354715
664	32.71235064702711
665	32.699673110681445
666	32.75085724985872
667	32.89546829415287
668	32.66621911223956
669	32.687299187320434
670	32.71106486869937
671	32.610658468956196
672	32.77066301567009
673	33.11887694887558
674	32.67192603857127
675	32.75165219710599
676	32.59804572616568
677	32.7736174734313
678	32.31126637500476
679	32.67013569439398
680	32.526906994724584
681	32.44143375019979
682	32.39577210497463
683	32.39389168385549
684	32.07060286459274
685	32.64549054319313
686	32.36484180043575
687	32.32011141078767
688	32.21653991943477
689	32.43531296738359
690	31.961542748626652
691	32.465686708672365
692	32.13507310987066
693	32.33483701250696
694	32.440560468782
695	32.06098753996209
696	32.434798780574866
697	32.09568206022077
698	32.03596009835506
699	32.191625398180655
700	32.185079510452766
701	32.019289613492404
702	32.174174972078355
703	32.47648304976395
704	32.00615283417332
705	32.02864315319066
706	31.79371519817808
707	31.98009550233412
708	31.907537214635354
709	31.861839924451743
710	32.114420632216074
711	32.13177735474271
712	31.966285315555826
713	32.11833314555385
714	32.02946882443157
715	31.350637322515077
716	31.750979901798754
717	31.95975685654665
718	31.831424619598664
719	32.019892332960154
720	31.684752583805466
721	31.53553628502005
722	32.28538177940302
723	31.757404961968795
724	31.199114229585874
725	31.71343577504045
726	31.89979017548757
727	31.686309062693347
728	31.271631702639638
729	31.2909712395088
730	31.40522184311724
731	31.861830320568664
732	31.70484657285969
733	31.62836769550438
734	31.680756851770344
735	31.534993416638915
736	31.51583858591386
737	31.443206206974185
738	31.25541146357678
739	31.44764208496898
740	31.585587957254603
741	31.505498698568044
742	31.226039314653093
743	31.47874791079598
744	31.1860594079193
745	31.710081173879384
746	31.68812412641251
747	31.03564099849858
748	31.094079514518366
749	31.43579842446613
750	31.587307380581702
751	31.408140810232656
752	31.39778784281937
753	30.926482627214856
754	30.98915781623326
755	31.23692039255551
756	30.738076445663122
757	31.154518643460495
758	31.20324258150754
759	31.252807351492336
760	31.02551380930403
761	30.850837127069525
762	31.135201398495898
763	30.846556032509294
764	31.149138211218848
765	31.182469833715825
766	31.043122229349777
767	30.86177141482184
768	31.045906388597114
769	30.844306911781903
770	30.737801955053982
771	30.963566338424616
772	30.910012784274173
773	30.861922348092747
774	30.70491312881176
775	31.05494381578543
776	30.8800830482686
777	30.8899478491026
778	30.72152057127914
779	30.821606245533363
780	30.830807681913207
781	30.704770806304804
782	30.61310140803308
783	30.68972974457727
784	30.817391510819405
785	30.664869858986346
786	30.795832660984598
787	30.896416040872772
788	30.584932485382833
789	30.63637308308301
790	30.560566196254662
791	30.49855411325895
792	30.95510984263966
793	30.556205991750918
794	30.440425526504807
795	30.379856788172024
796	30.47529526434091
797	30.509378413837208
798	30.452866374325588
799	30.45543939512331
800	30.408918413138448
801	30.49194741940357
802	30.260389226591588
803	30.453849056029316
804	30.189506561298337
805	30.681980735274905
806	30.684024051899602
807	30.458551112702846
808	30.413904330605057
809	30.35056993238044
810	30.230847910988654
811	30.142973213761064
812	30.00573961509852
813	30.25178746569662
814	30.41828522367107
815	30.167292931887502
816	30.01465003893192
817	30.315433583182614
818	30.01872857049765
819	29.92159944884373
820	30.320148219910404
821	29.954513964162924
822	30.557467442718604
823	29.836085292666574
824	30.01042994317266
825	30.257058169207912
826	30.013933029764814
827	29.868870968710294
828	29.80777308572539
829	29.806868992012312
830	29.946800860249837
831	29.850578452586937
832	29.721995670826864
833	29.629006703405107
834	29.921659527913732
835	29.605819244850867
836	30.114144395070436
837	29.70895310823212
838	29.655536554681966
839	29.876151290866243
840	29.59144009448906
841	29.505126298787967
842	29.869119670776712
843	29.866914767974148
844	29.884897412771195
845	29.77735389440422
846	29.402635312664255
847	29.676152042984608
848	29.392136514612332
849	29.804275676631413
850	29.874524598902752
851	30.222900420871916
852	29.427132179286083
853	29.637079800665905
854	29.838009023959422
855	29.657301370837402
856	29.592349332436317
857	29.44490812057352
858	29.484745824549957
859	29.32718649210959
860	29.524517398337704
861	29.482686309236453
862	29.54848594755753
863	29.3416634680075
864	29.378567276126205
865	29.317006449183797
866	29.308518485377594
867	29.51046225930977
868	29.088082717127634
869	29.396237297590037
870	29.35826349756559
871	29.54733272807907
872	29.178418635328548
873	29.245588335325525
874	29.26102465606326
875	29.094111433138583
876	28.891585641643967
877	28.67842894039408
878	29.264508807840645
879	29.184644177434677
880	29.245983570034824
881	29.150788140176175
882	29.098830525537764
883	28.69412830094033
884	29.114956981774966
885	29.020463989128658
886	29.04485435929405
887	29.422432328741237
888	28.880960345531935
889	28.997799887335475
890	29.233186862424557
891	28.883438211925835
892	29.45587520119969
893	29.017976221187215
894	29.00426304837165
895	28.91372516804263
896	28.73760634854297
897	28.76636458387446
898	28.83695417713907
899	28.512506708361702
900	28.525096830697333
901	28.84971225639636
902	29.01900971953209
903	28.946376343740305
904	28.655009208621284
905	28.602265784003528
906	28.990184805652014
907	28.52528935698053
908	28.73250313614025
909	28.714802586871468
910	28.598386473854493
911	29.24034990925888
912	28.731395857119082
913	28.672276607807802
914	28.324409986305675
915	28.742554522374455
916	28.458461392130385
917	28.541086323769093
918	28.762203993738407
919	28.874542197939256
920	28.528878214381013
921	28.763990970052895
922	28.772633455655807
923	28.48510854609416
924	28.236860602688736
925	28.475042496609134
926	28.895887061329166
927	28.088400683947196
928	28.571654985019016
929	28.30959214348785
930	28.33697840220278
931	28.154409794237107
932	28.319546915357567
933	28.620247334561125
934	28.588827944047566
935	28.58683654531515
936	28.273589951100636
937	27.90214899796111
938	28.21065434475494
939	28.154206301387624
940	28.374030820210095
941	28.326793755352504
942	28.068489335567484
943	28.152422849128197
944	28.220492857682768
945	27.934128040658404
946	28.286588767072946
947	28.32917785276068
948	28.2120892277495
949	28.087002494850708
950	28.156276203467883
951	28.001929222658507
952	28.526311629762528
953	27.915704640690706
954	28.130225560681886
955	27.769238845693796
956	28.161060593525974
957	28.17649669721387
958	27.876536645589162
959	28.185355968165037
960	28.13977740764494
961	28.168286016923997
962	28.21296661321043
963	27.778655370054256
964	28.041820029185686
965	28.01880217538521
966	27.71226414543873
967	27.5184758069297
968	28.23565180876215
969	27.69814348097681
970	27.71689534497343
971	27.830015379467
972	27.544306889208396
973	27.804294644010326
974	27.614272129919314
975	28.2191337589543
976	27.811561708132896
977	27.99400197868095
978	27.620807809883026
979	27.739890276693178
980	28.205609985042646
981	27.877124384353333
982	28.04412173376661
983	27.6130855522417
984	27.596554449585078
985	27.74451624839722
986	27.711607742735513
987	28.161175720593942
988	27.607386181511114
989	27.676364487053984
990	27.560987065186485
991	27.69498657863302
992	27.624919012395015
993	27.849811901518333
994	27.644321899992747
995	27.818648843231934
996	27.48144906969365
997	27.67170392625696
998	27.467003968057327
999	27.716832033777834
1000	27.50947046217862
1001	27.46298271803596
1002	27.066592325403025
1003	27.873255069521118
1004	27.450194039562042
1005	27.51853008071161
1006	27.397873206200263
1007	27.668488478963642
1008	27.29192849153532
1009	27.915241250344636
1010	27.294995236136995
1011	27.686058395051212
1012	27.777128332542947
1013	27.11980903012784
1014	27.363540867056823
1015	27.131566313618286
1016	27.396986451117918
1017	27.239825440497395
1018	27.738075064715545
1019	27.543950757893995
1020	27.351472862755756
1021	27.319260085486494
1022	27.12962206231225
1023	27.488012776962393
1024	27.383656396386968
1025	27.09836791626213
1026	27.10391022843038
1027	27.29523085887775
1028	27.29454476101906
1029	27.319991391249115
1030	26.86416440160594
1031	27.305044635079764
1032	27.2099128265686
1033	27.141131560283817
1034	27.041607070945155
1035	27.781907076064723
1036	27.20590008963259
1037	27.123630854351877
1038	27.184385340470378
1039	27.165658473356324
1040	27.076416396980495
1041	27.099561744953007
1042	26.914694328803517
1043	26.860995039027557
1044	26.952489795416273
1045	27.017007473706652
1046	27.059321267312427
1047	26.806765977885835
1048	27.041053342214145
1049	26.919019502758534
1050	26.787260257562263
1051	27.40975249428564
1052	26.693764256815438
1053	26.713128449384687
1054	26.836789054522637
1055	26.539190748399236
1056	27.138486996720676
1057	26.57780883313291
1058	26.774598262144977
1059	26.97915182857685
1060	27.184855342426793
1061	26.631984410681298
1062	26.66209680584458
1063	26.96759872063671
1064	26.63264377068183
1065	26.757802192524913
1066	26.954158428717026
1067	26.862438380457743
1068	26.989633614178796
1069	26.546015114561378
1070	26.373884441326158
1071	26.51990817834646
1072	26.89408062697867
1073	26.316049404781243
1074	26.46938624394746
1075	26.60386031225959
1076	26.4058497696514
1077	26.290667184131692
1078	26.48574967953392
1079	26.607528784465337
1080	26.498733860780206
1081	26.20434422315046
1082	26.614616854200694
1083	26.59958865613644
1084	26.46609833232678
1085	26.385253060414204
1086	26.190492245811676
1087	26.370298085585468
1088	26.81496332019616
1089	26.63638925061132
1090	26.48136392577938
1091	26.223768662967213
1092	26.40899698277856
1093	26.677234272829747
1094	26.349550325308794
1095	26.920616474303785
1096	26.488964011119744
1097	26.62625784236381
1098	26.383267072147596
1099	26.280936801832727
1100	26.470707048391724
1101	26.53701828603173
1102	26.18568102686414
1103	26.182981821560034
1104	26.267850900016885
1105	26.15494065756206
1106	26.24592802591137
1107	26.320290964317465
1108	26.504852522077083
1109	25.926271976682195
1110	25.96509683593669
1111	26.255716643567137
1112	26.7959835784496
1113	26.21921090474808
1114	26.4832772804238
1115	25.853657596983727
1116	26.086199615928468
1117	25.962127940312417
1118	26.45900911156588
1119	26.078466845691175
1120	25.991678604530172
1121	26.278600503418716
1122	26.450766815120407
1123	26.276880313517154
1124	26.007100964392784
1125	26.184382625951525
1126	26.41203785121076
1127	26.080652740465414
1128	26.142396769577932
1129	26.05804892205582
1130	25.833094460196815
1131	26.05349520878532
1132	25.979713972542477
1133	25.62047354711849
1134	25.896972262803263
1135	25.75441397553808
1136	25.92770705910031
1137	25.97006623776908
1138	25.94733010081845
1139	25.934833027798458
1140	26.103187486248462
1141	25.75280548909392
1142	25.76650669263319
1143	25.69663092592177
1144	25.852937575612064
1145	25.70305804806775
1146	25.98081088077551
1147	25.867969956964217
1148	25.69130070205053
1149	26.037933135561172
1150	25.701124073984914
1151	26.003398859059025
1152	26.03680073983166
1153	25.663834706753523
1154	25.75950834179996
1155	25.800016984174473
1156	25.92666741815074
1157	25.959032916803
1158	25.83146470145497
1159	25.90709123370225
1160	25.764067478756978
1161	25.86758064106004
1162	25.557719942852295
1163	25.69020582173006
1164	25.852186644408288
1165	25.47283686409693
1166	25.91214452075653
1167	25.69031299052457
1168	25.59589447000737
1169	25.587622026155458
1170	25.725169611554282
1171	25.535004874564713
1172	25.959096928426266
1173	25.31780157716551
1174	25.62601478526226
1175	25.457300040820975
1176	25.61952494491402
1177	25.843440865555205
1178	25.38977674444364
1179	25.484547622436278
1180	25.652770873550672
1181	25.24193819458022
1182	25.125016658181625
1183	25.656380291578195
1184	25.291353768162935
1185	25.479046887960163
1186	25.532475988366926
1187	25.418276505490848
1188	25.387891618605092
1189	25.464424927089862
1190	25.19312237561291
1191	25.52258852321957
1192	25.35875442546193
1193	25.125147879763144
1194	25.445842621628106
1195	25.1956996451853
1196	26.005227519649477
1197	25.68621534941427
1198	25.252029249639126
1199	25.432431114483514
1200	25.485511313282807
1201	25.395051382228946
1202	25.15148101385445
1203	25.62382695579653
1204	25.34047501351673
1205	25.003150949065795
1206	25.26665197001423
1207	25.693426496937192
1208	25.575512995885866
1209	25.15409145228767
1210	25.16117463657452
1211	25.340470860056122
1212	25.105388420987104
1213	25.305065817430858
1214	25.03240826090629
1215	25.225874656643708
1216	25.394434133000807
1217	25.13964112323989
1218	24.986242347249025
1219	25.225135511739982
1220	24.960848459481877
1221	25.314139863530546
1222	24.99096292259268
1223	24.88626288645249
1224	25.33708050147196
1225	24.966091274715733
1226	25.029996529089598
1227	25.331166011436636
1228	25.46168954328138
1229	24.777363024149043
1230	24.960676100720857
1231	25.205009713938715
1232	24.970463185459803
1233	24.70713733026528
1234	25.307865951113847
1235	24.758160770328942
1236	24.904660416368063
1237	24.751477486371826
1238	25.15329889065809
1239	24.692486756591336
1240	25.126517937176367
1241	24.68861981169484
1242	24.903478521037155
1243	24.99912333833774
1244	25.312062663984403
1245	24.719395012939863
1246	24.924300752080285
1247	24.87164048849986
1248	24.744374996151503
1249	25.157091390268107
1250	25.11916343563297
1251	24.76854429022118
1252	25.01178333258655
1253	24.810025126356273
1254	24.785204876515234
1255	24.80624556579064
1256	24.893204666492828
1257	24.688368868865513
1258	24.551884202665896
1259	24.757646444654384
1260	24.980123265209937
1261	25.00635960729018
1262	24.94395795774841
1263	24.91844927278871
1264	24.97274192643097
1265	24.599182983178515
1266	24.441525793564974
1267	24.649617539742703
1268	25.019927978566834
1269	24.516127217075606
1270	24.76792288238898
1271	24.994107784443802
1272	24.78418770205072
1273	24.895924002745474
1274	24.534341395322492
1275	24.825314888013757
1276	24.93110394887106
1277	24.71524237236761
1278	24.79575415830698
1279	24.904266552263106
1280	24.700056733567283
1281	24.563974732804162
1282	24.95207373406199
1283	24.621577616855316
1284	24.59623977170575
1285	24.377364914454468
1286	24.578847160149603
1287	24.617313894935506
1288	24.649606143281602
1289	24.478632290159098
1290	24.599680644464314
1291	24.637269956253782
1292	24.43618969057059
1293	24.48539880619072
1294	24.48678051648466
1295	24.41726909091372
1296	24.322595901642025
1297	24.228498891907964
1298	24.575317683381485
1299	24.301093750147903
1300	24.27518447928427
1301	24.252546967140564
1302	24.233375712026632
1303	24.484660649480606
1304	24.511746140298992
1305	24.510893484527458
1306	24.3026584375513
1307	24.689583421457602
1308	24.305327034656926
1309	24.70676677141305
1310	24.23893416863224
1311	24.002702137158554
1312	24.45725387545319
1313	24.43841524022096
1314	24.443747192192244
1315	24.397938240609896
1316	24.544395129880513
1317	24.44162497244953
1318	24.251726480341134
1319	24.138231312466832
1320	24.207163629285535
1321	24.231258162431722
1322	24.20481382216749
1323	24.513147700963327
1324	24.28547576589059
1325	23.884651532638113
1326	24.22757378003919
1327	24.326633735900025
1328	24.29394096472858
1329	24.571639391683437
1330	24.10978569864785
1331	24.293836509238403
1332	24.271785382622003
1333	24.345630632478528
1334	24.384517607150496
1335	24.049883708059625
1336	23.96320750889882
1337	24.096851880533123
1338	24.025121247252656
1339	23.783382197441288
1340	24.136301196757174
1341	24.21091140824318
1342	24.492525956432594
1343	24.267446672696984
1344	24.365670610113252
1345	23.907003530813057
1346	24.03811113928391
1347	24.118595134214072
1348	24.054895530367666
1349	23.689794615660766
1350	23.721020113281128
1351	24.057520298658915
1352	23.897943498599385
1353	24.372570252795303
1354	24.03618170972392
1355	24.05519493666752
1356	23.897112172544535
1357	23.89960894802363
1358	23.898249401530652
1359	24.373317195606706
1360	23.908255373882827
1361	24.060944074807598
1362	24.01863224471472
1363	24.03165348141728
1364	24.116392619775894
1365	23.904499850879233
1366	23.950902993791768
1367	23.893535961551652
1368	24.174536322501904
1369	23.90524375337806
1370	24.19472169950606
1371	23.85207681996703
1372	24.006563308083017
1373	23.763603174707864
1374	23.867621335873697
1375	23.80961724449647
1376	23.65497407012296
1377	23.97624799895914
1378	23.635257111612837
1379	23.59102639136545
1380	23.861028248148187
1381	23.466517682467163
1382	23.642458535596575
1383	24.02948289701059
1384	23.688584090993345
1385	23.746228614790734
1386	23.757070453577217
1387	23.73557758853107
1388	23.577224173806925
1389	23.95204341810098
1390	23.771449342236348
1391	23.885146763076047
1392	23.820084943247284
1393	23.614656052219253
1394	23.6779233037287
1395	23.717593115706812
1396	23.675768263453865
1397	23.58142693511581
1398	23.686631028121
1399	23.765957302436586
1400	23.75437210244451
1401	23.673784404654995
1402	23.482690523677476
1403	23.38869791924975
1404	23.70283820134418
1405	23.2646990065941
1406	23.398045582041263
1407	23.24245126325616
1408	23.507446093458427
1409	23.84373490750029
1410	23.546375166189257
1411	23.537709569894524
1412	23.84046135063628
1413	23.72768713167227
1414	23.660365201843277
1415	23.547386101487216
1416	23.427559332710175
1417	23.332118082501907
1418	23.841091716762733
1419	23.77144307049781
1420	23.5429363124644
1421	23.52762357054414
1422	23.566016314257137
1423	23.58664337145025
1424	23.729542976819797
1425	23.451711765836865
1426	23.636487823512876
1427	23.550198630557812
1428	23.543614162881564
1429	23.430334515444414
1430	23.29180558380503
1431	23.419127480321723
1432	23.401439334376764
1433	23.373466917074154
1434	23.47209554046362
1435	23.67909507046852
1436	23.236733271529648
1437	23.656355400630314
1438	23.184239283102862
1439	23.57809777908438
1440	23.49028917625158
1441	23.820642453223336
1442	23.72339842190552
1443	23.488059047446885
1444	23.45991469796218
1445	23.48035027082433
1446	23.427175083109727
1447	23.210192977520787
1448	23.2476892109865
1449	23.025919239465754
1450	23.37461624788043
1451	23.292756400731534
1452	23.54160722120358
1453	23.24866290039546
1454	23.271516229757797
1455	23.34756819707164
1456	23.46051085415348
1457	23.411467669855522
1458	23.612637283628455
1459	23.483573336618143
1460	23.343651702795288
1461	23.23735916731789
1462	23.445052512014207
1463	23.2992560984903
1464	23.21877132971714
1465	23.47422859069391
1466	23.021621969230022
1467	23.45244708397192
1468	23.445358034117078
1469	23.612412462539613
1470	23.236485269677594
1471	23.154259039945238
1472	23.06264345552615
1473	23.010457760053153
1474	23.441198707271845
1475	23.287878251155735
1476	23.73417336141204
1477	23.385914782119738
1478	22.9398422546861
1479	23.117806583728434
1480	23.424288972862044
1481	22.987551071340114
1482	23.343896976305093
1483	23.25492308216848
1484	23.400035466648884
1485	23.325806748186615
1486	23.059429886864788
1487	23.152835649599854
1488	23.12009835001667
1489	23.151763132946822
1490	22.972192041488388
1491	22.814634749326313
1492	23.211151433368144
1493	22.697412434783487
1494	23.31363456947688
1495	22.686024043492917
1496	23.107977647218885
1497	23.150403225883085
1498	23.169050240381377
1499	23.27556035444181
1500	23.16141818345834
1501	22.888300853228078
1502	23.02661755561842
1503	23.008303829900573
1504	22.93408747220417
1505	22.924077380163695
1506	22.48799149067293
1507	22.901091206245102
1508	23.013940160199322
1509	23.157082614476465
1510	22.954114412321797
1511	23.04215270315811
1512	22.760422695538367
1513	23.044991529866174
1514	22.93895556017439
1515	22.751690155387394
1516	22.698680564649923
1517	22.78089392421799
1518	22.926266271674237
1519	22.902979021310724
1520	22.945171408509513
1521	22.824856584104833
1522	22.838415869068395
1523	22.786105753752732
1524	22.904705520713808
1525	22.973688666255807
1526	22.43851777420352
1527	22.760847214430957
1528	22.427759920111257
1529	23.00938994809699
1530	22.905500180272934
1531	22.62909404287827
1532	22.696302830138826
1533	22.898677662335363
1534	22.7882963522859
1535	22.657845567226943
1536	22.988803078447162
1537	22.523123888024266
1538	22.694814502776524
1539	22.574642225155753
1540	22.52227176861743
1541	22.81928504446921
1542	22.5722784046082
1543	22.475424695364506
1544	22.71576870359943
1545	22.754130100645835
1546	22.768184506167717
1547	22.651918459316093
1548	22.926374999798917
1549	22.486445798733367
1550	22.723843411778283
1551	22.565378792387925
1552	22.79401522392863
1553	22.580925902844275
1554	22.81700290783193
1555	22.85563400575877
1556	22.87789072491722
1557	22.644085734364943
1558	22.67549937137083
1559	22.564414618522964
1560	22.500407052074703
1561	22.796000128426854
1562	22.8695185172183
1563	22.40150099482137
1564	22.613766372449863
1565	22.7972519179527
1566	23.129125592496838
1567	22.62785571125895
1568	22.52594348573805
1569	22.26535378589638
1570	22.508714796589206
1571	22.44380027310689
1572	22.63220657904492
1573	22.269953082354434
1574	22.597693225461168
1575	22.430782753565847
1576	22.70205523256402
1577	22.04624197322492
1578	22.28867590350408
1579	22.598925469812176
1580	22.58669259188012
1581	22.404490292086745
1582	22.45997569502477
1583	22.530150019516203
1584	22.507594350517383
1585	22.545587178527654
1586	22.406462211637617
1587	22.164326113772802
1588	22.25899062718877
1589	22.294656154189372
1590	22.485490081857552
1591	22.65687749906425
1592	22.33648563079683
1593	22.42936932149977
1594	22.208316023967114
1595	22.382105080769104
1596	22.222396504118386
1597	22.178507235522375
1598	22.142014892355867
1599	22.50723023946486
1600	22.441784051176118
1601	22.111965558783286
1602	22.58944338422023
1603	22.469797670934035
1604	22.302511939027866
1605	22.09630832364112
1606	22.088406621131146
1607	22.23959955742199
1608	22.323947442717564
1609	22.035430325782617
1610	22.522908781825045
1611	22.11554649698951
1612	22.151391314086496
1613	22.22605102785008
1614	22.291358862227483
1615	22.42159479628636
1616	22.066412714634666
1617	22.113343398888478
1618	22.366749257964724
1619	22.64436686920881
1620	21.984875190102183
1621	22.38491429484476
1622	22.466236795140752
1623	22.19616799416509
1624	22.14006748387284
1625	22.118019966729705
1626	22.215778847488583
1627	22.168135245215314
1628	22.174829900643864
1629	22.40188601074326
1630	22.561141673167793
1631	22.319323728386884
1632	22.42774816377189
1633	22.070334646903557
1634	22.166233166664018
1635	22.15479343876322
1636	21.99692630221297
1637	21.82778687976942
1638	21.932399992233297
1639	22.22427902191514
1640	21.931680034318394
1641	22.14772918166656
1642	22.13667920930306
1643	22.27542497980727
1644	22.249297295510726
1645	22.020039386578794
1646	22.2083609987468
1647	22.03679924302938
1648	22.107842408758557
1649	22.427569059262847
1650	22.334223377952714
1651	22.47181424452629
1652	22.24248063014612
1653	22.11993613965189
1654	22.178985936836366
1655	22.310287357616982
1656	21.800649012638793
1657	22.150691737837803
1658	21.998097964175948
1659	21.943799997810128
1660	21.85645796199479
1661	21.975559896615668
1662	22.30797884196637
1663	21.67869665180772
1664	21.90711124445779
1665	21.905577999201288
1666	22.05658141956689
1667	21.713967708293357
1668	22.040602361133587
1669	21.928174495778194
1670	21.969502226544474
1671	22.0330001815461
1672	21.816667345733045
1673	21.567546271510356
1674	21.706874041203776
1675	22.114070814050073
1676	22.154759933358292
1677	21.963684557559926
1678	21.806338117585362
1679	22.031361293974975
1680	22.18409130917128
1681	21.812580384763294
1682	21.97381814575232
1683	22.191857579803745
1684	21.912897569761256
1685	22.02262338274744
1686	21.62512915438505
1687	22.03471670405453
1688	22.03945753088018
1689	21.94602418619565
1690	21.753422155076727
1691	21.885186935768612
1692	21.683506069150855
1693	21.885643856394218
1694	22.05477986125359
1695	22.015976715827367
1696	21.60618153850473
1697	22.05669238050885
1698	21.829882485456825
1699	21.916521169908524
1700	21.979842744507067
1701	21.6724673029536
1702	22.28169490185845
1703	21.86823123283743
1704	21.65383601039171
1705	21.68672392192344
1706	21.73522749468058
1707	21.797086120513303
1708	21.812432028104496
1709	21.860156428129393
1710	21.65450145170511
1711	22.08263910187825
1712	21.58979029170405
1713	21.560800854924143
1714	21.684957495325822
1715	21.837183112845324
1716	21.67648986906491
1717	21.922841575875104
1718	22.011257375507267
1719	21.470722176165296
1720	21.551200886999727
1721	21.578481405420145
1722	21.552425232052098
1723	21.720309811563876
1724	21.439202322745675
1725	21.771540520128674
1726	21.540442241089515
1727	21.705323206332533
1728	21.57907468216985
1729	21.52135756435692
1730	21.760232897371683
1731	21.88993314584898
1732	21.83598425273755
1733	21.572514427554967
1734	21.578348414901903
1735	21.373311870104956
1736	21.75617632835145
1737	21.663124770868738
1738	21.7723528532092
1739	21.4905646428181
1740	21.719505494647695
1741	21.960074179091528
1742	21.94852910619945
1743	21.535809026883214
1744	21.654701391107093
1745	21.745841285983467
1746	21.16971180708596
1747	21.5907082182148
1748	21.530400949195243
1749	21.800392778955736
1750	21.804770729379502
1751	21.40117075942416
1752	21.683764857434163
1753	21.600283007033084
1754	21.24351066789575
1755	21.88418435241626
1756	21.498141148738473
1757	21.591539465212332
1758	21.541092528917876
1759	21.85793871681987
1760	21.619457130155688
1761	21.23075939398761
1762	21.374913549815883
1763	21.463985245138808
1764	21.681437623968804
1765	21.37072915671701
1766	21.72049416634782
1767	21.63933947649508
1768	21.574954995158627
1769	21.36359184779068
1770	21.470137045612205
1771	21.310027572873235
1772	21.259862181921957
1773	21.503589391626857
1774	21.643573334651183
1775	21.43991950025883
1776	21.323466629152446
1777	21.237841099449252
1778	21.531987855124935
1779	21.534892833498848
1780	21.475431654292997
1781	21.453762097096014
1782	21.433031658864607
1783	21.189144077489736
1784	21.281241848738862
1785	21.48701470935896
1786	21.062043433304115
1787	21.614970151739133
1788	21.061015896345683
1789	21.439257659318763
1790	21.610242579874424
1791	21.19898751288799
1792	21.089981047939023
1793	21.73047941206431
1794	21.69206021392451
1795	20.974840310040577
1796	21.271698493170838
1797	21.312272388713005
1798	21.074467749583622
1799	21.426547205530174
1800	21.468413055100203
1801	21.374913325113862
1802	21.320704527411472
1803	21.527741803702014
1804	21.532577519080906
1805	21.268036142581
1806	21.093604774136338
1807	21.10555010063501
1808	21.462558276259028
1809	21.22499051403128
1810	21.17287811152022
1811	21.418948514617327
1812	21.198463963303517
1813	21.0787391114468
1814	20.89848414021267
1815	21.111218385380283
1816	21.16748160468415
1817	21.06466812528554
1818	21.254082497568728
1819	21.150722484273125
1820	21.312193922403523
1821	21.33870440433082
1822	20.99401937075043
1823	20.701717601596084
1824	20.960361007696335
1825	21.06620003938371
1826	20.900930917283105
1827	21.047177027687145
1828	21.224374165124704
1829	20.956102068923364
1830	21.267571687779995
1831	21.237337603879187
1832	20.942365095581284
1833	20.86553151449394
1834	21.253175472393064
1835	20.854424311861358
1836	20.97071433162856
1837	20.811311222849078
1838	20.92818407539988
1839	21.26238517748467
1840	21.20077192436651
1841	21.30778405056328
1842	21.227787480319687
1843	21.008145360755602
1844	21.27555374526766
1845	21.046359596389294
1846	21.142087812074422
1847	20.99486148410308
1848	21.347117001999752
1849	20.956896255948756
1850	21.085975643819623
1851	20.798846866780202
1852	21.069863279025185
1853	20.960124811484157
1854	20.75147821340098
1855	20.74395847811829
1856	20.823809552058147
1857	21.063842919446532
1858	20.895080622029944
1859	20.882073729891673
1860	21.122235038710677
1861	21.057497703664286
1862	20.976222939933912
1863	21.192468983424703
1864	21.360363338846046
1865	21.023298146355508
1866	21.027470216833578
1867	21.51602499205905
1868	21.12907885348118
1869	21.163894356628177
1870	21.388736228494732
1871	21.3013584938642
1872	21.037970802522267
1873	21.454717259336025
1874	20.763010350692355
1875	20.992313050388812
1876	21.29270004449813
1877	21.06710181721482
1878	21.22735955366381
1879	21.006220621151705
1880	20.94265366767326
1881	21.11805096718469
1882	20.667984493331897
1883	20.70798902727544
1884	21.268819549252726
1885	20.994134451532837
1886	20.956200191959542
1887	20.745386704066576
1888	20.82501912900823
1889	20.555594848520165
1890	20.86336120938833
1891	21.093834359683076
1892	20.665130547762566
1893	20.830208023914512
1894	21.03593939024011
1895	20.80258002253055
1896	20.860466098150596
1897	20.722061237689214
1898	20.670214369260208
1899	20.604767049549768
1900	20.739392462687924
1901	20.43135659184791
1902	20.858873455611857
1903	20.884154507587894
1904	21.006457385242545
1905	21.02272896254563
1906	20.839101602695212
1907	20.89064745483079
1908	20.91127073739149
1909	20.809144020231454
1910	20.687195016838462
1911	20.92857889482188
1912	20.769715322935344
1913	20.555982328719537
1914	20.662455842580417
1915	20.736290044190277
1916	20.802293929829435
1917	20.879961316904538
1918	20.645964821698747
1919	21.024164866587498
1920	20.968895833790228
1921	20.726119951833137
1922	20.668597263534963
1923	20.75629942118846
1924	20.969069066125996
1925	20.955256011426467
1926	20.648130385860128
1927	20.818879195383698
1928	20.636761115413147
1929	20.434956953419878
1930	20.613727939084093
1931	20.65068413334907
1932	20.485285435897605
1933	20.63457909789486
1934	20.512468601603818
1935	20.663591108408045
1936	20.662137311293975
1937	20.432169022416343
1938	20.574444958826856
1939	20.37005795968289
1940	20.650825900446737
1941	20.695169669229138
1942	20.651229624667653
1943	20.51723143701849
1944	20.822466748766935
1945	20.453112088456876
1946	20.675949349077626
1947	20.673742906575896
1948	20.737823856189067
1949	20.716856550778825
1950	20.614379629667393
1951	20.656136840386942
1952	20.785385395190744
1953	20.585037548169485
1954	20.586691369712877
1955	20.525495801635053
1956	20.75661084503457
1957	20.889314545140824
1958	20.642584582043355
1959	20.37637529310843
1960	20.383691394903792
1961	20.509442969939727
1962	20.407689169768865
1963	20.60454521148975
1964	20.946663862763803
1965	20.862141660613137
1966	20.303375286265155
1967	20.65272449205291
1968	20.515246148281197
1969	20.782271360900264
1970	20.682771496235606
1971	20.627522151007472
1972	20.29407694194987
1973	20.880982951731742
1974	20.736888040762434
1975	20.534524506712522
1976	20.565775267850114
1977	20.628803271441218
1978	20.494581321093364
1979	20.895963267260896
1980	20.641190866438034
1981	20.600659535963793
1982	20.65714006544282
1983	20.575495555110933
1984	20.61286242780751
1985	20.894189132280687
1986	20.7063576284594
1987	20.501000450652867
1988	20.57437229333407
1989	20.594888356983937
1990	20.274008849904252
1991	20.712922247500103
1992	20.509859415690432
1993	20.343790009090803
1994	20.602152120840447
1995	20.424724067290136
1996	20.32816572197976
1997	20.558014329034194
1998	20.819553572641933
1999	20.692003641288203
2000	20.698873257915597
2001	20.401324873547996
2002	20.52329116028914
2003	20.588822319073515
2004	20.376663907091825
2005	20.399640629722267
2006	20.622735594951884
2007	20.774181141167265
2008	20.277205064974737
2009	20.3836371184663
2010	20.568288004661817
2011	20.441841744464877
2012	20.275500096700483
2013	20.04303093991719
2014	20.242597691716824
2015	20.229614037596193
2016	20.398840464207108
2017	20.3473754853447
2018	20.23994822614759
2019	20.1535631944908
2020	20.295211423147506
2021	20.497664744997067
2022	20.570790715722353
2023	20.31107026325804
2024	20.38090262193458
2025	20.15358053394348
2026	20.24056770353719
2027	20.20376896111461
2028	20.55203020919194
2029	20.072124202676058
2030	20.230476346858847
2031	20.239106259301092
2032	19.992022568831803
2033	20.517606874631078
2034	20.124523673072282
2035	20.1851159086561
2036	20.001349996200158
2037	20.34241810451236
2038	20.095670445039698
2039	20.32077030699684
2040	20.333987252646903
2041	20.52915338266659
2042	20.28454601573628
2043	20.173605632099758
2044	20.363551830972597
2045	20.489740534832706
2046	20.193282364445047
2047	20.478315879519425
2048	20.558737926407225
2049	20.279942849647934
2050	20.365781234832628
2051	20.039223923513998
2052	20.040515407718004
2053	20.248459922394463
2054	20.068424812318685
2055	20.07820636309653
2056	20.088359870895967
2057	20.05128553807242
2058	20.12523455640614
2059	20.35049446293316
2060	20.08499361748504
2061	20.45341780276651
2062	20.28588386015388
2063	20.162581105640523
2064	20.29419633161837
2065	20.21775081173498
2066	19.836541563852997
2067	20.090197044052573
2068	20.343875994841014
2069	20.068524543237114
2070	20.318358863178425
2071	20.090074421498876
2072	19.98356550287927
2073	20.374241824238343
2074	20.036024321787917
2075	20.166733377944816
2076	20.454761824159476
2077	20.065808015318545
2078	20.4012492188046
2079	20.161506288613683
2080	20.423797807300907
2081	20.509977180976996
2082	20.230581972009904
2083	20.099347025351026
2084	19.969129738037328
2085	19.88041375512405
2086	20.072704194663135
2087	20.250028972995647
2088	20.149546890362
2089	20.216925599237435
2090	20.066170091662617
2091	20.36936323290461
2092	20.278297583823896
2093	20.31709513684662
2094	20.016668092232425
2095	20.111800133790293
2096	20.13183217879862
2097	20.157314760347163
2098	20.142739961560576
2099	20.028771159922034
2100	20.025508141625878
2101	20.097450076057672
2102	20.064907492017003
2103	20.101826942083346
2104	20.167550036613676
2105	20.036795939970215
2106	20.065308794085603
2107	19.848524062346012
2108	20.075997930171432
2109	20.076289940827607
2110	19.862546967732463
2111	20.22328601245809
2112	19.95193539308061
2113	20.023367052885025
2114	19.91133926502763
2115	20.09333542182951
2116	20.19821844370161
2117	20.045573954223247
2118	19.977419830203853
2119	19.96108302774006
2120	19.89684643797687
2121	20.103486168242192
2122	19.984394693686944
2123	19.65890931736349
2124	19.891121398482433
2125	19.99801580062919
2126	19.981722448378193
2127	19.853875051882245
2128	20.011384627915877
2129	19.96683952865378
2130	19.84046594643553
2131	20.106430913301264
2132	19.888578770786026
2133	20.084752391979162
2134	20.39059503909586
2135	20.10589867422236
2136	20.178110022091076
2137	19.857773052390097
2138	19.963484052358677
2139	20.328346680230556
2140	20.15109130620277
2141	19.8413076982703
2142	19.813240044453917
2143	19.928673511455546
2144	20.01576235869029
2145	19.703754300793697
2146	19.78217016118551
2147	19.9457138865718
2148	19.86388735899529
2149	19.82455986153639
2150	20.065790065414124
2151	19.668580209425212
2152	20.016594046344853
2153	19.66981866393907
2154	19.810474899118862
2155	20.046789859897633
2156	19.97923653050626
2157	19.975208065103192
2158	19.88627638758384
2159	19.89566749119232
2160	20.11165470307194
2161	20.217549937919653
2162	20.04562296960002
2163	20.101714470854855
2164	19.943803176198337
2165	19.916336826801203
2166	19.864647819165363
2167	19.945073466219807
2168	19.665488565929735
2169	19.824662063926322
2170	19.955198692706475
2171	19.55814567368277
2172	20.11199664272968
2173	20.01744314112365
2174	19.812889201580457
2175	19.86579271216564
2176	19.690485138661515
2177	19.864472053488967
2178	20.05530748362823
2179	19.82019737399996
2180	19.714829017627164
2181	19.9980036006913
2182	19.721025783039945
2183	19.79797115593427
2184	19.839584249487515
2185	19.52511507487181
2186	19.651276245321004
2187	19.94097056830791
2188	19.67534339014702
2189	19.67334289569994
2190	19.374299806319705
2191	19.648984569445915
2192	19.73164522922933
2193	20.04780987377711
2194	19.832207692208176
2195	20.08750002371887
2196	19.949305788621633
2197	19.902277571122767
2198	19.807003701828997
2199	19.669534857357867
2200	19.61900262908727
2201	19.844112279538827
2202	20.153131174711884
2203	19.753740374758685
2204	19.819212864160754
2205	19.95605005681005
2206	19.65143577542038
2207	19.77997077615102
2208	19.611557419522786
2209	19.828221910860023
2210	19.80768143333034
2211	19.6321911805153
2212	19.497819300866432
2213	19.714729509569125
2214	19.61641532382459
2215	19.552184333175536
2216	19.28781184766093
2217	19.290004252775248
2218	19.41276580421025
2219	19.507586114948698
2220	19.69481998394418
2221	19.623381774380995
2222	19.342315390857806
2223	20.031219279447612
2224	19.644685066597695
2225	19.85018190221157
2226	19.533090455202544
2227	19.74311542811406
2228	19.880571393217217
2229	19.533666519227367
2230	19.413257869633135
2231	19.7219614113618
2232	19.401828883299835
2233	19.836627810945423
2234	19.646381551731416
2235	19.337882219456244
2236	19.44258552388073
2237	19.31930756477707
2238	19.298218291108377
2239	19.58439581090966
2240	19.45978042789294
2241	19.733938327939036
2242	19.695899120162828
2243	19.621084677843896
2244	19.515460071540247
2245	19.590184342898905
2246	19.530128746534192
2247	19.840224223945462
2248	19.415213405828737
2249	19.9720200409552
2250	19.597826910287363
2251	19.60101553706916
2252	19.580533612536957
2253	19.774213232330435
2254	19.599368313848004
2255	19.692313837537853
2256	19.642092184710776
2257	19.526735946603942
2258	19.736331278349148
2259	19.459955127973597
2260	19.45178527138685
2261	19.23771640385067
2262	19.29863416336523
2263	19.794255635550233
2264	19.60962783118659
2265	19.387932163140423
2266	19.54688701020218
2267	19.532396872758476
2268	19.46866210338093
2269	19.582944896294524
2270	19.287865170742513
2271	19.545551866497863
2272	19.625887292856238
2273	19.64367482716187
2274	19.57372106230978
2275	19.70060383268903
2276	19.648564208488896
2277	20.091414824025822
2278	19.561495601876953
2279	19.692866280320793
2280	19.47057426001807
2281	19.43785808456607
2282	19.473362242208335
2283	19.620250163759046
2284	19.38104217307176
2285	19.443268273348647
2286	19.303783639687193
2287	19.43494061213939
2288	19.442168806328528
2289	19.373574910057993
2290	19.515141520475673
2291	19.672319075286758
2292	19.48796327068413
2293	19.32662679483314
2294	19.434049773155362
2295	19.333135814871696
2296	19.63821093486988
2297	19.47845955925662
2298	19.492909985471762
2299	19.37887559695378
2300	19.23657301155792
2301	19.624710527537168
2302	19.763683719227405
2303	19.39815365467459
2304	19.65185923178058
2305	19.40157293230895
2306	19.353865021858088
2307	19.42838744794999
2308	19.515894575918963
2309	19.332396632411893
2310	19.57707429623452
2311	19.456059056610965
2312	19.34636831298026
2313	19.622949587413082
2314	19.47795580243712
2315	19.58905645158072
2316	19.34530359777417
2317	19.42021599961841
2318	19.622194914414422
2319	19.6103014067329
2320	19.53040879687938
2321	19.195151384287804
2322	19.63643056461537
2323	19.521170909680244
2324	19.112588254086937
2325	19.356293038422823
2326	19.369063245842863
2327	19.508016940829762
2328	19.437517458791763
2329	19.345680452276017
2330	19.37144096015816
2331	19.426949354340497
2332	19.5927317453964
2333	19.33863906740825
2334	19.50651372042181
2335	19.531119378114767
2336	19.275322010816026
2337	19.30769787406398
2338	19.44798817250039
2339	19.522934254085786
2340	19.455113419418275
2341	19.481762466987906
2342	19.377759251325685
2343	19.483859369145954
2344	19.179962771665643
2345	19.423388110882406
2346	19.284672279052327
2347	19.436915408036477
2348	19.295935141772556
2349	19.467059357772015
2350	19.143551213087555
2351	19.352847327554905
2352	19.598340452339723
2353	19.485234180511664
2354	19.419898551137063
2355	19.404335281592108
2356	19.17994564354531
2357	19.45372427257864
2358	19.324585909497305
2359	19.442521128748137
2360	18.919207126368125
2361	19.27469978473369
2362	19.51756395689697
2363	19.155826430014102
2364	19.29833869923406
2365	19.39261442662963
2366	19.45327559757134
2367	19.24322093890857
2368	19.278306285903653
2369	19.336910068679924
2370	19.132382202814785
2371	19.226110361535245
2372	19.3538732346761
2373	19.270628379516527
2374	19.392697388716293
2375	18.982470203595035
2376	19.00498291995075
2377	19.17500369246758
2378	19.21895182852895
2379	19.518606022420848
2380	19.366904531627082
2381	19.340008063537216
2382	19.287424621880028
2383	19.068083918595434
2384	19.492790896859017
2385	19.72522956385485
2386	19.20305778347875
2387	19.111492278855838
2388	18.895672425498283
2389	19.292192322295975
2390	19.29375154278888
2391	19.474170991593713
2392	19.154497669277433
2393	19.11078370111982
2394	19.267138281831063
2395	19.25781757121629
2396	19.507621266372176
2397	19.202405005537415
2398	19.107099548282022
2399	19.224835276365315
2400	19.298698897107936
2401	19.15750319125105
2402	19.29018041098383
2403	19.27174895001818
2404	19.237503809159065
2405	19.19992636903665
2406	19.144335207631567
2407	19.03151135384043
2408	19.011244295740543
2409	19.37004113638378
2410	19.186289952769638
2411	19.28395369758192
2412	19.087696201131752
2413	19.29041331516283
2414	18.84187231766629
2415	19.206122388245543
2416	19.213584717833456
2417	19.163580610537114
2418	19.501733997826655
2419	19.03099979486414
2420	19.21777161415587
2421	19.160767664915024
2422	19.223282273147937
2423	19.22986501324896
2424	19.5660050070102
2425	19.38079538433789
2426	18.84012089974297
2427	19.218553003709467
2428	19.108328787970283
2429	19.163136965877168
2430	19.192496633888204
2431	19.12794936350285
2432	19.108671040574496
2433	18.947920026863823
2434	19.111456589994397
2435	19.119791969880854
2436	19.302292768566332
2437	19.08211185130299
2438	19.237766546701767
2439	18.89115680786819
2440	19.257824800437604
2441	18.89249947602249
2442	19.09741486656508
2443	19.012426614947564
2444	18.9978126666605
2445	19.304520737640914
2446	19.32778213804276
2447	19.01621320090034
2448	18.93319894346981
2449	19.117021944762033
2450	19.04195065940587
2451	19.079891355491288
2452	19.00153026892715
2453	19.290695736400576
2454	19.02897744745045
2455	19.055394819963023
2456	19.32898686885317
2457	18.880529909640185
2458	19.116151872128388
2459	19.217008244286856
2460	19.002971219045094
2461	19.041410939387536
2462	19.062612877587522
2463	18.91068102505853
2464	19.20676608903887
2465	19.098939136985706
2466	18.872296022959876
2467	18.908224677816907
2468	19.026082960284736
2469	18.873421774053394
2470	18.994327677408137
2471	19.026801242046883
2472	19.04309096464037
2473	19.088742167358124
2474	18.872306315260712
2475	18.80502492152341
2476	19.273983370916323
2477	19.22125074760262
2478	19.074288876005348
2479	19.05858963796249
2480	19.10078745727287
2481	19.044811589996556
2482	19.024341190495598
2483	19.019882536756047
2484	19.01643705221646
2485	18.997771696683593
2486	19.122130859877064
2487	18.94591086315657
2488	19.054890018873845
2489	19.024465434020033
2490	18.937903946064143
2491	18.930674601408615
2492	18.775397291547172
2493	19.01357255158855
2494	19.231447818553434
2495	18.92958483486138
2496	19.030266530294522
2497	19.045832744862402
2498	19.18288864231236
2499	18.79831096093372
2500	18.927647668223994
2501	18.928768888240157
2502	18.778665802105845
2503	19.21950152245049
2504	18.92804633585368
2505	19.28621392868774
2506	18.846057206533327
2507	19.184771504898066
2508	18.990354523200235
2509	19.161856847014878
2510	19.12080246279872
2511	19.0803026563379
2512	19.044362119575858
2513	19.097744786202913
2514	19.229981663602334
2515	19.114214179198648
2516	19.01491257534139
2517	18.985712161680198
2518	18.95801862193271
2519	18.977744414493273
2520	19.16716614774212
2521	18.94484432992682
2522	19.03611125997359
2523	19.197823436510994
2524	19.09550872274333
2525	18.91365615887043
2526	18.967292402689917
2527	19.149535005263104
2528	18.813183137364664
2529	18.75375698209928
2530	19.176780835118
2531	19.13903744972848
2532	18.8546571294512
2533	19.08735670892668
2534	18.9816375370067
2535	19.063466308760756
2536	18.862906064501434
2537	18.873031353799163
2538	19.088265165976246
2539	19.131332580443964
2540	18.955152597496635
2541	19.25182127053327
2542	18.69135787665639
2543	19.124902161970084
2544	19.08397143459536
2545	19.048619665294545
2546	19.11675923899123
2547	18.744448751131355
2548	19.26090624807267
2549	18.564305612593714
2550	19.057401102044448
2551	19.167919320294224
2552	18.82846992559644
2553	18.99019379849663
2554	18.957462271658123
2555	18.873526494165425
2556	18.839005470502286
2557	18.84570907992402
2558	18.888243720696615
2559	18.868428822534803
2560	18.950002217997636
2561	18.732515436005468
2562	18.5997415646401
2563	18.957960393890673
2564	18.615899565099664
2565	18.705318351107604
2566	18.567002799979125
2567	18.760234351149823
2568	18.643944224776792
2569	18.630995055274852
2570	19.070518226441102
2571	18.650722804006623
2572	18.95385151773919
2573	18.81196318813494
2574	18.79946549132373
2575	18.745481493142265
2576	18.988730015217115
2577	18.602256644392746
2578	18.92315940892473
2579	18.913409845887912
2580	18.913112384872388
2581	18.774149278963694
2582	18.948057832460183
2583	18.839310087299022
2584	18.942538870279847
2585	18.46697027823208
2586	18.614429274185117
2587	18.53181141038701
2588	18.57493006347822
2589	18.731176303805633
2590	18.613388492766624
2591	18.897486310762336
2592	19.105590721809786
2593	18.958541302929984
2594	18.71786278757399
2595	18.569587663193552
2596	18.729733177536705
2597	18.784571727181973
2598	18.57590289674756
2599	18.67551861084833
2600	18.526948869664952
2601	18.874040950109478
2602	18.63408933029554
2603	18.592851726944488
2604	18.42747155952617
2605	18.433704549566087
2606	18.63972593750956
2607	18.965613387405323
2608	18.5190343841692
2609	18.517488667644944
2610	18.800863346868187
2611	18.561842141785643
2612	18.658554846052233
2613	18.52430719788386
2614	18.62024682166986
2615	18.656919078740202
2616	18.585544051178257
2617	18.754617064790274
2618	18.744329550301998
2619	18.617749495709162
2620	18.80995322150303
2621	18.543530012375847
2622	18.666753318310235
2623	18.82478151342938
2624	18.75511018312948
2625	18.77527548019507
2626	18.525434152450366
2627	18.895553394166868
2628	18.736863218978236
2629	18.52826899316795
2630	18.309811573450546
2631	18.75010957424941
2632	18.84951213357599
2633	18.2821822901002
2634	18.689962972048356
2635	18.686357189248245
2636	18.450831944295736
2637	18.646412502733856
2638	18.66250380492381
2639	18.332860096672384
2640	18.771443794854108
2641	18.778714754346083
2642	18.48416059454275
2643	18.733293357496716
2644	18.33989852770719
2645	18.709256291757683
2646	18.581376781904684
2647	18.854414706700258
2648	18.79192926597414
2649	18.527609414363305
2650	18.35036174683607
2651	18.545847971834593
2652	18.61355243784897
2653	18.67608773554906
2654	18.72015639608077
2655	18.32906633550267
2656	18.681823882414452
2657	19.01818479017534
2658	18.9297154084553
2659	18.978037659748104
2660	18.61035446558826
2661	18.822735563639352
2662	18.53796327739761
2663	18.64323894138141
2664	18.679394227292885
2665	18.763026504190222
2666	18.537730485243603
2667	18.802767771020438
2668	18.67996010986843
2669	18.56857620987178
2670	18.686918895157202
2671	18.598959257704664
2672	18.560108321143694
2673	18.550905818996654
2674	18.606356066319815
2675	18.30812378150036
2676	18.677990814892734
2677	18.484974512760306
2678	18.356267521465348
2679	18.523965367265145
2680	18.61106675946629
2681	18.84819856209315
2682	18.661316119760738
2683	18.671376116363913
2684	18.424297823941277
2685	18.54663248040955
2686	18.833388066683103
2687	18.559789323425544
2688	18.732728284442832
2689	18.764615456233027
2690	18.309419240795897
2691	18.580777618988414
2692	18.3733579956676
2693	18.830926856181332
2694	18.260747155530638
2695	18.547399650304264
2696	18.425707358621363
2697	18.618406704699265
2698	18.986028344468874
2699	18.473792798641444
2700	18.293102233530576
2701	18.618664147080906
2702	18.373867893838582
2703	18.67023656513937
2704	18.827362625187753
2705	18.70546402000546
2706	18.920319563705295
2707	18.42785350060946
2708	18.512845860642045
2709	18.604553075295748
2710	18.593292680198196
2711	18.621662575181812
2712	18.455666019837203
2713	18.423660975332268
2714	18.671475633697646
2715	18.80560373089978
2716	18.515301607382167
2717	18.578278975384695
2718	18.638321182951778
2719	18.619519222113325
2720	18.417479249339586
2721	18.637132588372506
2722	18.677836370570578
2723	18.362755434294677
2724	18.660945096701727
2725	18.687729911024846
2726	18.371793013926712
2727	18.43888355425857
2728	18.635647357967525
2729	18.749204368470817
2730	18.41162157807945
2731	18.656528863206013
2732	18.503450956651537
2733	18.643234322536767
2734	18.558665317324177
2735	18.362367424401434
2736	18.418930425687304
2737	18.538090317974756
2738	18.42599185048148
2739	18.392497106304265
2740	18.342830950067132
2741	18.52045989563761
2742	18.271237245720517
2743	18.600659294099337
2744	18.59417664924951
2745	18.394518533771222
2746	18.603000303881366
2747	18.51456455904735
2748	18.49325911202918
2749	18.272051987380603
2750	18.664025392111704
2751	18.423621559880335
2752	18.294866906313832
2753	18.475552395468544
2754	18.335410536071244
2755	18.355033745804867
2756	18.29190142879108
2757	18.310955303084032
2758	18.43564835184405
2759	17.932865880584746
2760	18.27972467415218
2761	18.3097844167385
2762	18.550802761360025
2763	18.441770581621846
2764	18.137547545678036
2765	18.509584846260413
2766	18.664805633900382
2767	18.722788005034015
2768	18.49650350740003
2769	18.269050495437025
2770	18.613472424971043
2771	18.386210414542337
2772	18.284468507786688
2773	18.38448673045576
2774	18.48835675139394
2775	18.357419399347055
2776	18.38820552421056
2777	18.43372166929743
2778	18.240435028558778
2779	18.471869336105772
2780	18.396260757252076
2781	18.447165200013835
2782	18.191662956867866
2783	18.33825746744524
2784	18.41902172409751
2785	18.186975264171195
2786	18.521935318211963
2787	18.329980652656268
2788	18.278285538312517
2789	18.53440486889322
2790	18.14613890599189
2791	18.34133047033436
2792	18.563389800976328
2793	18.44661788189711
2794	18.234498999823305
2795	18.262444049088185
2796	18.109846753649975
2797	18.40459223134001
2798	18.37566240170076
2799	18.40148197802831
2800	18.511350035879666
2801	18.190361165774974
2802	18.425631087451848
2803	18.524005366438818
2804	17.886072514330333
2805	18.396017584789078
2806	18.656052619022976
2807	18.371150221183093
2808	18.51195289443862
2809	18.272188937154294
2810	18.23773958260482
2811	18.342882410085686
2812	18.3591664783909
2813	18.32749370382254
2814	18.311921599727526
2815	18.3145495228342
2816	18.30379250826715
2817	18.14930192342791
2818	18.336118955816637
2819	18.33903398956495
2820	18.39997733679898
2821	18.390694234282694
2822	18.326151313165337
2823	18.394231748064122
2824	18.099495497687055
2825	18.203715246009182
2826	18.159309732168385
2827	18.19698125305193
2828	18.132177024674384
2829	18.202673992374624
2830	18.261220266356734
2831	17.987701303931594
2832	18.17543530427386
2833	18.320010959188455
2834	18.32911172023802
2835	18.30677330995419
2836	18.340657335185263
2837	18.22230952007961
2838	18.430333621666534
2839	18.310664239728297
2840	18.478848636459194
2841	18.52194011362279
2842	18.2923786225123
2843	18.43707602953509
2844	18.20957931431798
2845	18.21778326523052
2846	18.392324022579746
2847	18.388828939775706
2848	18.450409235830147
2849	18.150510880041836
2850	18.339852892737053
2851	18.283806433429564
2852	18.205994093235855
2853	18.174338167434623
2854	18.24002925233627
2855	18.521548015424116
2856	18.02156651193408
2857	18.531216689308657
2858	18.097611699378817
2859	18.258673317105817
2860	18.06643696197472
2861	18.463619913640322
2862	18.397979915923443
2863	18.225149543063132
2864	18.157040101014445
2865	18.45287246983175
2866	18.253268352504307
2867	18.310289035346774
2868	17.983773303212004
2869	18.1802156096968
2870	18.262257512480932
2871	18.27273810993934
2872	18.292996747149687
2873	18.195477552929678
2874	18.26112672377515
2875	18.105764629201534
2876	18.4064601981341
2877	18.42667330473171
2878	18.106662712214487
2879	18.139252613559805
2880	18.422871936890004
2881	18.16780557227966
2882	18.14251573501773
2883	17.923706931838602
2884	18.188208698580993
2885	18.393997187977938
2886	18.432475916606613
2887	18.39268698405011
2888	18.394656385157653
2889	18.10425885955722
2890	18.214972254398592
2891	18.086479485059705
2892	18.303301076427722
2893	17.98644211255436
2894	18.40100419952911
2895	18.30659625945085
2896	18.29435002682232
2897	18.184581589306493
2898	18.178351874883045
2899	18.213262959725636
2900	18.121686958209246
2901	18.508236659169704
2902	18.441098078201044
2903	18.268139433109642
2904	18.309341959231336
2905	18.532708992856357
2906	18.265364984121153
2907	18.45282772235844
2908	18.139981752077684
2909	18.023943337723356
2910	18.016682212191085
2911	18.406456694253
2912	18.194862224714292
2913	18.17045379161313
2914	18.23912693324313
2915	18.109148425956274
2916	18.350009814361375
2917	18.210447421298472
2918	18.216497877878197
2919	18.288323296488525
2920	18.066274960478896
2921	18.43596103256702
2922	18.088282593208056
2923	18.27880932191842
2924	17.963848617354962
2925	18.388120546925144
2926	18.09883218413409
2927	17.978509195675027
2928	18.434262491579755
2929	18.067153633912785
2930	18.191328306490732
2931	18.42867163313791
2932	18.064535172326984
2933	17.972326044112453
2934	18.294849862672045
2935	18.129380452980698
2936	18.220396566680947
2937	18.082651622208356
2938	18.269288803553366
2939	18.348592312097978
2940	17.974201712675264
2941	18.304035386759445
2942	18.168626385256022
2943	18.395209837791683
2944	18.144452237033892
2945	18.27511326668469
2946	18.396738038041963
2947	17.992696780721925
2948	17.958750368899626
2949	17.97142031813814
2950	17.997348095966696
2951	18.118685333749568
2952	18.028806252190826
2953	18.00456733731298
2954	18.039171521115417
2955	18.008146534409295
2956	18.173413884830314
2957	18.04799272481002
2958	18.14751507446907
2959	17.985043138434634
2960	17.9372400922011
2961	18.12946091236726
2962	18.000239694889697
2963	18.06023909670068
2964	18.019253251047505
2965	18.23021916651879
2966	18.063361003111385
2967	18.028676061319977
2968	18.06736021533269
2969	18.283992555707847
2970	18.145761041271847
2971	18.00938610252337
2972	18.303718708107183
2973	18.103567326016094
2974	17.96652431587912
2975	18.031862837536554
2976	18.049797862270335
2977	18.331652405663636
2978	17.896720282962857
2979	18.204375236297032
2980	18.058784896002624
2981	18.064373972532035
2982	17.957537387934106
2983	17.872280049412872
2984	17.93481404489971
2985	18.159483196981952
2986	17.678807038310616
2987	18.176300791355676
2988	17.78143781067308
2989	17.9890143094523
2990	18.021535760786914
2991	18.11546673215866
2992	18.34646581768365
2993	18.093050267567367
2994	18.281853907820793
2995	18.09910394127476
2996	18.15349427266219
2997	18.10271382427068
2998	18.344604752316435
2999	17.925995846775926
3000	18.3166811148293
3001	18.113620895646708
3002	18.028447846711188
3003	18.06629480045518
3004	17.945144392245048
3005	17.789585652333997
3006	18.144596310057466
3007	17.882291463155227
3008	18.144962458024448
3009	17.74047105952151
3010	18.04963262295177
3011	17.96482573445214
3012	17.84451719144235
3013	18.09355980994137
3014	17.839368921055403
3015	18.087864511585625
3016	18.09991497621866
3017	18.126475198877355
3018	18.064786849992533
3019	18.014341317331
3020	17.83650115941418
3021	18.14430290018763
3022	18.033829335674866
3023	18.19713129802465
3024	17.936315764586364
3025	18.150878262670854
3026	18.23226552213446
3027	17.79045904945515
3028	17.89096236103597
3029	18.254662390486267
3030	18.22768005494756
3031	17.82016917699448
3032	17.883048243674654
3033	18.044507661688108
3034	18.039829714607617
3035	17.835903046455353
3036	18.004597986305537
3037	17.92575860202822
3038	17.787334139087854
3039	17.877572252973703
3040	18.04739475323369
3041	17.947750412458785
3042	18.12228236174554
3043	17.766409698595794
3044	17.707727926378436
3045	18.196441080152237
3046	17.953637164794696
3047	17.853190052725118
3048	17.871488850441246
3049	17.7925348333824
3050	18.280493158632066
3051	17.830028584572567
3052	17.72719820624405
3053	17.919042819431958
3054	17.7159625343733
3055	18.08956767164093
3056	17.811402207949808
3057	17.97335157856075
3058	17.7451237180065
3059	18.138693801862022
3060	17.737254942915815
3061	17.91792703093637
3062	17.996032602287478
3063	17.747036345475557
3064	17.954724264741497
3065	17.737033180952633
3066	17.584600325426315
3067	17.7291073477625
3068	18.01257570847621
3069	17.99609645023354
3070	18.243705798302727
3071	17.933165568560156
3072	18.111475613600305
3073	17.799170536649523
3074	18.01155147303756
3075	17.738042242300512
3076	17.903279169398573
3077	17.951348905763847
3078	17.95151753105494
3079	17.849304923063865
3080	18.172151879918612
3081	17.714232948964813
3082	18.028661261467192
3083	17.807643275307345
3084	17.939148199977208
3085	17.918724269952616
3086	17.982540002055494
3087	17.90826490061959
3088	17.79620265230661
3089	17.628988362132496
3090	17.824781839581554
3091	17.92637904242505
3092	17.804414116625907
3093	17.812042267502672
3094	17.90760467654954
3095	17.936979855024614
3096	17.9085472624485
3097	17.765591300249827
3098	17.77728148624239
3099	17.767952395989596
3100	17.724466643289077
3101	17.77250724441739
3102	17.8915013097796
3103	18.278696983390816
3104	18.243225828183135
3105	17.953409497628385
3106	18.01148200728316
3107	18.031145552060362
3108	17.70880474063778
3109	17.822158919987928
3110	17.845085215787368
3111	17.78402592431611
3112	17.55051133503794
3113	17.690045572503696
3114	17.84777282879746
3115	17.769971711106614
3116	17.70555810743585
3117	18.13861133735592
3118	17.819428579134197
3119	18.005520081610904
3120	17.991864963154885
3121	17.668893222077152
3122	18.10156543794419
3123	17.855787690202792
3124	17.679852323661123
3125	17.85641716161389
3126	17.778892088138956
3127	17.954598500458943
3128	17.74204655864327
3129	17.736079385673616
3130	17.999158566854803
3131	18.002338992618792
3132	17.652634774756194
3133	17.926187832930122
3134	17.774235999783116
3135	17.653170403251657
3136	17.662679618125527
3137	17.6966018776843
3138	18.016690316329573
3139	17.5688721423594
3140	17.74708843575578
3141	17.778893074656647
3142	17.557804773877685
3143	17.730871609230316
3144	17.783649093569835
3145	17.4561578909121
3146	17.801318732408237
3147	17.61231763580865
3148	17.59535342928557
3149	17.713863748670487
3150	17.911779835784404
3151	18.05024985052179
3152	17.554467024946458
3153	17.82790182013642
3154	17.936703441488866
3155	17.77446422276843
3156	17.794712037497113
3157	17.897817517325723
3158	17.802845504434995
3159	17.775597943412837
3160	17.81104475467596
3161	17.996314740420665
3162	17.71947453218022
3163	17.58071593780743
3164	17.602490725596844
3165	17.954530310440617
3166	17.937754308602035
3167	17.642764479202132
3168	17.60262927658505
3169	17.445698648542606
3170	17.55479896946016
3171	17.49774043231184
3172	17.71828532967903
3173	17.64887832359184
3174	17.490470044236865
3175	17.761341966925364
3176	17.73809841234625
3177	17.416446391863104
3178	17.596416777497147
3179	17.814573737818176
3180	17.584076295295805
3181	18.153323612017328
3182	17.55192453678674
3183	17.648448691538466
3184	18.014102060245005
3185	17.948919379165638
3186	17.70519692131428
3187	17.739289871446495
3188	17.677237047612373
3189	18.09217551134314
3190	17.66215689609672
3191	17.831058262928337
3192	17.539237295386453
3193	17.662976503738452
3194	17.914537852615588
3195	17.609008670478307
3196	17.857070345857107
3197	17.79532750326812
3198	18.091276823534756
3199	17.537725913335514
3200	17.541532216593307
3201	17.759857282800276
3202	18.07823185346186
3203	17.775828648651697
3204	17.764917123409
3205	17.957002815452576
3206	17.61394750587489
3207	17.633878188198732
3208	17.708379458822023
3209	17.646207666787664
3210	17.776749325827332
3211	17.995405493929447
3212	17.500152139618024
3213	17.77532236160621
3214	17.830341795527055
3215	17.446988917595863
3216	17.551749817270416
3217	17.867782490436106
3218	17.954489506264654
3219	17.746471617838694
3220	17.708195019093868
3221	17.701740904916967
3222	17.911877305884463
3223	17.916664591216282
3224	17.902672865889553
3225	17.723589686901903
3226	17.756535388028944
3227	17.746017135096157
3228	17.577656445044852
3229	17.80704386803736
3230	17.95906324040515
3231	17.944127701001143
3232	17.452674014969325
3233	17.606932863111755
3234	17.647945227709744
3235	17.872352709724286
3236	17.59028472166624
3237	17.656344953847363
3238	17.682563206177917
3239	17.743652876789238
3240	17.648213040644492
3241	17.914530698981384
3242	17.974572068895903
3243	17.64561144034548
3244	17.68880449410744
3245	17.896785833474
3246	17.6852793104434
3247	17.751985914376835
3248	17.523178382299495
3249	17.68177129852096
3250	17.628475622686217
3251	17.757932335108244
3252	17.83180837761718
3253	17.48729766776705
3254	17.460056810046463
3255	17.338518417698236
3256	17.67092946740951
3257	17.737110086029208
3258	17.860101206913292
3259	17.68091087761727
3260	17.766783353634498
3261	17.702162813430064
3262	17.65446657274174
3263	17.55365602368039
3264	17.61394982525509
3265	17.680999880655076
3266	17.953768654410457
3267	17.536314299534336
3268	17.517751826305105
3269	17.923512536990398
3270	17.872696880650754
3271	17.67714190679576
3272	17.69904093891716
3273	17.823766838000694
3274	17.721283247111696
3275	17.644843474220103
3276	17.684159510085326
3277	17.602019385808635
3278	17.486939609356906
3279	17.587144926368225
3280	17.645596201160036
3281	17.694227309212252
3282	17.753981914456332
3283	17.661283473537154
3284	17.537296218004997
3285	17.553235970449194
3286	17.373414772284388
3287	17.631067883435783
3288	17.579143074738024
3289	17.676019018837383
3290	17.34210281561118
3291	17.619332934701728
3292	17.355755036003863
3293	17.605424072290717
3294	17.685300737800645
3295	17.767392416298566
3296	17.469258662687782
3297	17.741263586924905
3298	17.582273567786476
3299	17.532464067457504
3300	17.739820992855737
3301	17.623654957747792
3302	17.735326942762548
3303	17.512239802923947
3304	17.683941496729258
3305	17.645418970174102
3306	17.50708871368473
3307	17.817439576573246
3308	17.552815322745513
3309	17.895583243412347
3310	17.524692213829393
3311	17.44377612883058
3312	17.823649256192624
3313	17.55672498544095
3314	17.85863870671434
3315	17.817430377994715
3316	17.55720087564654
3317	17.74249294702819
3318	17.594395915495646
3319	17.448431911723787
3320	17.613676802719283
3321	17.57160986824199
3322	17.455447860910663
3323	17.579111311065134
3324	17.290590311580168
3325	17.614387944027893
3326	17.62907691540797
3327	17.40190288963152
3328	17.592621850019952
3329	17.552616668712652
3330	17.517874203018476
3331	17.596681553098087
3332	17.572773079513063
3333	17.46972923065521
3334	17.620831058302414
3335	17.659037811537072
3336	17.74092564368157
3337	17.714513347111275
3338	17.703368255640815
3339	17.776351082822362
3340	17.61424454468128
3341	17.41905494782119
3342	17.48766301125946
3343	17.454558220062136
3344	17.665591705502774
3345	17.35299713820212
3346	17.570059532732397
3347	17.49153505277874
3348	17.33935811026765
3349	17.42762474228277
3350	17.36628253605898
3351	17.61929608093103
3352	17.469507158304648
3353	17.432182285087098
3354	17.56741227904029
3355	17.736982854181228
3356	17.391242014200238
3357	17.35218502971814
3358	17.564796293071446
3359	17.58001185130767
3360	17.39628462725726
3361	17.480975136762986
3362	17.38630025313123
3363	17.555646008464322
3364	17.622932814669547
3365	17.611013346505025
3366	17.39207384015755
3367	17.69491977166122
3368	17.413905198086976
3369	17.570795794301304
3370	17.437704545569066
3371	17.44767205178623
3372	17.271206593966305
3373	17.38538585344677
3374	17.73015163345232
3375	17.28585797503809
3376	17.490835538357935
3377	17.422689608930437
3378	17.591849254061557
3379	17.724226242584585
3380	17.39787423176269
3381	17.540128673201792
3382	17.453758261715453
3383	17.51905077319546
3384	17.48849844027698
3385	17.51375366402606
3386	17.483993021485873
3387	17.434123625422377
3388	17.802710440279057
3389	17.420878424810006
3390	17.74469974945618
3391	17.669818750141996
3392	17.68535378761839
3393	17.614538303409134
3394	17.38542368144881
3395	17.705247977606643
3396	17.72558496738064
3397	17.2613269146226
3398	17.3275585422771
3399	17.384463811891667
3400	17.47540900642123
3401	17.37714296248152
3402	17.472092334071387
3403	17.389399153697603
3404	17.397496708423102
3405	17.564415052239582
3406	17.606150358653995
3407	17.72479781738633
3408	17.703893978316135
3409	17.65666254524892
3410	17.59665544152453
3411	17.822067840855564
3412	17.600327703769125
3413	17.713443657704637
3414	17.401757685487915
3415	17.654476265320653
3416	17.346942141575678
3417	17.21669532773186
3418	17.61035595296243
3419	17.51980597624143
3420	17.697591878332947
3421	17.56334433307762
3422	17.693244400912192
3423	17.52451457624442
3424	17.35726204645177
3425	17.514909919428746
3426	17.55868643252306
3427	17.193885634412098
3428	17.381638023056407
3429	17.463128591045557
3430	17.31352145489999
3431	17.06145390877671
3432	17.58262159475868
3433	17.53527818885163
3434	17.406005467990322
3435	17.42604947242632
3436	17.35568995614006
3437	17.28424014551868
3438	17.203085443289908
3439	17.37109126026135
3440	17.578192444440543
3441	17.407978778874142
3442	17.461080495473922
3443	17.261279665821057
3444	17.237034625848768
3445	17.38418167683399
3446	17.265618307119976
3447	17.224400690831306
3448	17.117336619528373
3449	17.49592573071643
3450	17.168261337840576
3451	17.54351901400042
3452	17.306764883509217
3453	17.33410266529012
3454	17.350724644564107
3455	17.37268467619928
3456	17.499625903113934
3457	17.34346559535715
3458	17.50934001257677
3459	17.341544485699348
3460	17.491460520069097
3461	17.46107994774354
3462	17.636595013350547
3463	17.188543129962408
3464	17.532908290326464
3465	17.501790307996608
3466	17.520029993495186
3467	17.350833728865776
3468	17.271899289470454
3469	17.40249448746049
3470	17.212842305068673
3471	17.065144379990674
3472	17.607916492338337
3473	17.54121612428682
3474	17.486951222567917
3475	17.357902008269217
3476	17.576166714413134
3477	17.279784151097125
3478	17.122873984424352
3479	17.508273388685325
3480	17.63669037517888
3481	17.32237541752956
3482	17.17515215915507
3483	17.60518615714227
3484	17.51985567382889
3485	17.465128949346695
3486	17.66547615950325
3487	17.536611684793964
3488	17.311289763619424
3489	17.36050799977242
3490	17.317393133554358
3491	17.4553957634476
3492	17.044844216918765
3493	17.34995703769965
3494	17.35060959361969
3495	17.44244079250751
3496	17.280556460498346
3497	17.73494563350931
3498	17.422330037149717
3499	17.280110707910953
3500	17.2225083081277
3501	17.351287173780623
3502	17.199049170619524
3503	17.35532941170774
3504	17.179909775121025
3505	17.417130191470008
3506	17.45723206021835
3507	17.2247868940437
3508	17.50551319457743
3509	17.48463647578837
3510	17.534178067744524
3511	17.26719989226554
3512	17.636227755324956
3513	17.42964692855566
3514	17.604621800738567
3515	17.290440227488574
3516	17.472194504222074
3517	16.983790681813257
3518	17.467760448896502
3519	17.39029568409852
3520	17.420060945857706
3521	17.245108081016962
3522	17.342257460969233
3523	17.494139706462374
3524	17.47205440016868
3525	17.306970414087477
3526	17.465288350798815
3527	17.477203802420295
3528	17.204897065640328
3529	17.18053786388984
3530	17.229240650096415
3531	17.465996843637573
3532	17.348374909746553
3533	17.05985257397072
3534	17.273416004052546
3535	17.43543333178629
3536	17.406293445122255
3537	17.288662600846735
3538	17.450314776195913
3539	17.310227731671898
3540	17.489067807692802
3541	17.35949732619486
3542	17.423899896679348
3543	17.552609998741215
3544	17.061862601422042
3545	17.28515803237453
3546	17.22348987307572
3547	17.20513605187436
3548	17.149100564604815
3549	17.4506711158382
3550	17.46207380092847
3551	17.42371814429034
3552	17.363654116237694
3553	17.297281153275666
3554	17.480278707398877
3555	17.10609869463607
3556	17.57656970412253
3557	17.37036926948235
3558	17.643223184376044
3559	17.256477657877973
3560	17.21098065217256
3561	17.405866722928486
3562	17.12087879118201
3563	17.46742178899808
3564	17.12662435375133
3565	17.480890890462963
3566	17.394411615901095
3567	17.17054638748575
3568	17.488656083253066
3569	17.22013707667131
3570	17.328075682506533
3571	17.58000734832535
3572	17.251409122874033
3573	17.03233992705938
3574	17.295074159233266
3575	17.169008335675862
3576	17.228360955574924
3577	17.273942671156806
3578	17.17659762157305
3579	17.25990361306318
3580	17.25004603529467
3581	17.171828616689712
3582	17.322242038502356
3583	17.638316381418505
3584	17.266147207007414
3585	17.22228610757584
3586	17.33261548380214
3587	17.414644719442073
3588	17.403709820442533
3589	17.17472041404177
3590	17.475036583485764
3591	17.382947934663747
3592	17.297247776739614
3593	17.369905454736685
3594	17.360955585594297
3595	17.119751266840506
3596	17.31030345005276
3597	17.230934443280024
3598	17.34992378729103
3599	17.58271610096603
3600	17.451786913009876
3601	17.2786903222589
3602	17.4994418019534
3603	17.178280106779617
3604	17.268858205839635
3605	17.18913067280531
3606	17.39535119735976
3607	17.53947663933565
3608	17.175133339629593
3609	17.772242078210894
3610	17.38804953015966
3611	17.618098255636514
3612	17.316340574364936
3613	17.70057723103168
3614	17.545769719032034
3615	17.092546512572195
3616	17.381889168765777
3617	17.350153596095865
3618	17.52560423230037
3619	17.34288797510063
3620	17.262444311103177
3621	17.407225344076398
3622	17.223270285794204
3623	17.200972247716113
3624	17.481518055728465
3625	17.395484236790864
3626	17.49687462204165
3627	17.44484863966919
3628	17.114243881825804
3629	17.311647589428425
3630	17.31752518395537
3631	17.304303566342234
3632	17.412119210168655
3633	17.40958215451789
3634	17.548132438915015
3635	17.227702222091693
3636	17.338562923420916
3637	17.541568357840625
3638	17.4718733054293
3639	17.247149068727097
3640	17.246473672348237
3641	17.63708517649855
3642	17.446964564955046
3643	17.38400720391913
3644	17.262782349862903
3645	17.339584347281576
3646	17.282096025347577
3647	17.301309268742568
3648	17.420440187235958
3649	17.304754804995127
3650	17.285009200143712
3651	17.561084699665276
3652	17.453434437378647
3653	17.33844418611961
3654	17.438377641100427
3655	17.275879069030267
3656	17.296492518552004
3657	17.53020731225355
3658	17.260662821040228
3659	17.15290730379165
3660	17.26472160566404
3661	17.300721358380635
3662	17.222366795137578
3663	17.22411750747642
3664	17.02356997916398
3665	17.151004809382542
3666	17.346293546677536
3667	17.518787007818165
3668	17.210989324947143
3669	17.310037659258565
3670	17.133034313789597
3671	17.318985639091565
3672	17.359809981961153
3673	17.117337364360775
3674	17.026583283491135
3675	17.021928568130452
3676	17.42637191539084
3677	17.730346916595266
3678	17.399512589919695
3679	17.438446275423996
3680	17.302094322042112
3681	17.18436174949856
3682	17.43757337915596
3683	16.929919745754635
3684	17.188175413454033
3685	17.160443914406358
3686	17.35222235972601
3687	17.106150525811028
3688	17.359419966435528
3689	17.056340556154602
3690	17.24927050849187
3691	17.50501981230705
3692	17.307691963621373
3693	17.090766107633254
3694	17.18477736490681
3695	17.21984335522315
3696	17.289019222571817
3697	17.35953978500296
3698	17.429157248323715
3699	17.20779290907619
3700	17.360454885016544
3701	17.38712190534807
3702	17.075110210679913
3703	17.04982372132136
3704	17.015067423614965
3705	17.02415332017607
3706	17.24028641705534
3707	17.27898706959141
3708	17.29870029035925
3709	17.167242900011082
3710	17.148807576514397
3711	17.21071178120548
3712	17.181966316225214
3713	17.17830136782548
3714	17.17411518368399
3715	17.224008036140305
3716	17.25002141647448
3717	17.44925370634399
3718	17.509698078220545
3719	17.34993686656318
3720	17.25194748083181
3721	17.115151636000856
3722	17.124201363888634
3723	17.53279643503651
3724	17.133954836399617
3725	17.244066368867646
3726	17.232641009278506
3727	17.18325718515128
3728	17.147152718210695
3729	17.18563305125914
3730	17.320577917580348
3731	17.02207787906511
3732	17.036979604910872
3733	17.154226353099762
3734	16.87673415197489
3735	17.004836231334465
3736	17.14038353626343
3737	17.305004006050844
3738	17.321993210241484
3739	17.169340653141717
3740	17.219960244722493
3741	16.99186402646013
3742	17.016691570129044
3743	17.129161623719625
3744	17.364899930690708
3745	17.00961663854041
3746	17.2320716479851
3747	17.04706663402012
3748	17.140386670551862
3749	16.98168346568964
3750	17.285471980028376
3751	17.192413308937216
3752	16.94478048998529
3753	17.02872263537769
3754	17.249060681079943
3755	17.02322704146284
3756	17.20936955241226
3757	17.12095416170761
3758	17.211668227043628
3759	17.223720097191023
3760	17.016848649442647
3761	17.17820340092696
3762	17.14021684360031
3763	17.100330400095366
3764	17.140605103079007
3765	17.248264928218354
3766	17.104107773510325
3767	17.153762077580282
3768	17.08613733446592
3769	16.95223183859618
3770	16.81268852195119
3771	17.003217905478063
3772	17.074606262309484
3773	16.81677115933962
3774	17.295620207266666
3775	17.32059109481661
3776	16.945230160757173
3777	16.890362611521986
3778	17.12047900563596
3779	17.175124384143288
3780	16.852829588496533
3781	17.159648076395296
3782	17.17740880506352
3783	17.127003392714535
3784	17.11366281173019
3785	16.918822917623924
3786	17.14936209500849
3787	17.075467082749505
3788	17.38570892391558
3789	17.199046516298047
3790	16.97913538882896
3791	17.174800760247788
3792	16.984169296434587
3793	16.872464851103963
3794	16.95704540217869
3795	16.98852421937721
3796	17.107587791025445
3797	16.88988456682114
3798	16.991493566180004
3799	16.922702824727626
3800	17.27269280590236
3801	17.08560116036909
3802	17.140142798368096
3803	17.225539454316497
3804	17.075345196058265
3805	16.957343023209155
3806	16.976398552010178
3807	17.094949184786355
3808	16.848703928364795
3809	17.212390828676494
3810	16.913354604787823
3811	16.984441767587825
3812	17.073277632598362
3813	17.195151461859734
3814	16.991697438017603
3815	17.017821432687647
3816	17.131085424559743
3817	17.14581369624637
3818	17.5280807617472
3819	16.976099609391195
3820	17.184481673485486
3821	17.358898764004195
3822	17.047196902424083
3823	17.10452306676371
3824	17.44776710511782
3825	17.346874264389037
3826	17.30722949584002
3827	17.020527071891394
3828	17.318926996062547
3829	17.2044626365329
3830	17.045476536302708
3831	17.254537657401887
3832	16.78659822963424
3833	17.240744159601846
3834	16.829773804062018
3835	17.206355567890395
3836	17.173813144631737
3837	16.806858133282216
3838	17.3323156280921
3839	17.068848635079338
3840	16.822260009814634
3841	17.081501729400056
3842	17.10739676968034
3843	16.98573870511336
3844	17.1284841149439
3845	16.699555727563475
3846	17.02381260120463
3847	17.156181286029064
3848	17.26699188995802
3849	17.00668473927056
3850	17.21237953498972
3851	17.114590722135997
3852	16.70307882007202
3853	17.054558905791236
3854	17.10801646306929
3855	17.29995730152329
3856	17.01007804848616
3857	17.21229800053524
3858	17.188111663172457
3859	17.05585281894966
3860	17.16131728310554
3861	17.12103129881211
3862	16.96691703201018
3863	17.017443973838613
3864	17.148269363473727
3865	16.826362128751338
3866	17.03430673703224
3867	17.123678365905942
3868	17.30102298874287
3869	16.961022119226044
3870	17.000141626619556
3871	17.09824390243166
3872	16.935661362014365
3873	16.8756885631223
3874	17.133307288460692
3875	17.10386908613966
3876	16.927972730975274
3877	17.11515730746501
3878	17.115004467848543
3879	17.155897821309868
3880	17.10998494968146
3881	16.848863182450913
3882	16.906756300371764
3883	17.126352981274383
3884	17.062458626025954
3885	16.977594002316476
3886	16.963341541209896
3887	17.036407763183703
3888	17.10152595631375
3889	17.056102046755026
3890	17.14836882339677
3891	16.986656018503197
3892	16.978047838729797
3893	17.206718455700585
3894	17.03804035003352
3895	16.99546106187227
3896	17.137877234067282
3897	17.01880064407975
3898	17.038040856296732
3899	17.288552081456015
3900	17.356119059015107
3901	16.864735441035233
3902	17.32210542503106
3903	17.348550317780248
3904	16.89050687639474
3905	17.53310331687916
3906	16.952605600232232
3907	17.346263237906935
3908	17.06688720859598
3909	17.082025365452733
3910	17.112779407312942
3911	16.995609652382985
3912	17.050285631466895
3913	17.050582605840336
3914	16.92168493932905
3915	16.88019854238261
3916	16.978348661587802
3917	17.028993397865563
3918	16.948288512021502
3919	17.098897453850224
3920	17.04829940066046
3921	17.015048247600003
3922	16.89483539446091
3923	16.958919359587245
3924	17.000163843851105
3925	16.950064770452617
3926	17.0375962731922
3927	16.760389353367565
3928	17.091234741314135
3929	16.83510586079808
3930	17.01157481856778
3931	17.17861589772102
3932	17.20539798573825
3933	16.82666655715266
3934	16.97386759134679
3935	17.142083546113604
3936	16.76782426311846
3937	16.729694293949496
3938	17.02725151262976
3939	16.995073192282348
3940	16.902220652251824
3941	16.990118929481298
3942	16.857505487093263
3943	16.838360380476452
3944	17.02687933598082
3945	17.015131285553558
3946	16.797727940354854
3947	17.069799473091805
3948	16.884887680581965
3949	16.617538584070694
3950	17.176444665984246
3951	17.164107695410245
3952	16.747999792057882
3953	16.932317127275265
3954	16.965627383897527
3955	17.100288232322043
3956	16.85085936076402
3957	17.122768916179453
3958	16.936656869888413
3959	16.97772982625659
3960	16.849754883765673
3961	16.681892652975147
3962	17.046213955527605
3963	16.812101718079234
3964	16.787420575464107
3965	16.757963496155966
3966	16.826204483624068
3967	17.084966562278947
3968	16.954326841794906
3969	17.043963566775737
3970	16.76583311213311
3971	16.829831840632046
3972	16.80045677019742
3973	16.86167409913816
3974	16.975082913651768
3975	17.0699900811959
3976	16.80055657937333
3977	17.04693527705274
3978	16.806542518469428
3979	16.94245969685937
3980	16.944463782579437
3981	16.990253492324644
3982	17.02862389059226
3983	16.90549695693256
3984	16.972403991368253
3985	16.899380348785417
3986	17.038862521162656
3987	16.927374963097535
3988	16.9291949387186
3989	16.93433965302232
3990	16.846665558032925
3991	16.902508654602244
3992	17.117132628566036
3993	16.85722739898173
3994	17.133866122845667
3995	16.908627950601165
3996	16.67106009023267
3997	16.985923372176117
3998	17.273105876957946
3999	16.808600208537268
4000	17.149971101573758
4001	16.895523969364056
