1	68.32789295945156
2	64.56929716589562
3	60.97540738544212
4	57.05546609078252
5	53.62303044986526
6	50.75784892925256
7	47.98519471777462
8	45.459911226998635
9	42.7718918658134
10	41.14690055696933
11	39.04974511398894
12	37.72333341326476
13	36.367503646286536
14	35.87751240967868
15	35.385551701568396
16	35.394499913587595
17	34.7911911965769
18	35.21836589905125
19	35.24607099042845
20	35.10237003594892
21	35.419651950091456
22	35.939936768363125
23	36.17252668111051
24	35.75797634405307
25	36.196365907082495
26	36.41692868673689
27	35.829014187347006
28	36.09818329556192
29	36.3389761247848
30	35.773967502594694
31	35.996936025487166
32	35.688738772615295
33	35.47633217607358
34	35.503193902353935
35	35.541525014985986
36	35.30057604676717
37	35.20581232832852
38	34.93808567614833
39	35.21519294292676
40	34.44777717491622
41	34.93654834712141
42	35.12655891272454
43	35.18312530928307
44	34.83014077637385
45	35.297905491815904
46	35.23788719856072
47	35.29252881072331
48	35.032332315578955
49	34.62554570455909
50	35.20291195445723
51	35.065010941326584
52	35.065608485812774
53	35.36271302215113
54	35.02110824009912
55	35.22427366738459
56	34.84866842281138
57	35.1250167654682
58	35.02870287290281
59	34.72610496204825
60	34.81883075893642
61	34.66915899603265
62	35.439130113674906
63	35.02932268158539
64	35.10742996756966
65	35.11833758062739
66	34.789753520552594
67	35.21343445083483
68	34.78127517801104
69	35.05051025179344
70	35.062129808051104
71	34.659108821984404
72	34.7996741438033
73	34.74733580856149
74	35.15851364354474
75	35.072269024760196
76	34.896348681591824
77	34.95502020027729
78	34.75387825570084
79	34.66125624531624
80	34.69468536405203
81	34.88910907006314
82	35.035127663622575
83	35.12012267631911
84	34.96191163884991
85	34.70477900059092
86	34.58788823945673
87	35.01356950746026
88	34.80369015742365
89	34.99142359039886
90	34.99567553754426
91	35.01866166889063
92	34.6024093477651
93	34.99153125584792
94	35.06295801129352
95	35.283859584969775
96	34.60654648657108
97	34.802656716321394
98	35.163617171416675
99	35.193155815753336
100	34.68759326829475
101	34.61513199642263
102	34.647186859091896
103	34.69295180187492
104	34.740955899505636
105	34.77150036802484
106	35.02150627638745
107	34.89263435531831
108	34.5258681425141
109	34.93699676002875
110	34.20960343509331
111	34.94541006220192
112	35.09792127254041
113	34.34670613366485
114	34.37744305379732
115	34.663612856930285
116	34.63175206237923
117	34.858824193103636
118	34.664617567815796
119	35.04995226246841
120	34.442098259608564
121	34.43977646642189
122	34.2985631332535
123	34.69313673033856
124	34.451111041246705
125	34.209420808545275
126	34.49864650069308
127	34.352662033694465
128	34.304579986301015
129	34.40746394081211
130	34.49934262147958
131	34.36293849393599
132	34.21832132819143
133	34.53869209402583
134	34.27261885639548
135	34.28540296646095
136	34.64384164988032
137	34.46338844611939
138	34.4730441274414
139	34.096183117687936
140	34.14722426962533
141	33.89685449644076
142	34.281797756265014
143	34.066339549151
144	34.22328838396234
145	34.13647837965019
146	34.284962593726824
147	34.11026250971025
148	34.25788859941146
149	34.06221368877344
150	34.05429864973616
151	33.71336877312282
152	33.56076772629846
153	34.01032396848853
154	33.97223016177687
155	33.85700607248098
156	34.19766114674385
157	33.81653755647805
158	33.66769368423802
159	33.762535322213516
160	33.696144660109574
161	33.69531102730037
162	33.884051284458145
163	33.023979195273924
164	33.41135292748545
165	33.567028121140595
166	33.541535523472994
167	33.50186174740188
168	33.36454333648097
169	33.26329669705534
170	32.97465468279206
171	33.25141357102772
172	33.28220362667228
173	33.16610069416822
174	33.21674155435698
175	33.12243737600953
176	33.32252236188601
177	32.6935838271923
178	32.92097003569308
179	32.75609114343174
180	33.008060157130686
181	32.63318581873121
182	32.569501764773534
183	32.6202117217807
184	32.541077826949596
185	32.41189791285219
186	32.21326442722864
187	32.62154669860188
188	32.39575125973639
189	32.00228211566257
190	32.34597715363994
191	32.075956973299405
192	32.09325885170461
193	32.10831091100323
194	32.07592880189829
195	31.763058404264072
196	31.929327111138157
197	31.591143464088326
198	31.467801812830622
199	31.34261058142666
200	31.508068540633882
201	31.59301143389115
202	31.378363552474692
203	31.225547821132036
204	31.251093226463055
205	30.890265453431564
206	31.025534750597995
207	30.84403035999687
208	31.133080040842927
209	30.690203884506857
210	31.005082101455965
211	30.729449025877322
212	30.375079515515267
213	31.115811235472663
214	30.46146812885559
215	30.62359246619926
216	30.358937728159095
217	30.4374838955403
218	30.73041771743126
219	29.82338086180344
220	29.886624691733598
221	30.166280450216785
222	30.10554317919323
223	29.94786036289998
224	29.81691600847222
225	29.66287712324724
226	30.10972810531289
227	29.63278904465834
228	29.47541793451462
229	29.378522844261745
230	29.44768527790452
231	29.646685369029242
232	29.737598656782353
233	29.3977270165242
234	29.055083068559412
235	29.318116637089076
236	29.284071375417366
237	28.899283086162097
238	28.772035304254093
239	29.164290307797046
240	28.79166013369104
241	29.177720222477127
242	29.474052395769665
243	28.86742377193921
244	28.745799823321914
245	29.145903120930576
246	28.66378452158005
247	28.499904961844383
248	28.677158249924425
249	28.146153737705966
250	28.29719333070232
251	28.396667383142873
252	28.317901665096375
253	27.999555447688017
254	28.335128420089713
255	28.108165988194173
256	28.512565970611142
257	28.01912646409512
258	28.205181385456683
259	27.97259620487825
260	28.178371163232878
261	28.01636946369465
262	28.4460406594186
263	27.873718841388378
264	27.82624865879129
265	27.374880781774465
266	27.692915623487146
267	27.773092427426523
268	27.439835086094607
269	27.581449166933297
270	27.332468450008662
271	27.54288399461538
272	27.297425441584956
273	27.20188563831699
274	27.302961173321044
275	26.944570723490408
276	27.06000934233907
277	27.249627636356255
278	27.14192251545777
279	27.277070901308747
280	26.76401118861233
281	26.975359603717866
282	27.241613028224005
283	26.730184544193555
284	26.719376501855095
285	26.631898460144807
286	26.86421983279339
287	26.343010042639094
288	26.72135638850056
289	26.859385883460245
290	26.710410253594485
291	26.55789630429394
292	26.561397154392527
293	26.462729929750104
294	26.81776616823469
295	26.35957340800156
296	26.30820099324271
297	26.293962331339287
298	26.515650375376516
299	25.97890595020505
300	26.007911261001965
301	26.27852788197018
302	26.08220925713011
303	26.31139279145968
304	26.184543259291402
305	26.16463569406692
306	25.93579287818856
307	26.083214303985645
308	26.139575792140377
309	25.861006617963643
310	25.8177526004284
311	25.987793311087334
312	26.04055819417708
313	25.62968119736685
314	26.232430475358758
315	25.654718710142735
316	25.86395274307666
317	25.514276077724055
318	25.213922642846057
319	25.489980808877757
320	25.919671443575815
321	25.837516112175962
322	25.680032348353283
323	25.20892023859016
324	25.446363185705664
325	25.164075059390182
326	25.28470750746422
327	25.29763083290017
328	25.396055509266194
329	25.149406994896022
330	25.128573602449666
331	25.23952201111356
332	24.969902271525378
333	25.169579122144654
334	24.99924200267428
335	25.249533336297166
336	25.095899615067516
337	24.927587470731186
338	24.959338634771544
339	24.670971580463004
340	25.02148743308876
341	24.84951064477579
342	24.911860568445725
343	24.737840547827922
344	25.064087587287112
345	25.05951109728808
346	25.161546994395813
347	24.898412877249438
348	24.543692006809728
349	24.85577403582629
350	24.664415101269483
351	24.7608831819152
352	24.78146091069184
353	24.69851903040571
354	24.68232105034027
355	24.59152361030902
356	24.554408357563457
357	24.892259636949422
358	24.11412314988085
359	24.90866684250553
360	24.558574432766264
361	24.482342250573886
362	24.80611506843042
363	24.469619877281804
364	24.49380391879445
365	24.71655554562458
366	24.615693884377464
367	24.343125206413028
368	24.226918691921753
369	23.97686292310858
370	24.505919548994676
371	23.760472367132824
372	24.185157435465705
373	23.955654797277226
374	23.896703801272825
375	24.38720449808831
376	24.307805508615605
377	24.066859661859475
378	24.039912996708452
379	24.020820190168333
380	24.284841697960108
381	24.21959128187784
382	24.068781969249603
383	23.727039076921436
384	24.18803272100345
385	23.686811878392792
386	24.06536536931611
387	23.848096957496193
388	23.909239251851268
389	24.340587875765408
390	23.93344049874831
391	24.060586009860362
392	23.651087013362517
393	24.001634707336343
394	23.862609487485344
395	24.039013932065462
396	23.918065618639286
397	23.948915173087013
398	23.617357993607914
399	23.45772894631067
400	24.598550653784173
401	23.76670645478716
402	24.023321500260234
403	23.760163628864643
404	23.731431114334224
405	23.353606873491955
406	23.60092235376954
407	23.56612912312031
408	23.327750913908247
409	23.66863607044451
410	23.352483497133136
411	23.38762079752597
412	23.483306613213262
413	23.12801740629699
414	23.227897991530366
415	23.53451790884077
416	23.24319829579884
417	23.082254593002634
418	23.42387465400769
419	22.9061217545549
420	23.25025959851678
421	23.598197141684132
422	23.266610042383068
423	23.001683306812904
424	23.12431372403597
425	23.37245723269839
426	23.125282773331804
427	23.06315515947823
428	22.997851191672435
429	23.009136052727246
430	23.215025270359813
431	22.664423978152108
432	22.959722248635934
433	22.818197602278758
434	22.802584171213134
435	22.896178110905378
436	23.222721526071293
437	22.712593149720252
438	23.07985412698203
439	22.871984958980384
440	22.74906874670614
441	22.72681835060657
442	22.83174796868955
443	23.06334572613294
444	22.689190827428543
445	22.906500252410414
446	22.92125378929483
447	22.777392970992818
448	22.613462603293577
449	22.807604780375968
450	22.63272393035416
451	22.59381534697842
452	22.862127507702095
453	22.54013922856192
454	22.8656256125954
455	22.39014238084741
456	22.723811718135437
457	22.507994918948302
458	22.523351464180738
459	22.61185882272025
460	22.43328932984085
461	22.957678069832806
462	22.52133762597966
463	22.62539544543854
464	22.278670496435147
465	22.48336757874956
466	22.631790288445956
467	22.44984938748159
468	22.237521167155702
469	22.075261358054114
470	22.54780686976744
471	22.164648819473562
472	22.365208673474797
473	22.391972823252523
474	22.314590723174227
475	22.557730573409973
476	22.717823266934346
477	22.604141711021875
478	22.116852953559633
479	22.459877397787135
480	22.459262700449443
481	22.181698431090542
482	22.06381871888496
483	22.17289050662491
484	22.265627074571164
485	22.111833474828533
486	22.041883738673096
487	22.040860345949643
488	22.11948525693225
489	22.045867125351702
490	22.257633214398282
491	22.339625304929285
492	22.138273367323748
493	21.99399483971949
494	22.095909696530367
495	22.14473805935639
496	22.013202014685852
497	22.253494735255863
498	21.73212378301428
499	21.943713330716186
500	21.777150410904376
501	22.212478366298114
502	22.00651801340976
503	22.22958358392732
504	21.862818407716752
505	21.922634968803557
506	21.952069123148135
507	21.83843096914744
508	21.95162683503106
509	21.75819180038413
510	22.13355183659622
511	21.956430548479286
512	21.93967382912072
513	21.786975066586233
514	21.78067630163234
515	21.86415811459499
516	21.958624862694148
517	22.027291242363642
518	21.700559164277905
519	21.50982947587143
520	21.9305331677787
521	21.94894983213812
522	21.936475882428248
523	21.65836399210199
524	21.727510700146034
525	21.426787705839825
526	21.5451751648431
527	21.587024521366878
528	21.559008073176553
529	21.566038767477774
530	21.305608902796326
531	21.66896546376174
532	21.485217871538104
533	21.59705904599816
534	21.473417601152427
535	21.720717028103536
536	21.444129503322266
537	21.482523903871826
538	21.81195501916905
539	21.560593951689143
540	21.368183634950977
541	21.525744049699885
542	21.43396009181618
543	21.909301396435115
544	21.34545194356378
545	21.407833579411832
546	21.454962544762672
547	21.246389378126388
548	21.62917323822057
549	21.538324015299715
550	21.4225119359206
551	21.408101766433646
552	21.46739962132175
553	21.16534083512835
554	21.57633375035448
555	21.690246918696236
556	21.323272825471594
557	21.21764075462134
558	21.47602874409693
559	21.50752588279264
560	21.359259691029603
561	21.534120269624168
562	21.308150104020694
563	21.297568289154288
564	21.49109657011164
565	21.289775927110448
566	21.229791335363984
567	21.02012068182495
568	21.120404810049966
569	21.068286593826542
570	21.157836262903785
571	21.19869026682614
572	21.236563806366302
573	21.143692408462552
574	21.104140663059717
575	21.129532654943997
576	20.762809451941298
577	21.25127506956709
578	21.309986254332834
579	21.22749899146653
580	21.220470931599984
581	21.16361698407026
582	21.021087916512723
583	20.790604860358208
584	20.65752152715204
585	21.172268299777343
586	20.894327942964683
587	21.11062491145265
588	21.220763346108594
589	21.12275600183177
590	21.114875644132677
591	21.030323758013356
592	21.32475500975347
593	21.04118208877972
594	21.140332696919508
595	20.989874541257848
596	20.975914239471575
597	21.224676549128315
598	21.059559919827862
599	20.96929799507716
600	21.333089658300434
601	20.93953821809034
602	21.001333466107003
603	20.91032083962109
604	20.556444472977265
605	20.92344068455042
606	20.944196442995164
607	20.7027659090432
608	20.832492452615277
609	20.810284869037964
610	20.714109288027114
611	20.951278911016423
612	20.59049866547077
613	20.76272180297921
614	20.8628390508863
615	20.779088557369295
616	20.83557484430839
617	20.87713552679675
618	20.57293611192613
619	20.75520562121826
620	20.825422382938772
621	20.98820477244493
622	20.732348308285847
623	20.933103769027998
624	20.800804192078715
625	20.871323095122886
626	20.9795129161531
627	20.628239211679276
628	20.88477841621073
629	20.368367851424075
630	20.834015724979714
631	20.657513923286405
632	20.831487837517237
633	20.6086722319717
634	20.721906599796807
635	20.623629793892984
636	20.42458573720681
637	20.591577676786954
638	20.073538085553327
639	20.549352580890663
640	20.7898089744366
641	20.419452750477348
642	20.576226624404036
643	20.802717578594184
644	20.368413659651694
645	20.618210526100643
646	20.498217031733397
647	20.554234494865618
648	20.688928524605206
649	20.499755860174748
650	20.649894397752604
651	20.51392825225437
652	20.704222758244757
653	20.407131133802363
654	20.51779675220198
655	20.246596338667675
656	20.683873927292378
657	20.35443099863824
658	20.651690871187128
659	20.495890632423894
660	20.405103673031405
661	20.561369866465697
662	20.47442250195931
663	20.378062039293464
664	20.06970636841788
665	20.26135600211427
666	20.195444252717543
667	20.327391350007122
668	20.154470198899254
669	20.550797294852366
670	20.364684039548468
671	20.22537961301634
672	20.025004328369672
673	20.22768934098348
674	20.31572022305009
675	20.215110198536784
676	20.058641367973888
677	19.913245982805726
678	19.897213958685303
679	20.07425503044272
680	20.08605135676068
681	19.911291012430073
682	20.13003075271948
683	20.28933042583251
684	20.112901859552093
685	20.39358553351534
686	20.521698449295148
687	20.30615958165364
688	20.337493750813504
689	20.155127864062425
690	20.371749057386022
691	20.155247524627306
692	19.924813489903823
693	19.999511975484182
694	20.072867929406904
695	20.100632186038624
696	20.03331135557802
697	20.370795960988282
698	20.22348590615921
699	20.245232991967676
700	19.794581622690853
701	20.053626566031546
702	20.16542598318741
703	20.1637850215154
704	19.840042081414335
705	20.13296971718798
706	20.169985181547233
707	20.120803117293548
708	20.127553268334502
709	20.118925551123592
710	20.21809196300192
711	19.93044726524102
712	20.089183998630116
713	20.207451884173977
714	19.804878332807448
715	19.89441139962532
716	19.94260135081677
717	19.92717653735315
718	19.83740917345909
719	19.953545239544724
720	20.260489091360427
721	19.892456180135014
722	19.6600524074889
723	20.09780804731729
724	19.948825219441343
725	19.898791070332162
726	20.04540664079478
727	19.972559867431134
728	19.953239712428857
729	20.022899177302765
730	19.88722786224546
731	19.87791088128313
732	19.991380409260575
733	19.961093881391864
734	19.744351921870717
735	19.691643353633616
736	19.570765218096195
737	19.737650666258194
738	19.816599143623606
739	19.690320715198947
740	19.827150744844044
741	19.635965994439456
742	20.089675476738996
743	19.682170281446908
744	19.677025902605592
745	19.901643414847523
746	19.687612639683792
747	20.280941562139475
748	19.832969880877698
749	19.81239550244948
750	19.8721786781118
751	19.487537772110215
752	19.723632157011114
753	19.924665462551133
754	19.543866666898563
755	19.902568314062208
756	19.50065402197502
757	19.87313146569283
758	19.54024027886883
759	19.819984374623203
760	19.85692521511483
761	19.535393477300385
762	19.748179984335682
763	19.557813903942872
764	19.7722094559181
765	19.62115296568812
766	19.71945647921542
767	19.432083777350737
768	19.554988902750562
769	19.63167898108282
770	19.611362969794936
771	19.39689456124347
772	19.717895493546564
773	19.435957776858324
774	19.56420631636907
775	19.31610601173981
776	19.900929827319768
777	19.700628814490877
778	19.467431287696616
779	19.65444940454488
780	19.430421960935732
781	19.70923128252876
782	19.70376480557343
783	19.745729372131866
784	19.54250154491051
785	19.689992033867817
786	19.792068566491093
787	19.731200378620933
788	19.413792521656134
789	19.491477683487467
790	19.405749701833226
791	19.442662943801842
792	19.406564780220958
793	19.777012020323202
794	19.49797210818621
795	19.668097485592554
796	19.770308565232284
797	19.616003046810352
798	19.488680737987746
799	19.339873503539547
800	19.373409708189385
801	19.366173725333283
802	19.362724810355843
803	19.55315845479678
804	19.666690414241206
805	19.59944597350929
806	19.475576588219
807	19.712320956854093
808	19.328244603969967
809	19.26958816456049
810	19.488092616099934
811	19.45990121396303
812	19.4596843416135
813	19.44130054787733
814	19.468291641081876
815	19.471818983798823
816	19.322472779321977
817	19.342072823023017
818	19.32036440798657
819	19.261012449027454
820	19.253618789315162
821	19.027972024511808
822	19.24504220031713
823	19.359807778201237
824	19.53836113405328
825	19.27669782067839
826	19.41016861866379
827	19.042069048454888
828	19.3192736420019
829	19.27277980725937
830	19.679759039297657
831	19.48153327769819
832	19.31062074807924
833	19.119491070098423
834	19.397161041439734
835	18.944492038251948
836	19.22650141823622
837	19.242541708856997
838	19.126446827089097
839	19.22736554782349
840	19.777316982684447
841	19.57385313694926
842	19.36508805885498
843	19.442552446826912
844	19.092195704932323
845	19.288472524148215
846	19.28140475624618
847	19.361460171644868
848	19.26818419722207
849	19.134900393510414
850	18.64724171347554
851	19.294389773682106
852	19.309839363988033
853	19.048309359323962
854	19.241699453238358
855	19.18491472550226
856	19.33616285667759
857	19.096167808390977
858	18.91774803455749
859	19.077459580030464
860	19.303963765793608
861	18.889400610073896
862	19.25511964787066
863	19.09251778797296
864	19.130612324161827
865	19.411951254527995
866	19.101928610856103
867	19.272791292638047
868	19.385972760787922
869	19.151831260599778
870	19.242277432812166
871	18.926058358609307
872	19.448560321795586
873	19.26748500050341
874	18.83869479820311
875	19.20422697335477
876	19.19317950838069
877	19.08248368751094
878	19.12478588142417
879	19.166872618208387
880	19.02633171086862
881	19.00030800584399
882	18.940796640515988
883	19.09471545430036
884	19.234191331172113
885	18.965606927605624
886	19.027883229778684
887	19.210607712793674
888	18.957228800517857
889	19.130733789641987
890	18.968555834125073
891	18.710802430567746
892	18.73269990084749
893	18.988699361968035
894	19.05637557533551
895	18.690376084764097
896	18.983418154304122
897	19.229933306342073
898	19.085650231630044
899	18.924657250216832
900	18.657274553936098
901	18.731162728705343
902	18.954887766634045
903	18.55576786932224
904	18.778178475816553
905	18.783556104283043
906	19.144040489891694
907	18.834106158379058
908	18.73263055504981
909	18.967266125393255
910	18.93360612474694
911	18.91492913499505
912	19.001963217883006
913	18.761105369739763
914	19.265724034745297
915	18.966429026484832
916	19.20416181273445
917	18.99482186298534
918	19.114952207401977
919	18.673417519193038
920	19.018342127936037
921	19.02869367963393
922	18.797101570263422
923	18.917764694443882
924	18.860668578696632
925	18.827966043487702
926	18.904042648775505
927	19.109231661248028
928	18.77258139682989
929	18.643299328366947
930	18.688147854705793
931	18.736967769483964
932	18.83323365063187
933	18.692116806814937
934	18.809378783326174
935	18.787727230877717
936	18.660836170801762
937	18.768402827380704
938	18.590408229443085
939	18.930825571607244
940	18.741737430277468
941	18.866242005796607
942	18.65543844410145
943	18.810171341505193
944	18.71849985112138
945	18.80210025649452
946	18.720371667129005
947	18.973309182087537
948	18.62649169811328
949	18.977860193847626
950	18.872268822972867
951	18.539984311297655
952	18.664387198565155
953	18.76594909349728
954	18.823664620211037
955	18.586126364345386
956	18.679935424273516
957	18.598191824208026
958	18.64647549345552
959	18.593788779792824
960	18.80862935737873
961	18.694510209465637
962	18.699326424091755
963	18.937858462274605
964	18.737802499010055
965	18.712383742159375
966	18.56079720396157
967	18.75978426630264
968	18.664383426214236
969	18.691995294109546
970	18.71561464441693
971	18.636903497586076
972	18.771026347948336
973	18.628058655053632
974	18.750680129511412
975	18.7089929980278
976	18.700061582832532
977	18.556394468110504
978	18.59266440593225
979	18.588732434597027
980	18.577535248303242
981	18.538470264483323
982	18.78932276484761
983	18.603419429536974
984	18.6702651643021
985	18.50438268353673
986	18.541918806903894
987	18.768566675295546
988	18.467955993503605
989	18.347794841453954
990	18.326665750238224
991	18.413259231281643
992	18.47729131089554
993	18.543247575559846
994	18.38487705402327
995	18.424670014842373
996	18.434377349280634
997	18.42056713053992
998	18.562996246602292
999	18.47045588684055
1000	18.427579470714207
1001	18.49049490695971
1002	18.316788037024935
1003	18.811820851947257
1004	18.80184025781237
1005	18.67377235319493
1006	18.916424124591497
1007	18.352832015077595
1008	18.48255255812281
1009	18.4428498915305
1010	18.425608010121998
1011	18.28226098859624
1012	18.809849984125613
1013	18.565350285851693
1014	18.71000655864646
1015	18.783419432653897
1016	18.426029399617796
1017	18.430235799992683
1018	18.39827223860306
1019	18.50816070442013
1020	18.695665823849613
1021	18.33706106066419
1022	18.483882545442793
1023	18.6075457720773
1024	18.52227835839088
1025	18.276465535556476
1026	18.387075256806853
1027	18.5107840476174
1028	18.33081270810499
1029	18.322459688297464
1030	18.250811208887033
1031	18.376477663344854
1032	18.319848717795125
1033	18.49692834687719
1034	18.16831694608924
1035	18.33306264520101
1036	18.36390459661251
1037	18.254872857983855
1038	18.199612257341165
1039	18.43554291973509
1040	18.394598805195237
1041	18.141143124075683
1042	18.233708843743777
1043	18.467619509958215
1044	18.366781333725438
1045	18.010225818651314
1046	18.066317011487556
1047	18.421575021704
1048	18.34266682599337
1049	18.344738772943273
1050	18.31490565136236
1051	18.40624159666995
1052	18.2140814750832
1053	18.153921869443458
1054	18.30154001948895
1055	18.404083203301926
1056	18.307873933718703
1057	18.03906646952818
1058	18.057128811016
1059	18.40615904757885
1060	18.07727031671149
1061	18.15201686265548
1062	18.3756911621607
1063	18.264379313014476
1064	18.347431752506935
1065	18.14078704949035
1066	18.174134479441893
1067	18.40154327661468
1068	18.25526418562117
1069	18.09050639543773
1070	18.17095418749651
1071	18.417067340167954
1072	18.136001409448717
1073	18.323532978687666
1074	18.298724289496395
1075	18.079807123591852
1076	17.906211402348156
1077	18.345406342792664
1078	18.36264816879018
1079	18.1581222462191
1080	18.297207618941847
1081	18.233634324321457
1082	18.269414536867178
1083	18.29315374047006
1084	18.260903850888766
1085	18.22970905557787
1086	18.557693036608352
1087	17.981440092631527
1088	18.33359380047124
1089	17.884394074985988
1090	18.345630961742803
1091	17.82509975199142
1092	18.338990368949133
1093	18.143363133092144
1094	18.120260389221645
1095	18.140164924967262
1096	18.19057984930036
1097	18.213315076791915
1098	17.937449501629896
1099	18.0932401523376
1100	18.061174568035973
1101	18.031469613917594
1102	17.793030378877262
1103	17.855096771834972
1104	17.902065958079984
1105	18.323805841900825
1106	18.05646979887385
1107	18.29107752814678
1108	17.93236690552305
1109	18.331433835249342
1110	18.19784624584012
1111	18.233737023963986
1112	18.483807042947358
1113	18.233666445021736
1114	18.083799771413023
1115	18.37339413022682
1116	18.25270339426628
1117	17.983771602538404
1118	18.065631412047182
1119	17.876515134522535
1120	18.18736693517288
1121	17.884015961336054
1122	17.864382680520603
1123	17.99339304111451
1124	18.293643704568602
1125	18.22616995179552
1126	18.02676686895315
1127	17.987592164825188
1128	17.981485591268218
1129	18.160002105206665
1130	18.016024877275548
1131	18.161967613178597
1132	17.80836938388108
1133	17.876841777501898
1134	18.040676935899224
1135	18.116123923917897
1136	17.969380291059288
1137	18.149942301250448
1138	17.978172538658125
1139	18.126489591707053
1140	18.222738157132298
1141	18.08597657268182
1142	18.160333214458525
1143	17.937984755022594
1144	18.08358272217167
1145	17.86194320458241
1146	17.99687023282064
1147	17.791458629986323
1148	18.146226872040828
1149	17.934143784640366
1150	17.781908352895773
1151	17.894409018219335
1152	18.11972041132514
1153	17.94966449085673
1154	17.966129993600767
1155	17.743802276858695
1156	17.828155568192155
1157	18.048707101272697
1158	17.992758972540123
1159	18.124094262621824
1160	18.005214105969927
1161	18.177084411580214
1162	17.941021324452446
1163	17.857020334064536
1164	18.002881181828638
1165	18.105377480677227
1166	18.03102019726477
1167	17.529017564438774
1168	17.96259180216805
1169	17.824454788321805
1170	17.993839705346918
1171	18.115923946633483
1172	18.03299725607093
1173	18.019234341342
1174	18.019665805945138
1175	18.055325875176866
1176	17.90606889519219
1177	17.82220742904798
1178	17.598356615843766
1179	17.81114317782939
1180	17.793504802466916
1181	17.79836688619018
1182	17.91444265856608
1183	17.837006397360746
1184	17.794511181616702
1185	17.943269823898774
1186	18.224109401687343
1187	17.51393500600415
1188	17.941964583748824
1189	18.152656963054426
1190	17.935529071610407
1191	17.634980939854877
1192	18.070431835470956
1193	17.79966375545141
1194	17.881802786801366
1195	17.93823894265635
1196	17.794527297426566
1197	17.93764797552242
1198	17.901625700843727
1199	17.983430497969138
1200	17.69258262391365
1201	17.686460145859506
1202	17.892178928578623
1203	17.96349180660648
1204	17.642863136613332
1205	17.705600465867317
1206	17.98174859206852
1207	17.62370088677506
1208	17.622004678120994
1209	17.78514328787543
1210	18.029457032524768
1211	17.734848218592468
1212	17.730317845445633
1213	17.91265395283689
1214	17.921814221591546
1215	17.967552745814714
1216	17.796230203118352
1217	17.77015246301025
1218	17.954210291498434
1219	17.817891101167987
1220	17.69701228622021
1221	17.948641376741282
1222	17.608334032659567
1223	17.91772434555149
1224	17.4558564098925
1225	17.92790854409306
1226	17.714493474441944
1227	18.110930896537354
1228	17.80110433613345
1229	17.657010158963516
1230	17.641921241463216
1231	17.96188325855979
1232	17.82355286761162
1233	17.639857531159173
1234	17.629733718294467
1235	17.92024951712023
1236	17.884039171875227
1237	17.6484150562206
1238	18.00000065920752
1239	17.66981791263405
1240	17.831400828685126
1241	17.68636159647247
1242	17.40443702794431
1243	17.869901659898048
1244	17.731627897882667
1245	17.739707174669288
1246	17.75248555198472
1247	17.589522674956793
1248	17.747439229901833
1249	17.933967379201967
1250	17.46492175839155
1251	17.59844015184177
1252	17.799330315587046
1253	17.55653111534816
1254	17.54059027306811
1255	17.72516711107324
1256	17.80610191616295
1257	17.51601939453194
1258	17.53093084433985
1259	17.595587514033465
1260	17.887741739030634
1261	17.526516423337316
1262	17.78368950975527
1263	17.54646857697342
1264	17.748545623826228
1265	17.510322750870703
1266	17.945694344428652
1267	17.713097597423083
1268	17.561993851851224
1269	17.577798674165333
1270	17.64497541331542
1271	17.626118892524385
1272	17.760964947754868
1273	17.68548650886805
1274	17.848026051811512
1275	17.52564609611215
1276	17.612269676361407
1277	17.701127205628357
1278	17.560998720226102
1279	17.65682429831268
1280	17.597242888814122
1281	17.5709371028044
1282	17.425578069556767
1283	17.670395010340815
1284	17.854825258852465
1285	17.64764483449581
1286	17.651602291266546
1287	17.973161571473444
1288	17.55680152982633
1289	17.635749861304685
1290	17.35100799130393
1291	17.523458452514205
1292	17.779321426500417
1293	17.768832227965717
1294	17.84575178216904
1295	17.61694344874244
1296	17.697884167909642
1297	17.348314053578296
1298	17.648728959102105
1299	17.47364713584337
1300	17.48803196537998
1301	17.42124602967193
1302	17.333910154939403
1303	17.350412754003106
1304	17.55947060670998
1305	17.222552271482048
1306	17.4900095515826
1307	17.44157731065305
1308	17.469880699778827
1309	17.53184897245766
1310	17.541340782092814
1311	17.374148537245595
1312	17.367327213736356
1313	17.294540562477916
1314	17.698852805923906
1315	17.452793027500935
1316	17.30928175068381
1317	17.480078839639923
1318	17.622327644861418
1319	17.49165670805528
1320	17.314604812774128
1321	17.61703371792887
1322	17.51841358684531
1323	17.495319510474946
1324	17.41212929790385
1325	17.55575599136437
1326	17.491279087589103
1327	17.684969511642553
1328	17.739338256557936
1329	17.414565458914883
1330	17.700933806828967
1331	17.451349804876877
1332	17.728439893697402
1333	17.783377509394185
1334	17.712402496438596
1335	17.460634897766987
1336	17.74681150070826
1337	17.648775080396327
1338	17.76138004044044
1339	17.4519361527285
1340	17.591621668679796
1341	17.63252533442655
1342	17.391654218360532
1343	17.552639260507327
1344	17.57296583979645
1345	17.344094424225602
1346	17.37889839569304
1347	17.385624035379454
1348	17.266315730430932
1349	17.30982743731237
1350	17.4287763207106
1351	17.241709809343423
1352	17.063093807485824
1353	17.46267400128404
1354	17.479763838808076
1355	17.14857852582375
1356	17.509255310552817
1357	17.420454822527383
1358	17.45119381442484
1359	17.293674936736554
1360	17.480769617085954
1361	17.525179114688267
1362	17.605422687746657
1363	17.64578419899753
1364	17.67942736053257
1365	17.43155272483593
1366	17.16587663767525
1367	17.357882322170276
1368	17.292233304380126
1369	17.57552499940041
1370	17.555744930576967
1371	17.399809157086523
1372	17.252959562445003
1373	17.32880820936453
1374	17.43838598181674
1375	17.440837167610955
1376	17.119234591929033
1377	17.415631480093495
1378	17.57294706904386
1379	17.53570541182993
1380	17.30390921045316
1381	17.373188917558373
1382	17.44686596800091
1383	17.194744910845596
1384	17.09358160128512
1385	17.132712007578586
1386	17.445297429209557
1387	17.233666570541303
1388	17.48813249199978
1389	17.402573670853993
1390	17.232536974149813
1391	17.188374308937107
1392	17.302693903327423
1393	17.139450639360938
1394	17.47172189178604
1395	17.48401561486437
1396	17.132353922414012
1397	17.19095848726206
1398	17.088627000627607
1399	17.30183500578816
1400	17.243960695155234
1401	17.04590193748158
1402	17.349586803035947
1403	17.29549632978123
1404	17.578421631562946
1405	17.450148368216603
1406	17.23264397909195
1407	17.197931442503744
1408	17.362389447453587
1409	17.400622295345666
1410	17.29366888313616
1411	17.322369473945745
1412	17.130244175884503
1413	17.206778089490015
1414	17.32582678669485
1415	17.277575483622563
1416	17.247437420727785
1417	17.275256695846902
1418	17.36325171733015
1419	17.231078211244203
1420	17.280911667850038
1421	17.3518874243994
1422	17.427511828453834
1423	17.22419756836146
1424	17.016787153223625
1425	17.230067539936616
1426	17.331405208525076
1427	17.14049324639405
1428	17.184140764255673
1429	17.345133325648813
1430	17.159067547805854
1431	17.29613301237528
1432	17.10630685421401
1433	17.196729149875203
1434	17.32147174393661
1435	17.405655633568088
1436	17.518355842711262
1437	17.33172626154379
1438	17.317411143319003
1439	17.104496071923002
1440	16.922338644247755
1441	17.369733540955714
1442	17.164018808084563
1443	17.09838437504463
1444	17.12228619939514
1445	17.24685125138349
1446	17.307547150156342
1447	17.059758187208985
1448	17.24208440544067
1449	17.15635713136339
1450	16.980853744961234
1451	17.316595813754276
1452	17.28974211121866
1453	17.21367426110202
1454	17.10792648644866
1455	16.971820926104154
1456	17.154859832863274
1457	17.151470478912326
1458	17.25613057212954
1459	17.142523664108943
1460	17.139075557021084
1461	17.241338125776263
1462	17.33387761523385
1463	17.3142500296635
1464	17.27494630558311
1465	17.07053823914352
1466	17.249074892307803
1467	17.248614041363243
1468	16.97609418019008
1469	17.2373447342823
1470	17.139665496190627
1471	16.93086137024359
1472	16.943294716641212
1473	17.0985075163413
1474	17.231152414015046
1475	17.234924315985015
1476	17.05578492242556
1477	17.469930201718313
1478	16.98224935533229
1479	17.204113492747492
1480	17.33427979305308
1481	17.059939247033697
1482	17.25580870546412
1483	17.139036471358924
1484	17.06083910297746
1485	17.287597737681512
1486	17.076576738624784
1487	16.993944136020463
1488	17.035918839362562
1489	16.92809288807381
1490	17.10898270312707
1491	16.958970674890526
1492	17.221459975212177
1493	17.09929533882002
1494	16.992765084151355
1495	17.04975834490283
1496	17.110724452463703
1497	16.985665590610378
1498	17.1562969648651
1499	17.093257980000928
1500	16.971971175437837
1501	16.969389877040896
1502	17.12448971823746
1503	16.998482621541953
1504	17.227732088914063
1505	17.002693056440116
1506	17.00729066227638
1507	16.900769641465686
1508	17.104971928874896
1509	17.365402431614676
1510	17.023872888554706
1511	17.19578478903335
1512	16.750288439941148
1513	17.12579232530946
1514	17.141398778203182
1515	17.013427398753226
1516	17.148822183635648
1517	16.78014294378771
1518	17.072890615700363
1519	17.166699252707346
1520	17.144761294577943
1521	16.968015249655434
1522	17.122267373303156
1523	17.120341127493692
1524	17.08195146543997
1525	17.086864188051624
1526	16.81003092315759
1527	16.879928886067244
1528	17.150101461777783
1529	17.25074650923469
1530	17.05074526399172
1531	17.081318130158262
1532	17.051412868823004
1533	17.012718925715138
1534	17.1398122154925
1535	17.150093157233506
1536	17.314816930007286
1537	17.21388012969736
1538	17.02103332568762
1539	16.99927244584077
1540	17.057454019613218
1541	17.36631322883415
1542	16.91330814517635
1543	17.015485214586324
1544	17.043576353218644
1545	17.069426329371158
1546	17.252781816195117
1547	17.08522818149279
1548	17.16641732395614
1549	17.345169844876196
1550	17.07357694693503
1551	17.07364862736013
1552	17.091328034147573
1553	16.85174189325684
1554	17.19921695749499
1555	17.16644568556993
1556	16.99593423268955
1557	17.134190668276283
1558	17.215807004107447
1559	17.176018899246056
1560	16.948522217128648
1561	17.10172632593015
1562	16.931123898403015
1563	17.152699429160634
1564	16.78476991716749
1565	16.98291635358289
1566	16.87681877165675
1567	17.086685958783963
1568	17.06884924942743
1569	16.902592663353197
1570	16.87680538886681
1571	16.88374313888475
1572	17.07338942903877
1573	17.126582671892578
1574	17.13323579567137
1575	16.946326141937558
1576	16.81586521332312
1577	16.85993385730404
1578	16.940839510889386
1579	17.075272464009206
1580	17.073798278652355
1581	16.98308599822026
1582	16.95668806605784
1583	16.664006924860942
1584	16.95337836442449
1585	16.682403195351277
1586	17.194931715854032
1587	17.009532998373096
1588	17.117126482840046
1589	17.169103517881428
1590	17.0445391239507
1591	16.972952452801945
1592	16.923640272202785
1593	16.882892889583207
1594	16.900367032240535
1595	16.90056751325574
1596	16.90295722305505
1597	16.92475871028221
1598	16.862980937955903
1599	16.85943874251823
1600	16.833037529455694
1601	17.01270922970441
1602	17.027171973844474
1603	17.080696830009426
1604	17.220033382342283
1605	16.948289077954453
1606	16.813903505426
1607	17.129467490937937
1608	16.908541145164467
1609	16.975666649203667
1610	17.27359838605474
1611	16.743635234228027
1612	16.981011638057637
1613	16.800375332542785
1614	16.908917250646528
1615	17.100622166182678
1616	17.046561035137184
1617	16.88758750820004
1618	16.888690643580986
1619	16.87446982946821
1620	16.876224645044907
1621	16.913851997966745
1622	16.852536640155652
1623	16.957280441611594
1624	16.969453279553036
1625	17.27101319796224
1626	16.6823329576733
1627	16.70172770327281
1628	16.73074156391926
1629	16.845547527904717
1630	16.64495856579235
1631	16.919201339244403
1632	16.68107552650978
1633	16.956427064999055
1634	16.713344763164265
1635	16.83567730719202
1636	16.798149909516376
1637	16.9088760298286
1638	17.04298983805995
1639	17.059776092211283
1640	16.647976824371103
1641	16.908795452669285
1642	16.76802900581229
1643	16.7797005674796
1644	16.740777244436536
1645	16.714112085473506
1646	16.780379392609234
1647	16.92265479526436
1648	16.6050669669876
1649	17.041285106363667
1650	16.764847666506824
1651	16.917006784202204
1652	16.873709630743054
1653	16.877042475013337
1654	16.734110386591887
1655	16.66492810845912
1656	16.94336013850452
1657	16.811139303511442
1658	16.80850042129216
1659	16.904272203546817
1660	16.897982737652192
1661	16.9299884506881
1662	16.772571223392248
1663	16.61575271645812
1664	16.784095485123387
1665	16.888529790739938
1666	16.6978900306415
1667	16.73843625730922
1668	16.78283605622077
1669	16.84065778974418
1670	16.969501326070066
1671	16.559066555831468
1672	16.614476187578923
1673	16.77791127628349
1674	16.772975435455457
1675	16.98050724134278
1676	16.769686703262636
1677	16.668503207163425
1678	16.844452946650566
1679	16.889695971268686
1680	16.875354191309466
1681	16.801876076014132
1682	16.947563807016436
1683	16.85615429019227
1684	16.800435068518993
1685	16.84185688413042
1686	16.77454651180879
1687	16.672903158425147
1688	16.445049229932
1689	16.516341238777557
1690	16.902929960842556
1691	16.31919683321241
1692	16.441847285347865
1693	16.80776181306748
1694	16.778954513968454
1695	16.996376662739383
1696	17.088485681847455
1697	16.824001065819132
1698	16.901408271851487
1699	16.783957126189524
1700	16.812662051579625
1701	16.80427616317753
1702	16.673083316133894
1703	16.67172351416984
1704	16.600952249947163
1705	16.710069256087333
1706	16.880250254605468
1707	16.65650536399954
1708	16.909671376039928
1709	16.834035230173736
1710	16.815085438627417
1711	16.726296051984065
1712	16.90958847112154
1713	16.648792381451944
1714	16.804038155307122
1715	16.712556258760873
1716	16.64590875883158
1717	16.6710526684858
1718	16.634461205495498
1719	16.605147666753744
1720	16.65047972830076
1721	16.591643751387572
1722	16.58561047340636
1723	16.68265130816941
1724	16.696686444403493
1725	16.68256735782085
1726	16.803140766936085
1727	16.751597577866857
1728	16.99786418670881
1729	16.64020487476086
1730	16.578887918005684
1731	16.599306316129905
1732	16.518620795357712
1733	16.681736754946858
1734	16.828070395099374
1735	16.697640081994944
1736	16.650355697406127
1737	16.809485068902863
1738	16.759261141079364
1739	16.5533746476835
1740	16.461469310301986
1741	16.807731301659903
1742	16.727009871187466
1743	16.66898891436165
1744	16.843882888373056
1745	16.696481648125722
1746	16.657282642827855
1747	16.64845218782424
1748	16.62625471910474
1749	16.684763471297813
1750	16.517639063246264
1751	16.7916355977388
1752	16.784619695359307
1753	16.47754552005805
1754	16.878579707279002
1755	16.722561547676627
1756	16.752312587008987
1757	16.622364843384833
1758	16.41256328449753
1759	16.74062727792796
1760	16.929545293783786
1761	16.856771690567214
1762	16.49972512969895
1763	16.577706844286094
1764	16.565461819180804
1765	16.71849561690225
1766	16.5922692752276
1767	16.74999701971089
1768	16.719030654092965
1769	16.52775799135076
1770	16.649457721827034
1771	16.59420364800998
1772	16.770186067233976
1773	16.634238823686697
1774	16.664604450838375
1775	16.78878700063252
1776	16.749817558695383
1777	16.467011346482295
1778	16.722738431798472
1779	16.706561898291124
1780	16.746773299970357
1781	16.644605331716107
1782	16.566405098724438
1783	16.360875716472897
1784	16.47186195266505
1785	16.628091450302314
1786	16.707804529965188
1787	16.86963011104155
1788	16.78077903669229
1789	16.5006321262398
1790	16.636780574155182
1791	16.65255429431105
1792	16.592057330837225
1793	16.99566179240303
1794	16.69040177788885
1795	16.719272565894848
1796	16.58396702037398
1797	16.684548571533025
1798	16.701453168184383
1799	16.65702460965651
1800	16.323125662665507
1801	16.742043444468518
1802	16.56657857027226
1803	16.510954721575846
1804	16.410447264474342
1805	16.672765765670764
1806	16.712380634892003
1807	16.444021162500373
1808	16.525343816806227
1809	16.56609286838053
1810	16.578450682571912
1811	16.493138695758635
1812	16.517930709392193
1813	16.682057865309357
1814	16.706975123871658
1815	16.822188008609505
1816	16.537698308737273
1817	16.69626434805749
1818	16.779699032599297
1819	16.39408499720637
1820	16.738985276817854
1821	16.399891960268565
1822	16.569381996380724
1823	16.510916797408584
1824	16.641537507860377
1825	16.404524281295323
1826	16.776261190435086
1827	16.398600555508928
1828	16.628536337427246
1829	17.009090889894487
1830	16.583833831190386
1831	17.052822608313477
1832	16.663973128790584
1833	16.493237443488965
1834	16.640024694324737
1835	16.520263382721808
1836	16.52688943691753
1837	16.359703252467106
1838	16.658120632491187
1839	16.512643807447038
1840	16.507481584960093
1841	16.341426139934686
1842	16.204536020399253
1843	16.38447341642679
1844	16.4512628389291
1845	16.88586655982251
1846	16.315949524292307
1847	16.75735541133583
1848	16.46397005824327
1849	16.58090373838457
1850	16.42415750028592
1851	16.467452612272798
1852	16.45643341525425
1853	16.447753013532193
1854	16.24078111983104
1855	16.43671974831275
1856	16.586803564834113
1857	16.58031794817935
1858	16.598726794743584
1859	16.521829570212404
1860	16.467628071791545
1861	16.662107301909572
1862	16.424094006878015
1863	16.581921574445293
1864	16.566914244701913
1865	16.808027732061984
1866	16.509644219893584
1867	16.531401854014334
1868	16.199730909658353
1869	16.40992477761242
1870	16.477558339452848
1871	16.395535632827215
1872	16.590621839072853
1873	16.291564099431803
1874	16.519681099373024
1875	16.296895991855305
1876	16.580321799623828
1877	16.40142619092835
1878	16.74238522935928
1879	16.557641098415615
1880	16.331057973638107
1881	16.350908138016017
1882	16.847626693232215
1883	16.471024859479336
1884	16.271318023331464
1885	16.407713494848643
1886	16.40653218264188
1887	16.268048998407856
1888	16.47325108067456
1889	16.653666630808516
1890	16.259014678276653
1891	16.82507016079318
1892	16.767745826054853
1893	16.760248367537887
1894	16.654930427127237
1895	16.433078544773544
1896	16.510990092232497
1897	16.40109134476375
1898	16.59801800407177
1899	16.40643740657049
1900	16.73365657203521
1901	16.459822592409424
1902	16.506556474604228
1903	16.477185063261118
1904	16.27318021950129
1905	16.47499652875136
1906	16.480499908015837
1907	16.33565931422123
1908	16.365719502508988
1909	16.44509013396829
1910	16.306097094356886
1911	16.7187567206227
1912	16.598038314560238
1913	16.390089130518525
1914	16.6831997317739
1915	16.56188889898953
1916	16.394694308297407
1917	16.494908703782826
1918	16.58034142800863
1919	16.29728844909895
1920	16.487490490832926
1921	16.47484708005297
1922	16.36055280155373
1923	16.361810527871082
1924	16.776046271853346
1925	16.58899386811893
1926	16.52604796563137
1927	16.34805681326427
1928	16.209833083706215
1929	16.379460356091666
1930	16.643606388125455
1931	16.638162444149117
1932	16.528466180128113
1933	16.537770768054948
1934	16.445437591647078
1935	16.282081676090794
1936	16.591303576389354
1937	16.50402591774292
1938	16.362680767282416
1939	16.50686375970077
1940	16.302412699570407
1941	16.584641798178172
1942	16.444954552925807
1943	16.546794701141497
1944	16.520874496525362
1945	16.20241974580189
1946	16.2184214661075
1947	16.35820833839073
1948	16.4529753765364
1949	16.609543563997853
1950	16.4956759823822
1951	16.534980439530784
1952	16.31916145677438
1953	16.441560854348285
1954	16.630665179992103
1955	16.497917680211764
1956	16.541860691387075
1957	16.344878555820628
1958	16.35227482127763
1959	16.339295581196996
1960	16.404187503481545
1961	16.497225280069575
1962	16.39446286661285
1963	16.420832358152524
1964	16.408524478943757
1965	16.293723194846095
1966	16.40650645723692
1967	16.520622274089906
1968	16.625601186030526
1969	16.59816064156897
1970	16.37176350633239
1971	16.526692478758502
1972	16.452877551019416
1973	16.4245898636129
1974	16.311788172542613
1975	16.406331785274656
1976	16.003227007864428
1977	16.318504302527902
1978	16.374171953694724
1979	16.28789926674938
1980	16.35715092468839
1981	16.38886323630679
1982	16.394623268957435
1983	16.30969981648815
1984	16.474963104425143
1985	16.61166738510035
1986	16.34370632676097
1987	16.5770742459076
1988	16.592690259411086
1989	16.420702507471802
1990	16.336737731581685
1991	16.499999964552085
1992	16.66019444405126
1993	16.37561937683721
1994	16.172967774751676
1995	16.2265828143055
1996	16.390017071481495
1997	16.050071863559563
1998	16.38532460185537
1999	16.301524936786446
2000	16.62793951280752
2001	15.981571943695181
2002	16.429899681070378
2003	16.51660378488663
2004	16.197753743055255
2005	16.18219292261994
2006	16.222942649120924
2007	16.234960656893602
2008	16.484523347902478
2009	16.389344507813774
2010	16.310819375484677
2011	16.383405149328116
2012	16.37265178700982
2013	16.28195312982804
2014	16.210018487167122
2015	16.368493524546253
2016	16.38473608397224
2017	16.185405138146578
2018	16.38753293738853
2019	16.20926527020867
2020	16.30419511667952
2021	16.31446627454565
2022	16.414607616863897
2023	16.245563064647015
2024	16.45024733637063
2025	16.090285816275987
2026	16.11949740713721
2027	16.460788819444545
2028	16.312797307822304
2029	16.263979879159322
2030	16.738199576774896
2031	15.85954909954116
2032	16.23489772585502
2033	16.1567543382232
2034	16.433914563314076
2035	16.58458349093448
2036	16.271607504488347
2037	16.514154467087163
2038	16.48062838804994
2039	16.27871834232657
2040	16.19266074709227
2041	16.288503695384335
2042	16.50819458642904
2043	16.357256049996074
2044	16.08881089076904
2045	16.293163550946154
2046	16.23212258942031
2047	16.39811282300026
2048	16.185841313786476
2049	16.38595061333045
2050	15.965130671291867
2051	16.50927237873108
2052	16.181648466128006
2053	16.448059753504694
2054	16.507967035715396
2055	16.1703648353237
2056	16.223530359783073
2057	15.974457883415052
2058	16.21473695100818
2059	16.251996990711607
2060	16.41499991227934
2061	16.358385461310714
2062	16.136732547469187
2063	16.42939959857864
2064	16.412247094312608
2065	16.442418288662452
2066	16.223361960787383
2067	16.403530141047312
2068	16.378220630872274
2069	16.292913991214057
2070	16.397602804028665
2071	16.22832842942116
2072	16.590101893361904
2073	16.395358123399287
2074	16.246254532782498
2075	16.3440268986439
2076	16.51861903260197
2077	16.36845970097447
2078	16.210381150734445
2079	16.20031513097706
2080	16.083588454605046
2081	16.089157646810353
2082	16.279139775246495
2083	16.095766667278784
2084	16.354822589258458
2085	16.30175592746774
2086	16.195760891371688
2087	16.220619224064777
2088	16.180700825013666
2089	16.268166106746612
2090	16.143324359907492
2091	16.374324069652296
2092	16.1361330603473
2093	16.211306072592947
2094	16.301508162577466
2095	16.44063893186318
2096	16.165185657388
2097	16.2991712552069
2098	16.037327222494806
2099	16.40866107403166
2100	16.162164799095684
2101	16.07712542485121
2102	16.219946527464852
2103	15.909869638905437
2104	16.28408359838515
2105	16.367319244071936
2106	16.187866771225956
2107	16.150212730765197
2108	15.84097406129535
2109	16.056622194922742
2110	16.21430622987831
2111	16.36276227450595
2112	16.14872709059882
2113	16.293099179179944
2114	16.302493025011277
2115	16.3229428952659
2116	16.153921583221358
2117	16.40241615204943
2118	16.197827187478197
2119	16.11799580179219
2120	16.253126999788837
2121	16.547165652587047
2122	16.374793056494656
2123	16.387371664356802
2124	16.278849463488044
2125	16.27883927995389
2126	16.17276501327561
2127	16.204903525767705
2128	16.43020109595976
2129	16.13826000372949
2130	16.474643656511756
2131	16.142760239478136
2132	16.33769817250861
2133	16.229690578496335
2134	16.127609247823585
2135	15.975752392357858
2136	16.094740581792475
2137	16.364465483346965
2138	16.3701766191674
2139	16.163062111352776
2140	16.206909109258515
2141	16.437952521578335
2142	16.276246777931807
2143	16.43146480575419
2144	16.093586466956452
2145	16.132897321670864
2146	16.267470158586498
2147	16.008724543264524
2148	16.03280881430028
2149	16.048272037454307
2150	16.205505874388834
2151	16.18716548001199
2152	16.03828522813586
2153	16.132652864238636
2154	16.166135335704478
2155	16.122006556393845
2156	16.114491000177996
2157	16.30699119752496
2158	16.157448480949196
2159	16.376543564303482
2160	16.13830682361816
2161	16.20515120421673
2162	16.23984785882227
2163	16.22171517273722
2164	16.117105179153732
2165	16.147018742942073
2166	16.375081668588
2167	16.070658527901266
2168	16.255510017967975
2169	16.103991190859436
2170	16.26560522364761
2171	15.945423223355155
2172	16.103251584227348
2173	16.304654063060315
2174	16.127637106414703
2175	16.446432478531523
2176	16.217094464649293
2177	16.16509024384733
2178	16.117549569249945
2179	16.321915083447387
2180	16.2757184315168
2181	16.222823033436146
2182	15.836444552547391
2183	16.155456321331478
2184	16.122768316305088
2185	16.25041048735281
2186	16.160459629201476
2187	16.000059928405943
2188	16.227304744213995
2189	16.325900765544137
2190	15.899747594141093
2191	16.202478943876464
2192	16.022036131227225
2193	16.117056490633264
2194	16.255671853678965
2195	16.39767051304824
2196	16.081582585466915
2197	16.30532804752896
2198	16.043121757354825
2199	16.196719319513413
2200	16.207348357115002
2201	16.2340937468152
2202	16.17688547916653
2203	16.062275496892866
2204	16.069541899048833
2205	16.18713972356059
2206	16.286697257653426
2207	16.171317309102665
2208	16.097634337631135
2209	16.0455462226744
2210	16.18902833841322
2211	16.14850945823154
2212	16.072122711382285
2213	16.275675017206726
2214	16.067168716173054
2215	16.041849424401278
2216	16.247431921671293
2217	16.03250433139152
2218	15.93006745761243
2219	16.166528671002467
2220	16.271759184958988
2221	15.93722587776741
2222	15.962806171850557
2223	16.081201224598406
2224	16.179647251361363
2225	16.165081889092715
2226	16.16941600491781
2227	16.051296143815158
2228	16.072989276923376
2229	16.15527568432705
2230	16.2428913468213
2231	16.134885639953673
2232	16.004395662860606
2233	16.2301151706262
2234	16.338423437237008
2235	16.262464618284525
2236	16.135534670652824
2237	16.08803727719296
2238	16.08842263516847
2239	16.068949881282347
2240	16.070204238340317
2241	16.15313502506638
2242	16.023734824870186
2243	16.228005336526056
2244	16.17750616480524
2245	16.045237976261216
2246	16.086887332820055
2247	16.011466860918294
2248	16.094422250170858
2249	16.230090454534086
2250	16.15928192855911
2251	16.051105042603577
2252	16.056954519470445
2253	16.1244428040831
2254	15.937377273076901
2255	16.037652210567458
2256	16.08262513571795
2257	16.166406741150638
2258	16.20944459819305
2259	16.387276336405815
2260	15.85957409524683
2261	15.983738134970162
2262	16.171719830752746
2263	16.19719915369257
2264	16.24352801915362
2265	15.990705229330677
2266	16.09131203339567
2267	16.008352317817536
2268	16.07111454460804
2269	15.987292551872816
2270	15.91761448355934
2271	15.96657349982155
2272	16.059755988459383
2273	16.033363749268215
2274	16.15653731640779
2275	16.045008924792835
2276	15.91993829442998
2277	16.272556276757783
2278	16.080206495273927
2279	15.788118288798051
2280	15.972676391827266
2281	15.96393803652607
2282	15.892315263497572
2283	16.08613566457985
2284	16.074793147551713
2285	16.118852429105168
2286	16.311902732948706
2287	15.980771836505353
2288	16.18713561087266
2289	16.175962974136965
2290	16.135303487894394
2291	16.052219574971513
2292	15.981551232731906
2293	16.143702785683573
2294	16.038772704498093
2295	16.008862008463158
2296	15.894138211028164
2297	16.02288697325922
2298	16.04797956878436
2299	15.93988572257137
2300	16.084483526325695
2301	16.27983077962227
2302	16.03117273697574
2303	15.84929269033737
2304	15.89118568599909
2305	16.148013797935853
2306	16.27916644926682
2307	15.98419926555819
2308	16.391415062940528
2309	16.088847695943702
2310	16.090752806784213
2311	15.958149095961916
2312	15.729527223151623
2313	16.127060894228773
2314	15.893806668010784
2315	15.973282789676512
2316	16.16105567116003
2317	16.084985738796718
2318	16.120679295275032
2319	16.146506065622706
2320	16.06443721524454
2321	16.13003247613335
2322	16.147258203387935
2323	15.983289332753401
2324	16.056053389868566
2325	16.02681090457366
2326	16.081897094174813
2327	15.871145348313386
2328	16.24704808386822
2329	16.246737734693873
2330	16.128692410979482
2331	15.97673928546837
2332	15.94585468622302
2333	16.155176343204253
2334	15.95366110731383
2335	15.931325165367035
2336	15.93657309794102
2337	16.1537586576727
2338	16.18951915994053
2339	16.22272040352259
2340	15.959412161019731
2341	15.979792000603958
2342	15.876044142736575
2343	15.910490280865583
2344	16.075868281256653
2345	15.680135004640729
2346	16.21273867891735
2347	16.05197887908596
2348	16.213519453617188
2349	15.932004050640979
2350	15.97476251753037
2351	16.10421086329529
2352	16.074553196149953
2353	16.239779464330766
2354	16.174851536203533
2355	16.20150668324655
2356	16.15929202651378
2357	15.946642642999043
2358	15.994736419623152
2359	15.99052388492644
2360	15.986458168394327
2361	16.104653796695786
2362	16.03721532346194
2363	15.961275412136047
2364	16.075085385513255
2365	16.027203984982584
2366	15.895055533113165
2367	16.06916995898459
2368	16.096320083879707
2369	15.805304175934655
2370	15.884687184350241
2371	15.96515683236315
2372	16.06395052040413
2373	16.06611281148348
2374	15.995359848451832
2375	16.21077249897813
2376	15.964070717439029
2377	16.182662146511586
2378	16.04638403429995
2379	16.10149750613271
2380	16.01319671671553
2381	15.96374634656593
2382	15.928556430804122
2383	15.852816081793543
2384	16.020499387838647
2385	15.976549816149957
2386	15.980722721444316
2387	15.822693869432067
2388	16.070627147473843
2389	15.984801900409812
2390	15.991446351570902
2391	16.095038641129925
2392	16.204576821452022
2393	15.863587625665115
2394	16.00379629973627
2395	15.916295669337698
2396	16.04887211084941
2397	15.804955906923416
2398	16.15792258468772
2399	15.751868254389962
2400	16.031743658008487
2401	15.87653810205882
2402	16.155029942748932
2403	16.0390264054228
2404	16.047993814828242
2405	15.800449759821264
2406	16.030343680473234
2407	15.915477070323616
2408	16.017373899807662
2409	15.901690730100674
2410	15.982579525707452
2411	15.930765248615817
2412	15.990331825488651
2413	15.998996479705179
2414	15.776262610868885
2415	15.717452033459693
2416	16.02124689544094
2417	15.877141103233065
2418	16.16431519788568
2419	15.980963055606962
2420	15.741868277120638
2421	16.026891085759196
2422	15.978062593747858
2423	15.894898219027665
2424	15.97578356332865
2425	15.897380579638124
2426	15.876449734360719
2427	15.742623837917568
2428	15.95556639002104
2429	15.952789724465696
2430	15.960539107589915
2431	15.950736028636316
2432	15.8524144286915
2433	15.996900255645889
2434	16.10760378381331
2435	15.779876407213495
2436	15.823964536259062
2437	15.687128656537421
2438	15.947480260474926
2439	15.99369432780109
2440	15.725799420715742
2441	15.694201355744168
2442	15.988515113479927
2443	15.789955522551336
2444	15.788663071971426
2445	15.845620944946413
2446	15.825133810210017
2447	15.777997583281998
2448	15.87902007824485
2449	15.790448198620048
2450	15.827681723212484
2451	15.704442332449622
2452	15.725838466013757
2453	15.849103669924663
2454	15.877963577530325
2455	15.981725087403978
2456	15.865804220181486
2457	15.950647632540582
2458	16.205560605201683
2459	16.185737054622628
2460	15.975701514940868
2461	15.919257917595669
2462	15.608483748706796
2463	15.779509776866337
2464	15.784690656059624
2465	15.972796913859009
2466	16.019184771990787
2467	15.834401480084354
2468	15.796931851535073
2469	15.943774310297263
2470	16.25295057830296
2471	15.928166382430067
2472	15.99047237389232
2473	16.05153612028711
2474	16.016305926330354
2475	15.737939791951437
2476	16.207759541974635
2477	15.756415881381338
2478	15.996384335569608
2479	15.959601669588714
2480	16.048483759442068
2481	15.877335866415246
2482	15.870882327042382
2483	15.755413587484197
2484	15.991672639928431
2485	15.562267739262163
2486	15.995427242629898
2487	15.831102093379467
2488	16.14246337812677
2489	15.90654966317151
2490	16.09738033682327
2491	15.787957963450607
2492	16.013394896828796
2493	15.805418685982385
2494	15.932127196154717
2495	15.861020125311114
2496	15.821651589233392
2497	15.7430721746922
2498	16.16788886400039
2499	15.694291369588287
2500	16.186289492584578
2501	15.928215620397705
2502	16.0334136286437
2503	16.03341705066249
2504	15.990310536106284
2505	16.143240487761343
2506	16.05829213132015
2507	15.924150798545046
2508	15.929517560472929
2509	15.815018130538864
2510	15.882069262359506
2511	15.889685439315368
2512	15.807943422814857
2513	15.850375412349557
2514	15.851517444727376
2515	15.987398133463879
2516	15.861092278531494
2517	15.606920936767889
2518	15.712980683649631
2519	15.8673802290119
2520	15.69367302691181
2521	15.599766085645369
2522	15.695880234741917
2523	15.744833004067395
2524	15.946680354056415
2525	15.693386356161708
2526	16.018055682649315
2527	15.844072235764857
2528	15.902661946461441
2529	15.724331761125303
2530	15.859337876652598
2531	16.106119718528458
2532	16.009265115783286
2533	15.983334028445633
2534	15.973171529212406
2535	15.931582388436777
2536	15.780768383903698
2537	15.595631645391364
2538	15.858612112911795
2539	15.800610010257337
2540	15.655339590600597
2541	15.860460497416398
2542	15.91007289544736
2543	15.905930338815898
2544	15.804092100942324
2545	15.911578299994341
2546	15.751184378808464
2547	15.877701895278758
2548	15.825378212817569
2549	16.04420579474383
2550	15.734153963318708
2551	15.919191114119945
2552	15.770652076381314
2553	15.87493180015447
2554	16.08173863255669
2555	15.689615387063359
2556	15.896154672507834
2557	15.942926679823385
2558	16.095326563109424
2559	15.668503789210467
2560	15.93934798784924
2561	16.063465236836436
2562	15.778682639596083
2563	15.88975199673376
2564	15.905044674662847
2565	15.865789149137555
2566	15.896206147089014
2567	15.603647723809987
2568	16.155895346295328
2569	15.83689212216788
2570	15.901952811414663
2571	15.798942265017375
2572	15.71806380927592
2573	15.783793096218997
2574	15.795980758837278
2575	15.70501694359926
2576	15.897042780125371
2577	15.771011167443428
2578	15.940295050447862
2579	15.912892989630047
2580	16.072385544081275
2581	15.926348715166107
2582	15.74708542498653
2583	15.744912779671266
2584	15.85629921685947
2585	15.59507426902245
2586	15.664690121990335
2587	15.727978325589516
2588	15.740264445164538
2589	15.83777001936213
2590	15.76288309980921
2591	15.692642025766975
2592	15.917819720549799
2593	15.890778206613216
2594	15.699219461202501
2595	15.769376996907447
2596	15.938505717178682
2597	15.884596700095
2598	15.77503715434774
2599	15.982602599678897
2600	15.905455721028472
2601	16.05752426988409
2602	15.507302612948385
2603	16.03960839028151
2604	15.795381275790376
2605	15.937360178775524
2606	15.789387318992052
2607	15.85546879413402
2608	15.932257740300958
2609	15.624248810636592
2610	15.67172932137655
2611	15.802153369921761
2612	15.91953494159431
2613	15.982919176327197
2614	16.00144228868824
2615	15.870071847093921
2616	16.00741838009042
2617	16.07144261422865
2618	15.770537694708674
2619	15.841762965680278
2620	15.865229922936155
2621	15.5187531551206
2622	15.458807422822021
2623	15.994172648951254
2624	15.88430549452151
2625	15.785376615030449
2626	15.727328212069176
2627	15.856316968304101
2628	15.618255177305764
2629	15.835567453814967
2630	15.461403293904212
2631	15.893670545017564
2632	15.71549582484487
2633	15.80719591300301
2634	15.69176713004391
2635	15.660693779010952
2636	15.994072268914907
2637	15.67211111028812
2638	15.813333530745062
2639	15.694310647942945
2640	16.04083900548339
2641	15.75488424179161
2642	15.831410177800146
2643	15.85559476999921
2644	15.942379629853802
2645	15.805642245546235
2646	16.048111681809193
2647	15.94339931218398
2648	15.874054242063243
2649	16.01680809102174
2650	15.71404534415721
2651	15.828540727683608
2652	15.808799275445228
2653	15.986582243192707
2654	15.570244927740205
2655	15.890259531835001
2656	15.699077658665136
2657	15.512432442286727
2658	15.686725173243985
2659	15.798831823481502
2660	15.753668202662547
2661	15.82714157971335
2662	15.734461197334845
2663	15.616967228641068
2664	15.88155177313166
2665	15.901316419813206
2666	15.798511681357327
2667	15.606083095499546
2668	15.805730746441252
2669	15.869182372869304
2670	15.606922730015903
2671	15.662527395316145
2672	15.829305999387197
2673	15.686936867675396
2674	15.87440615868741
2675	15.673015548952947
2676	15.61247875246401
2677	15.710204869715836
2678	15.810334501978137
2679	15.751115422869354
2680	15.70008652647486
2681	15.875082076730711
2682	15.727921668067715
2683	15.699437826720345
2684	15.489639345519134
2685	15.61972468174806
2686	15.600423258464565
2687	15.981420272406838
2688	15.886351260114624
2689	15.803279194856652
2690	15.55653046925903
2691	15.958068446836322
2692	15.780581257670779
2693	15.59254819757383
2694	15.785855781221029
2695	15.762415663609346
2696	15.687566906426763
2697	15.91371622887296
2698	15.987636426295074
2699	15.827551760618345
2700	15.778096525006363
2701	15.6965904806684
2702	15.929979043819431
2703	15.851951168962271
2704	16.017226520113493
2705	15.678156463325315
2706	16.263935381833015
2707	16.048777297413718
2708	15.77611819350894
2709	15.578055453265895
2710	15.631002215772336
2711	15.497212431426071
2712	15.571426491136485
2713	15.658857641267852
2714	15.84631109250421
2715	15.648970799883866
2716	15.697862878798993
2717	15.755035978801688
2718	15.701876647007548
2719	15.683940547331327
2720	16.002335079545077
2721	15.553985905500802
2722	15.581746195959875
2723	15.80266025360081
2724	15.566055504390699
2725	15.616636401171665
2726	15.684229486698545
2727	15.571369534408854
2728	15.634413642360625
2729	15.91538565866274
2730	15.506135349309979
2731	16.01835476741275
2732	15.872123913424241
2733	15.82357978647974
2734	15.91095214306196
2735	16.053539928311224
2736	15.64539070976419
2737	15.732470399839034
2738	15.737890055677049
2739	15.641987041310873
2740	15.726674859481559
2741	15.589593599350776
2742	15.806698348264417
2743	15.778895438085202
2744	15.977665711827978
2745	15.663597541471216
2746	15.62062203575053
2747	15.728603402873853
2748	15.738206574408823
2749	15.676597652751813
2750	15.894691401482222
2751	15.593088006311026
2752	15.755882542152856
2753	15.754267895853836
2754	15.578817780016585
2755	15.78047955583764
2756	15.587318976803331
2757	15.842214135848456
2758	15.680597227416223
2759	15.721774591892432
2760	15.58531685893595
2761	15.89233590459907
2762	15.581531591103033
2763	15.665026592949816
2764	15.775234651198035
2765	15.93116669902901
2766	15.69553384990582
2767	15.41456805592041
2768	15.898424580577856
2769	15.731199378276953
2770	15.667847690783129
2771	15.507487664435878
2772	15.596808122127001
2773	15.692726245318655
2774	15.516739252030655
2775	15.748260344183228
2776	15.82851941486532
2777	15.733546438236909
2778	16.032839723717768
2779	15.628339863420914
2780	15.84620928353934
2781	15.834032248595577
2782	15.58295609626916
2783	15.501342034118126
2784	15.715066046980878
2785	15.579933836430094
2786	15.933085752360507
2787	15.792100725421998
2788	15.747578839957978
2789	15.792417749356382
2790	15.600048569919014
2791	15.643857033185848
2792	15.66187005645931
2793	15.496897131418645
2794	15.757793942429792
2795	15.785288359150371
2796	15.757911128393031
2797	15.796668707612906
2798	15.405369381196182
2799	15.835843554554303
2800	15.820191165520027
2801	15.591207399414019
2802	15.960399483720106
2803	15.621079334623438
2804	15.790660761183974
2805	15.6538018785817
2806	15.576550532805838
2807	15.866469049069345
2808	15.53291992808295
2809	15.701315517937937
2810	15.596507729231039
2811	15.845246917528712
2812	15.669838238315922
2813	15.612309544720267
2814	15.645901342299263
2815	15.46977892768594
2816	15.769128972443758
2817	15.660087161779163
2818	15.800045629941229
2819	15.750824452894372
2820	15.6440324434724
2821	15.706952621396562
2822	15.7194900462427
2823	15.638147648841768
2824	15.590746162122665
2825	15.590128674305424
2826	15.54983607945938
2827	15.88770020713209
2828	15.684444992974838
2829	15.378126872878857
2830	15.778026598668575
2831	15.79227446404944
2832	15.522347620962071
2833	15.325605383762891
2834	15.630360859116882
2835	15.508083235621585
2836	15.896571071267271
2837	15.402502896675372
2838	15.66795999457106
2839	15.80825762410919
2840	15.577607274619517
2841	15.57180774393529
2842	15.606592816350982
2843	15.695212244724463
2844	15.590756226453006
2845	15.562579349536351
2846	15.580507787548747
2847	15.679854229115913
2848	15.613068774687358
2849	15.745781618885365
2850	15.379644483460691
2851	15.579274252881437
2852	15.71591841951143
2853	15.712162019722806
2854	15.736937605845085
2855	15.946203516071254
2856	15.903993930440292
2857	15.600409534821724
2858	15.663822871682566
2859	15.415311649002508
2860	15.822945904298757
2861	15.811697472764791
2862	15.554288170385535
2863	15.542634439157842
2864	15.502950527514775
2865	15.661029974723652
2866	15.528458774045212
2867	15.508297386979816
2868	15.612724108519656
2869	15.392579565558464
2870	15.56966506695128
2871	15.50085389420667
2872	15.778843878860963
2873	15.668535377740907
2874	15.921068119812919
2875	15.683226512693702
2876	15.865236469039623
2877	15.776215282544172
2878	15.858368854642622
2879	15.532547021757868
2880	15.591280476882641
2881	15.559557292362783
2882	15.584848703212595
2883	15.471539122213551
2884	15.28969515679501
2885	15.613911922234792
2886	15.655314402898979
2887	15.579623949519643
2888	15.544941033383557
2889	15.76380408510569
2890	15.615601872227602
2891	15.504044364252477
2892	15.704669836335079
2893	15.628330197841786
2894	15.603397211091899
2895	15.727378284279673
2896	15.556620057048827
2897	15.699683169675115
2898	15.840738820250724
2899	15.532173012565087
2900	15.581581211205538
2901	15.739479623324597
2902	15.810825464206438
2903	15.467921248778794
2904	15.684349268149012
2905	15.546499162916913
2906	15.685507779795675
2907	15.518019877134359
2908	15.580327795274293
2909	15.922262839716122
2910	15.584981127743973
2911	15.6233724070854
2912	15.72796652479518
2913	15.896823160037371
2914	15.817440120873027
2915	15.511250802983524
2916	15.649035807514501
2917	15.810031088512035
2918	15.64686956688686
2919	15.607670570441472
2920	15.589929677766884
2921	15.524867482025414
2922	15.751383437438548
2923	15.510813174274933
2924	15.62842518027765
2925	15.625054687083184
2926	15.659518767608905
2927	15.671622144934977
2928	15.825681343287497
2929	15.679055700161832
2930	15.550728511292318
2931	15.62285611434528
2932	15.580322143602277
2933	15.668784340524534
2934	15.528428545976334
2935	15.902615405868747
2936	15.439676959040963
2937	15.585322682297026
2938	15.627998534570176
2939	15.67294774308433
2940	15.515447076238708
2941	15.768182633341311
2942	15.428220030540581
2943	15.533316502161245
2944	15.60153260834794
2945	15.714892426964964
2946	15.6061794321908
2947	15.612698410144743
2948	15.401290572501173
2949	15.72650617053603
2950	15.625192654029448
2951	15.61665170845644
2952	15.995196961163332
2953	15.54866386878323
2954	15.671677098264954
2955	15.646555657238686
2956	15.6711382208585
2957	15.737944325710815
2958	15.693900195432033
2959	15.720362064750676
2960	15.596955879985558
2961	15.51312643727529
2962	15.36777356957628
2963	15.72585275989354
2964	15.400608420369661
2965	15.851323586276662
2966	15.431523983039265
2967	15.496402153354982
2968	15.548692116250733
2969	15.702350150722964
2970	15.667361975441708
2971	15.546276629184048
2972	15.632077842017736
2973	15.504698946832647
2974	15.750853366908387
2975	15.376609496704791
2976	15.59336929842505
2977	15.661933711130999
2978	15.34123987524867
2979	15.664707738803601
2980	15.636199252121013
2981	15.59329913943679
2982	15.417954147069715
2983	15.661534230286946
2984	15.605306355386546
2985	15.771236629101821
2986	15.576510895238231
2987	15.368099081718986
2988	15.515635737008708
2989	15.42908485878528
2990	15.45056324714241
2991	15.805269873202619
2992	15.671054896003305
2993	15.725146260302958
2994	15.515281875602758
2995	15.85332240105932
2996	15.617776905198902
2997	15.700073278353948
2998	15.694118488907554
2999	15.488247927815184
3000	15.592824346854888
3001	15.49469512468951
3002	15.655570238120987
3003	15.565673398588467
3004	15.589204253322167
3005	15.569737508841108
3006	15.705146203348471
3007	15.896620898769942
3008	15.627881767020991
3009	15.633283133151846
3010	15.62522224049583
3011	15.656518193832861
3012	15.68907568733253
3013	15.663038602738531
3014	15.578183304439154
3015	15.646195037863295
3016	15.487709441177033
3017	15.493444215684956
3018	15.63494299782258
3019	15.524969428857192
3020	15.49426913225808
3021	15.581292410060742
3022	15.560215246999531
3023	15.540613469195408
3024	15.899782820441331
3025	15.543159301330089
3026	15.564864637309038
3027	15.349728054521213
3028	15.758197915627417
3029	15.508832244032005
3030	15.655862588471688
3031	15.394739370648828
3032	15.559313062288071
3033	15.647426522313998
3034	15.70740457811014
3035	15.652555550258224
3036	15.56548908346894
3037	15.450535737563728
3038	15.390001715358446
3039	15.673097445013381
3040	15.526186415889956
3041	15.578576438083648
3042	15.58753842037407
3043	15.662186657627466
3044	15.54645156945326
3045	15.480272047071066
3046	15.703626051551112
3047	15.667572603300831
3048	15.48513254502401
3049	15.575856657577539
3050	15.581710316537153
3051	15.331005035156744
3052	15.877553706307387
3053	15.585216533169293
3054	15.445982394245206
3055	15.610652388824128
3056	15.641194708050918
3057	15.831614498078254
3058	15.608675127026475
3059	15.417204699207032
3060	15.416302268721351
3061	15.701949003962161
3062	15.393451814725182
3063	15.490854856482986
3064	15.57021497741067
3065	15.292549468580884
3066	15.870819303229489
3067	15.749408808793142
3068	15.701121619988188
3069	15.581302595682077
3070	15.604731390423451
3071	15.334730893430443
3072	15.659073712474319
3073	15.463800772821543
3074	15.725626439243914
3075	15.582892321892583
3076	15.577954168162472
3077	15.486641195854448
3078	15.262126427218005
3079	15.569350604356123
3080	15.524122181364854
3081	15.772157339927581
3082	15.675910400381595
3083	15.465534149120801
3084	15.54932782958505
3085	15.362170524882686
3086	15.514941282024683
3087	15.596682644275536
3088	15.478130901944663
3089	15.38017000202622
3090	15.665871477563247
3091	15.422671931041213
3092	15.3381018210558
3093	15.373484394166647
3094	15.582574262179524
3095	15.550831372288444
3096	15.7501146450546
3097	15.639953260875794
3098	15.504383273861889
3099	15.342079692464258
3100	15.652536980397727
3101	15.615383240941032
3102	15.44764464046209
3103	15.679415607613974
3104	15.369369054617284
3105	15.38293562806223
3106	15.592623412790077
3107	15.414616295926328
3108	15.494034613336575
3109	15.746467158053457
3110	15.802608191126538
3111	15.555775579147344
3112	15.441031147721926
3113	15.613796329951306
3114	15.338842692248642
3115	15.531597120835789
3116	15.506267763841791
3117	15.553771214567016
3118	15.473988467659636
3119	15.61286342766324
3120	15.343223838120055
3121	15.299802954384049
3122	15.432681499483209
3123	15.723138471186758
3124	15.38087345721845
3125	15.510470895033276
3126	15.676540526997858
3127	15.588946425869114
3128	15.487992703382098
3129	15.541729355167211
3130	15.57287020718357
3131	15.645640930311403
3132	15.414176691347327
3133	15.598638896345015
3134	15.270093133190322
3135	15.553305809858609
3136	15.583697299360278
3137	15.393335909246264
3138	15.429176251242527
3139	15.515769729041118
3140	15.802744506900918
3141	15.41634114168699
3142	15.640683228696867
3143	15.508528999895741
3144	15.351561106692051
3145	15.326757657606947
3146	15.573028480935722
3147	15.695228363411399
3148	15.453229772191131
3149	15.649391882519993
3150	15.47558234540941
3151	15.532651521510633
3152	15.614862863518383
3153	15.384577231740613
3154	15.478880695552242
3155	15.616815244125199
3156	15.524645052646207
3157	15.630478148345976
3158	15.438562439942809
3159	15.551089813572432
3160	15.684381569460598
3161	15.563550581362604
3162	15.61559744226597
3163	15.810379623050288
3164	15.557585968218403
3165	15.652474151323736
3166	15.500808603137953
3167	15.505393743736404
3168	15.692759997306329
3169	15.382829209524983
3170	15.807100654421014
3171	15.50584895940774
3172	15.559999078435077
3173	15.385249860595723
3174	15.572002203297389
3175	15.444663709781173
3176	15.470911042593027
3177	15.565470965929624
3178	15.456385861894264
3179	15.437002040783685
3180	15.362468921492466
3181	15.449961661306013
3182	15.483806671178124
3183	15.37604202256074
3184	15.36900192722358
3185	15.618076454028676
3186	15.505934373319448
3187	15.545360733770101
3188	15.347008785009953
3189	15.125543947109325
3190	15.574441069750087
3191	15.436873371517095
3192	15.375388100734753
3193	15.588456260519742
3194	15.692761829991207
3195	15.433565496833273
3196	15.321126186386563
3197	15.694679370391446
3198	15.579702682231357
3199	15.536923574245009
3200	15.40617638324336
3201	15.415142337582472
3202	15.449609641474963
3203	15.86122687550008
3204	15.431051305140414
3205	15.482407473662313
3206	15.314943124736772
3207	15.500412878315462
3208	15.327198556933379
3209	15.476888066883035
3210	15.66725990053068
3211	15.35740436219153
3212	15.506589563027584
3213	15.364705323465538
3214	15.591573551226423
3215	15.538395590832062
3216	15.417987085267587
3217	15.353307467891081
3218	15.65229782979942
3219	15.537961586133758
3220	15.551506539638927
3221	15.229154988009073
3222	15.632809032733158
3223	15.483786243331954
3224	15.303730545128237
3225	15.278926482480145
3226	15.697600500627605
3227	15.420350359709614
3228	15.408359926848172
3229	15.415284609714828
3230	15.62827619085439
3231	15.489180335846216
3232	15.39739026941349
3233	15.615150429380707
3234	15.550629587052741
3235	15.387192966281578
3236	15.422410672147159
3237	15.5885751808229
3238	15.23575557887262
3239	15.37437472693035
3240	15.511755461816596
3241	15.387501292700495
3242	15.522713316701626
3243	15.573503718345906
3244	15.66045587376318
3245	15.567337973706042
3246	15.342206723485521
3247	15.502936952658093
3248	15.327686402930535
3249	15.5734907701954
3250	15.595909090645467
3251	15.48281125526471
3252	15.504748862370336
3253	15.500824311917984
3254	15.386864026512516
3255	15.59337100576856
3256	15.548836301499545
3257	15.501125309822603
3258	15.329784870959733
3259	15.237473803029456
3260	15.566551704445345
3261	15.578355313183044
3262	15.59629784712177
3263	15.343769659903844
3264	15.49091599250699
3265	15.452524710275455
3266	15.303113912540953
3267	15.520738910275197
3268	15.457771716129207
3269	15.348148745982636
3270	15.49507441779435
3271	15.477749188078365
3272	15.525160881774262
3273	15.496801615646687
3274	15.796638027427523
3275	15.550928958113426
3276	15.408413072287894
3277	15.404360511895128
3278	15.406574735560422
3279	15.334762939921728
3280	15.55931181198231
3281	15.616271099665255
3282	15.369242414161437
3283	15.229750659705417
3284	15.309588420320827
3285	15.27644130914545
3286	15.379917314634616
3287	15.615997708576199
3288	15.490468924742032
3289	15.569117151346234
3290	15.661787910827083
3291	15.589592816962838
3292	15.695418411726893
3293	15.509332209983002
3294	15.4147736410904
3295	15.7127690821152
3296	15.756410206411108
3297	15.371652163887608
3298	15.261945159058104
3299	15.445596133365793
3300	15.569496172533901
3301	15.390281046884661
3302	15.26851264597086
3303	15.438771725039983
3304	15.58193582274201
3305	15.536423415384476
3306	15.327093045207924
3307	15.490172832118581
3308	15.205408410062619
3309	15.3522775114278
3310	15.501791907254345
3311	15.445574748377371
3312	15.414025762267745
3313	15.503908684623172
3314	15.437589329421034
3315	15.57040782468681
3316	15.510272629491071
3317	15.373305734490561
3318	15.403313859676366
3319	15.562874280013725
3320	15.493525254381904
3321	15.727088127348244
3322	15.736537909353416
3323	15.21504966449133
3324	15.508824595694144
3325	15.25764762059284
3326	15.502321922095568
3327	15.410716703696874
3328	15.521270303074447
3329	15.61334698288118
3330	15.4478243119166
3331	15.242438992479702
3332	15.265465056798847
3333	15.43677474143701
3334	15.487479714434944
3335	15.501786253984044
3336	15.523525451397026
3337	15.639104841166427
3338	15.235963375190234
3339	15.487803768284017
3340	15.645227843166413
3341	15.39473415314911
3342	15.632956849825652
3343	15.45818468449968
3344	15.462410207302053
3345	15.540544058488823
3346	15.267050982906772
3347	15.518198631010788
3348	15.520095204939983
3349	15.464593245616182
3350	15.628811813449772
3351	15.2417621402978
3352	15.430549284300065
3353	15.34788896588032
3354	15.566378817110605
3355	15.507500137443087
3356	15.53569559072689
3357	15.385260726775277
3358	15.358762493356513
3359	15.5908600805762
3360	15.246072348984157
3361	15.717293665808636
3362	15.311398534372644
3363	15.690440670545506
3364	15.669977668452335
3365	15.481794802137951
3366	15.600594053472303
3367	15.37863050010837
3368	15.423932634421929
3369	15.550251245989223
3370	15.71954134028441
3371	15.12722598493906
3372	15.391639160666422
3373	15.558636462066673
3374	15.23828680941053
3375	15.377338757949
3376	15.198438764650549
3377	15.47300934419305
3378	15.554612736025135
3379	15.290899087005224
3380	15.587977657323322
3381	15.57363462589848
3382	15.350990640810393
3383	15.26952978730885
3384	15.49400141781443
3385	15.514901424756959
3386	15.454082912175657
3387	15.514290636440247
3388	15.632053221186826
3389	15.27455877999195
3390	15.392710829765408
3391	15.60171642130343
3392	15.573874231338959
3393	15.610314451177002
3394	15.5029216142236
3395	15.528595080966468
3396	15.568506410108737
3397	15.784740225557327
3398	15.719013681819288
3399	15.262417856123617
3400	15.579274943408365
3401	15.588663303837505
3402	15.262575139234405
3403	15.674106096871556
3404	15.459711523684014
3405	15.574404067971356
3406	15.474253091451716
3407	15.416786276086148
3408	15.489057204500803
3409	15.716960977958365
3410	15.720598411600342
3411	15.312309400705873
3412	15.444060579711195
3413	15.678115944909516
3414	15.661335449434343
3415	15.456235534730844
3416	15.44990224640269
3417	15.46296906960765
3418	15.699229870028875
3419	15.321337784893025
3420	15.340739950512292
3421	15.45019298942605
3422	15.503457685882902
3423	15.483801678238722
3424	15.272910863938113
3425	15.572698099109454
3426	15.352261631531096
3427	15.454367057712583
3428	15.382451797938774
3429	15.162944201610284
3430	15.655477728027376
3431	15.45925869495284
3432	15.479951218991136
3433	15.40165647351791
3434	15.251637194478127
3435	15.238751057988923
3436	15.83431723234855
3437	15.585685785068529
3438	15.457166752394343
3439	15.526883568404932
3440	15.384970321463033
3441	15.635060923911565
3442	15.280593480706427
3443	15.22543225899597
3444	15.407061313714228
3445	15.521309145834344
3446	15.268742465491975
3447	15.355412410569116
3448	15.392293511143876
3449	15.751055931771251
3450	15.553943596726898
3451	15.304419106023978
3452	15.331202158702897
3453	15.252893137985028
3454	15.427686922916536
3455	15.209987422546977
3456	15.529781430002014
3457	15.478562365848191
3458	15.177363680447042
3459	15.434186692659395
3460	15.362431986410899
3461	15.24595834345802
3462	15.545138567206692
3463	15.317060546672293
3464	15.158031126726978
3465	15.449609319109701
3466	15.102650873193287
3467	15.411102809255228
3468	15.390656529021687
3469	15.295315927159635
3470	15.690313216371063
3471	15.38958685361669
3472	15.306007589693722
3473	15.291193323031617
3474	15.596761655624361
3475	15.488553284886821
3476	15.364510358016169
3477	15.437527224897169
3478	15.420135689537515
3479	15.50118446424033
3480	15.23612304078013
3481	15.33139506728085
3482	15.368312410173228
3483	15.484236242292242
3484	15.246205769729025
3485	15.380013922163533
3486	15.275040023209293
3487	15.640662261034834
3488	15.29017514556022
3489	15.66328506734503
3490	15.555725710960147
3491	15.362852097516232
3492	15.524204684677512
3493	15.248325012002278
3494	15.305684630983876
3495	15.24382245015063
3496	15.336150944241869
3497	15.21676919293039
3498	15.34157185432403
3499	15.295570939895848
3500	15.333379514710776
3501	15.202388509993108
3502	15.282750371030433
3503	15.34352981977676
3504	15.320313906410375
3505	15.235127500959646
3506	15.35461068506092
3507	15.409170115856373
3508	15.419720562581354
3509	15.51004078539552
3510	15.487388616478352
3511	15.44110693289619
3512	15.477238071691046
3513	15.430310941096378
3514	15.318346369342807
3515	15.40429569498283
3516	15.179438865783931
3517	15.221957494655634
3518	15.634327560606751
3519	15.29352097018471
3520	15.307957036071603
3521	15.317320716944996
3522	15.270401576332596
3523	15.57103460526789
3524	15.68630257258429
3525	15.202686177469618
3526	15.50505046103556
3527	15.260917394558923
3528	15.4746993089554
3529	15.495469264176135
3530	15.627127990381851
3531	15.166683724959025
3532	15.40283087423316
3533	15.480365670031112
3534	15.430983935175178
3535	15.292066838640558
3536	15.08541281370575
3537	15.434373880823163
3538	15.361981802549623
3539	15.274157511286603
3540	15.65680169841799
3541	15.330148193530688
3542	15.191689599266349
3543	15.320856043381733
3544	15.503345506349408
3545	15.226582915939396
3546	15.55307915672751
3547	15.19773126508537
3548	15.474370762586732
3549	15.222430847088244
3550	15.596992023941151
3551	15.291285781803715
3552	15.542471257947867
3553	15.309986924723491
3554	15.423388264498856
3555	15.571017931797027
3556	15.18999338457902
3557	15.448409602291209
3558	15.33113030868243
3559	15.35099022695776
3560	15.376462633352428
3561	15.41634196072951
3562	15.550179276519163
3563	15.414040845359942
3564	15.252224939864703
3565	15.342304280351266
3566	15.606373932989547
3567	15.105909075809782
3568	15.427614856854186
3569	15.55219433948135
3570	15.295306574542815
3571	15.348312247454626
3572	15.421933500256237
3573	15.464613660489217
3574	15.439051166716258
3575	15.343172087786353
3576	15.112521833085102
3577	15.42823956389361
3578	15.234840091754336
3579	15.483559981793503
3580	15.194458028754967
3581	15.210665666158267
3582	15.501892488627323
3583	15.575409926478564
3584	15.39749664414776
3585	15.310011660152847
3586	15.235176086480632
3587	15.41982984719531
3588	15.613806077994466
3589	15.270564494201093
3590	15.599006215399477
3591	15.537141751593033
3592	15.31909828068907
3593	15.294718877641436
3594	15.430425821505727
3595	15.769183907850854
3596	15.206113443693985
3597	15.472828583327562
3598	15.438664747332753
3599	15.46728331853337
3600	15.538378247958878
3601	15.368567394992015
3602	15.156204825423213
3603	15.228593057482561
3604	15.481838377547582
3605	15.300448257879253
3606	15.502869815911245
3607	15.385304963440944
3608	15.427594621342717
3609	15.357842794759309
3610	15.411885675220935
3611	15.271466637014331
3612	15.177719064019314
3613	15.323549879085933
3614	15.137203780072054
3615	15.213025271432256
3616	15.648559412104152
3617	15.567115208860576
3618	15.200442552158204
3619	15.200773152157433
3620	15.485499203129251
3621	15.306492535234458
3622	15.293371020733511
3623	15.195562069637925
3624	15.334337181259649
3625	15.31823144605129
3626	15.276820838353276
3627	15.342792012894288
3628	15.387761097404875
3629	15.135776521386749
3630	15.26593331874099
3631	15.455805096856702
3632	15.410008683695382
3633	15.534989462874568
3634	15.363711078706919
3635	15.477008257148167
3636	15.366704593081463
3637	15.51801356076505
3638	15.26512159674788
3639	15.340492719274566
3640	15.519069878415388
3641	15.365503952031146
3642	15.393871489595135
3643	15.473750121556726
3644	15.278365837414988
3645	15.489576968505851
3646	15.197637477982303
3647	15.361486199754955
3648	15.35819876537173
3649	15.214088755795991
3650	15.244390764625347
3651	15.594544712614734
3652	15.291584543469938
3653	15.428921158985085
3654	15.226793265540692
3655	15.248877734152511
3656	15.500012000427443
3657	15.45151173094953
3658	15.554529701877353
3659	15.539169415270738
3660	15.66550714340146
3661	15.442386353087839
3662	15.5295836895299
3663	15.396057785040306
3664	15.461112466175006
3665	15.351279980585522
3666	15.444128037078164
3667	15.2376757590596
3668	15.567695545358715
3669	15.27006376008632
3670	15.572479396915565
3671	15.514568464049718
3672	15.383862250961581
3673	15.396092246446232
3674	15.512217204200493
3675	15.094101166821886
3676	15.336271763560557
3677	15.165754716653835
3678	15.559005053529905
3679	15.135930635202786
3680	15.415058608248042
3681	15.567608109696527
3682	15.364638231993247
3683	15.346901868112454
3684	15.364772737231636
3685	15.26285749907681
3686	15.171904566193778
3687	15.455079872747868
3688	15.365800758260544
3689	15.059353478517497
3690	15.428992225226796
3691	15.339736743557971
3692	15.263284775976953
3693	15.318661566084197
3694	15.519146857175276
3695	15.305383042535112
3696	15.376310343090514
3697	15.576184357444497
3698	15.442303274410225
3699	15.364722401549399
3700	15.302091150360512
3701	15.112060834897704
3702	15.382016157447195
3703	15.309880311895379
3704	15.49821261245492
3705	15.687264181157921
3706	15.676633935996897
3707	15.094853718786911
3708	15.12663314805729
3709	15.146163516167867
3710	15.309243674893873
3711	15.37096821066307
3712	15.282442592607746
3713	15.444736270857424
3714	15.228168230898463
3715	15.44099724426563
3716	15.205970056477613
3717	15.146459680098218
3718	15.574470316447478
3719	15.516605954942934
3720	15.277047563861316
3721	15.379169831800157
3722	15.36516753707464
3723	15.27235633892329
3724	15.479019609034678
3725	15.384536328342076
3726	15.369987760557507
3727	15.370254054921944
3728	15.509450256955366
3729	15.369830189974932
3730	15.314127647735466
3731	15.323545558603684
3732	15.092938327590746
3733	15.358598703783812
3734	15.34674676684995
3735	15.25590402765405
3736	15.341032713948845
3737	15.43229759898648
3738	15.4633811523514
3739	15.399390393341097
3740	15.381917803979691
3741	15.479744933427073
3742	15.280161739808657
3743	15.376325052957423
3744	15.297966751180482
3745	15.330775732054372
3746	15.258066613942892
3747	15.252352224885982
3748	15.103664591235486
3749	15.415137251928906
3750	15.17537343097965
3751	15.37216997538961
3752	15.56114760609356
3753	15.402857431475022
3754	15.085277941429396
3755	14.960289237309281
3756	15.456641013978114
3757	15.302803778909635
3758	15.43620934801561
3759	15.576704471657646
3760	15.354095201459879
3761	15.424953825006341
3762	15.16893990639419
3763	15.105847856120478
3764	15.274948791315843
3765	15.298373045960336
3766	15.274314101124975
3767	15.18205168775375
3768	15.064745562297158
3769	14.992649299131873
3770	15.335649915834399
3771	15.081932826756631
3772	15.406039638152766
3773	15.196639923208707
3774	15.06243033639731
3775	15.320751517940893
3776	15.43522549151995
3777	15.41118383373066
3778	15.112349737982766
3779	15.468008180188452
3780	15.115605117999378
3781	15.203727313621572
3782	15.200230427155919
3783	15.307221056729066
3784	15.063319821196558
3785	15.75259327218988
3786	15.516812014548199
3787	15.183469563840159
3788	15.390807165396009
3789	15.309909468550646
3790	15.231757582612893
3791	15.458486660362286
3792	15.29037855737991
3793	15.226408378441736
3794	15.0737641668041
3795	15.368795864193883
3796	15.40955085705435
3797	15.289428456707245
3798	15.267300697722629
3799	15.376296734689983
3800	15.381565754349673
3801	15.113329518057906
3802	15.326891529641737
3803	15.43049192051957
3804	15.331277688505644
3805	15.326772481010968
3806	15.548340770777877
3807	15.207684111987657
3808	15.146895447583002
3809	15.170469818721628
3810	15.296013741122836
3811	15.469712810234004
3812	15.152105026783312
3813	15.258434882330286
3814	15.227007961575906
3815	15.293926997853777
3816	15.368447550837436
3817	15.24659293803801
3818	15.309740684071627
3819	15.108383382016234
3820	15.492371260134016
3821	15.312634750966014
3822	15.27970561321759
3823	15.164950018104008
3824	15.366129971368252
3825	15.092442029603694
3826	15.322051624282619
3827	15.285248463407257
3828	15.396867154915277
3829	15.335855652128611
3830	15.245256625710894
3831	15.383141699335422
3832	15.382862152704407
3833	15.358578413782043
3834	15.392020074462815
3835	15.362801004043167
3836	15.145479313158889
3837	15.246161387611725
3838	15.192353069637855
3839	15.35398208787907
3840	15.429314961506106
3841	15.283427541902615
3842	15.410027065133045
3843	15.263937124236001
3844	15.22753080300382
3845	15.281419010410646
3846	15.311258231016806
3847	15.487512729282269
3848	15.271342085144648
3849	15.16046818905068
3850	15.143772340423961
3851	15.350928141384266
3852	15.252968438803931
3853	15.435185945359358
3854	15.182706231326106
3855	15.338646824587325
3856	15.27890711141222
3857	15.340916154556895
3858	15.514184360765984
3859	15.32628375214509
3860	15.451931597158104
3861	15.32124408305342
3862	15.362344847627906
3863	15.172280694332096
3864	15.227690883471126
3865	15.279861752080786
3866	15.179693388266026
3867	15.383876675439243
3868	15.36190100031839
3869	15.467883664818164
3870	15.382375495157538
3871	15.602881654758459
3872	15.02398102905863
3873	15.188304893873147
3874	15.324126721296528
3875	14.986839664359435
3876	15.368918929171894
3877	15.283446402359
3878	15.526089956317959
3879	15.327688663122617
3880	15.380697356784017
3881	15.269498039967353
3882	15.402624646101708
3883	15.137159652426723
3884	15.273285209931895
3885	15.195080938323102
3886	15.491136699258151
3887	15.09614550765754
3888	15.448913653763547
3889	15.498288460520378
3890	15.269959374318834
3891	15.33981540974557
3892	15.165912639815517
3893	15.349486154175857
3894	15.183021111032392
3895	15.188382510173037
3896	15.397330797720048
3897	15.248263548141194
3898	15.381557067853608
3899	15.314829502124763
3900	15.235154852806227
3901	15.221533991378484
3902	15.139134353650876
3903	15.414317742662753
3904	15.331997171404694
3905	15.28511974372925
3906	15.226854690133907
3907	15.15822781386315
3908	15.320103008178553
3909	15.19174667016269
3910	15.458402868793566
3911	15.233213681554465
3912	15.351535623083004
3913	15.372855865165892
3914	15.129419035834358
3915	15.342617780388633
3916	15.265496684831861
3917	15.35680667848215
3918	15.461205149915463
3919	15.341972135582624
3920	15.326642934389245
3921	15.183381731918574
3922	15.227905367923249
3923	15.438397994493704
3924	15.463815672925083
3925	15.179166054528952
3926	15.378951672820598
3927	15.590411545338384
3928	15.396924151471154
3929	15.425566865901958
3930	15.359278503042233
3931	15.102559036492506
3932	15.291416706162519
3933	15.19434048346421
3934	15.510253800358585
3935	15.437317636258973
3936	15.189940169169576
3937	15.321288068576958
3938	15.27528862776336
3939	15.319502402227048
3940	15.295173455007783
3941	15.137206343111888
