1	68.11145137828096
2	64.86996258491774
3	61.11850063655087
4	57.42712371410832
5	54.240539914267075
6	50.850277319456076
7	48.318909719655316
8	45.34377972802604
9	43.672429996454575
10	41.12201138421589
11	39.523137440179205
12	37.740446913642636
13	37.21050846966107
14	36.161418149052444
15	35.553592444525094
16	35.41522126803194
17	35.06261784676386
18	35.10818616149709
19	35.49425060324844
20	35.485122589391246
21	35.57536706232565
22	35.589196161950625
23	36.09856374539492
24	36.54749078955804
25	36.17789756169809
26	36.445641195734176
27	36.547315073018034
28	36.23460329908265
29	36.23071636995562
30	36.60222262195431
31	36.48517362661218
32	36.10033859436481
33	35.661509923845
34	36.2513053419122
35	35.77529340033764
36	35.91670616234689
37	35.65531912654149
38	35.496285794670115
39	35.62155931264794
40	35.292262116977604
41	35.532201090729146
42	35.21237029820381
43	35.34059977477701
44	35.5290064924978
45	35.51143368241028
46	35.44504143079243
47	35.63434626545057
48	35.74678473517286
49	35.15174502656174
50	35.360381073075665
51	35.37679904877296
52	34.94137111722147
53	35.738776502844615
54	35.50649346148267
55	35.136853444204654
56	35.41370569723552
57	35.20740529895651
58	35.305301947057174
59	35.49836037235811
60	35.10269706740321
61	35.301507847061295
62	35.541616697186726
63	34.920252037430565
64	35.30585715037573
65	35.41746957501139
66	35.4105792508767
67	35.141337078800575
68	34.97212487642227
69	35.34704224238887
70	35.28668728728537
71	35.3694677211549
72	34.97136800026534
73	35.35334237550667
74	35.436576346900445
75	34.946886375720126
76	35.30637284474949
77	35.868488310517506
78	35.18826113165376
79	35.054124686930784
80	35.3675388757039
81	35.38741205495699
82	34.968017898743916
83	35.0749304568158
84	34.878661079417945
85	35.146908603776325
86	35.14646115120396
87	35.3752193329383
88	35.201762604301614
89	35.267134813892696
90	35.433430318629966
91	35.047534152365884
92	35.06525099498011
93	34.99343460435104
94	35.27243158822696
95	35.734453793832444
96	35.13973939217063
97	35.093676684909234
98	34.95741002648011
99	35.13660652322459
100	34.96939080610363
101	34.91790672440216
102	35.08602119702228
103	35.133537791875106
104	35.10807678717596
105	35.27820885227089
106	34.96235622531231
107	35.41706978877403
108	34.97451796594909
109	34.844465134202444
110	35.02004830485966
111	35.016113040144674
112	35.09680191822301
113	34.78200318509938
114	35.01550789368541
115	35.33480220290367
116	35.04104205166068
117	34.89774476250617
118	34.73338435880671
119	35.237451738608115
120	35.353860332180204
121	35.1134691475793
122	34.739770321113646
123	35.02500968531504
124	34.97756927629926
125	34.83739751233875
126	35.02268606479496
127	34.751471209802645
128	34.82325109096725
129	34.76586964733925
130	34.96208949333439
131	34.925816328049414
132	34.99555327428941
133	35.3823058429272
134	35.31557304674622
135	35.679304073151506
136	35.14728460777997
137	35.21701759815784
138	34.78337008715199
139	35.27878756538006
140	34.98300061663481
141	35.39403270273199
142	34.963935698068084
143	35.10887957364696
144	35.321997454415786
145	35.05717896507575
146	35.10761157191443
147	35.35957173402784
148	35.05132725853823
149	35.29547220806763
150	34.77917029254677
151	34.880211753972894
152	35.000956821323754
153	35.10710199738176
154	34.778186595730276
155	35.142780628810094
156	35.07460818103881
157	34.71007120127094
158	35.1745987153748
159	34.94110134416181
160	35.00982575838279
161	34.797293552144076
162	34.67284796962633
163	34.938401453190444
164	34.747812095158544
165	35.22028636561214
166	35.0436887892947
167	35.4182446506113
168	35.037676873037995
169	34.96052117054789
170	34.81346115186591
171	35.06064054931081
172	34.83943401148669
173	34.6947940984111
174	35.071119275498404
175	35.01007592359735
176	35.03937878782401
177	34.7338677470693
178	34.69518041613832
179	34.891000714051934
180	35.33527715595659
181	35.18613635415614
182	34.90311260935418
183	34.844765269868184
184	34.70892373547828
185	34.90832181645327
186	34.754149757484285
187	34.77573945061123
188	34.87530812855207
189	34.85167765834553
190	34.7193151922178
191	35.02996664528103
192	34.879568538075446
193	34.89397090235289
194	34.54040776029306
195	34.94078537405829
196	34.538835275011856
197	34.902543706236855
198	34.47727670194707
199	34.483995102087725
200	34.60722139451922
201	34.369171619563375
202	34.48052661735133
203	34.68570970853589
204	34.4616111957663
205	34.5382452140167
206	34.221995694434874
207	34.95017936237221
208	34.61255389056146
209	34.41105731119078
210	34.881281559526265
211	34.58380313950504
212	34.39538027071447
213	34.6450126949249
214	34.52752448938679
215	34.599147476058306
216	34.520595487696376
217	34.295485972097936
218	34.506310663110696
219	34.6403863193721
220	34.63650441854795
221	34.20469772718409
222	34.61901456265656
223	34.34170837697784
224	34.12685213964845
225	34.36213782660772
226	34.70245692634671
227	34.050669484910514
228	34.04400517948449
229	33.977893556693125
230	34.19201380442123
231	34.132297682464554
232	34.175924353525595
233	34.16206005319225
234	34.1883349109613
235	34.22306976390603
236	34.57854685729796
237	34.30872179322968
238	33.821954405436024
239	33.8012118520078
240	34.09791006736268
241	33.88922409455041
242	34.08464263991169
243	34.113304189021385
244	33.723055449411774
245	33.53797441027223
246	33.81838399188836
247	33.80546327874844
248	33.50233530281977
249	33.911298916163524
250	33.43113698370728
251	33.73798247328976
252	33.546616928676215
253	33.31722195704817
254	33.10274611897074
255	33.52763350924112
256	33.45513226422271
257	33.133543979106996
258	32.68040293876083
259	33.18219017323086
260	32.781747363732755
261	32.80763454355534
262	33.239725545493194
263	32.769727642405805
264	32.9252174989381
265	32.93461352765883
266	32.522269787943195
267	32.93320322778811
268	32.56175718930141
269	32.34291751249099
270	32.15937288413787
271	32.33546780724343
272	32.45270214541365
273	32.51237797263384
274	31.989138451240397
275	32.27796404045537
276	32.25192829425247
277	31.973030201467513
278	32.118440555132956
279	31.68027361038643
280	31.90551421519864
281	31.615803901648977
282	31.479600471888944
283	31.768802781402425
284	31.41823571414882
285	31.51431981722053
286	31.324724553609464
287	31.382656224132283
288	31.473791139555427
289	31.318469427875595
290	30.948477235970582
291	31.209657954674284
292	30.832287105165168
293	30.883507937358605
294	30.6033383425417
295	30.774256731925117
296	30.693402504990345
297	30.24710996861269
298	30.2581289010172
299	30.7545059722072
300	30.34106468020524
301	30.24067816239543
302	30.562764180985173
303	29.930862443260214
304	30.022899286883757
305	30.096626388495302
306	30.085603084880475
307	29.857341556547816
308	29.413933663907784
309	30.029991533784163
310	29.737419574765244
311	29.742446234499653
312	29.748986030680864
313	29.726662980772588
314	29.523566591127928
315	29.39934263240644
316	29.361991917480896
317	29.27413520740103
318	29.29091009259599
319	29.47798386963857
320	28.985055784098833
321	29.354314176711437
322	28.87591166954741
323	28.850734221090484
324	28.810531186605015
325	28.98411540838787
326	28.774165957121028
327	28.82347981672702
328	28.900427242614214
329	28.572261693085004
330	28.69674217338968
331	29.25655945631411
332	28.570156450273778
333	28.697924466513715
334	28.326926095476384
335	28.764279742010523
336	28.45614316078733
337	28.07466894065214
338	28.437465674659354
339	27.863623274532316
340	28.051906708925106
341	27.94006505001278
342	27.914080767756932
343	27.70920669739686
344	27.37729306512179
345	27.752205048286527
346	27.778453524642448
347	27.93683377016417
348	27.715517215114186
349	27.298012392507164
350	27.94364330088087
351	27.713871286402185
352	27.44684167223763
353	28.10281245857906
354	27.665217624471676
355	27.31330775201907
356	28.01300130188955
357	27.268920055952297
358	27.373879147519254
359	27.74984144484627
360	27.203583479449335
361	27.114732986414907
362	27.180819343573983
363	26.924839836405496
364	27.004325927269345
365	26.919870450458873
366	27.320773750117578
367	26.95496621505968
368	26.787134621761023
369	26.975579808102097
370	27.214966847399484
371	26.542722082592807
372	26.79938189698801
373	26.859153303318834
374	26.967982430970636
375	26.759470669426516
376	26.766961410846218
377	26.872264053689676
378	27.044620356991626
379	26.40693937420516
380	26.214676950679742
381	26.201653804046988
382	26.485417782721715
383	26.08281456478924
384	26.56764478505035
385	26.201564377889653
386	26.77477266589993
387	26.453426766490974
388	26.113438334512118
389	26.065506893075298
390	26.184788990713038
391	25.94380209078863
392	26.125627043671894
393	26.232809163137745
394	25.84939916139805
395	25.80137380030045
396	25.61038854178665
397	25.722398781368664
398	25.907986349708835
399	25.839870693275746
400	25.818852260007212
401	25.86200328256181
402	25.77347917791192
403	25.72762656291423
404	25.47104765243373
405	25.847980026881075
406	25.68447734568843
407	25.739741941693257
408	25.747083243010515
409	25.56732463680047
410	25.374113729753937
411	25.4815508380048
412	25.568451658086875
413	25.344829050023897
414	24.94712596866295
415	24.993233707147773
416	25.088453297899388
417	25.021189318967004
418	24.912126866058895
419	25.027765895125277
420	24.988130307215613
421	25.134111444895158
422	24.757889332215203
423	24.776895858698772
424	25.077956178822344
425	24.785094849929227
426	25.001189120522906
427	24.967534466750653
428	24.742740201391314
429	24.313837861415173
430	24.552271075212065
431	24.899052356011413
432	24.64927757539401
433	24.718337630386575
434	24.860844782942657
435	24.36808342826092
436	24.342172633448143
437	24.660293765605758
438	24.483950731801787
439	24.61070636809118
440	24.37279745264135
441	24.663482893334965
442	24.588641832111925
443	24.688353516811176
444	24.374334116995115
445	24.444329519731145
446	24.05990353925912
447	24.271612626765247
448	24.30583452617114
449	24.294901089201122
450	24.39593132611253
451	24.62834602536531
452	24.44864130213775
453	24.18278656367036
454	24.27076000170565
455	24.116614796277766
456	23.913323784053794
457	24.106558708956037
458	24.062412140492082
459	24.039022168227444
460	24.043041171777304
461	23.967128414284495
462	24.137865879991367
463	24.08251352164668
464	24.059795195838884
465	24.012133333436385
466	23.767542583065595
467	23.969050490015054
468	23.60752137306854
469	24.01375521907
470	24.0582653489874
471	23.713697330995082
472	23.85180700176402
473	24.175864789398794
474	23.655141102325775
475	23.98223510368443
476	23.90999268061813
477	23.800231999033983
478	23.46938975162714
479	23.466544396029764
480	23.66206089476167
481	23.632991769273026
482	23.43846504158128
483	23.77825477872872
484	23.24744831417934
485	23.400355383264348
486	23.55030046498707
487	23.663297014394157
488	23.360012196529592
489	23.088884542709863
490	23.424299397325917
491	23.389848407574394
492	23.43845596321726
493	23.340683209139776
494	23.389731949631084
495	23.026501410575328
496	23.400867658336253
497	23.295084683046245
498	23.345977993358105
499	23.28718910145952
500	22.76939700949977
501	23.099499383415452
502	23.158623859347184
503	23.400858781191246
504	23.238424303385557
505	23.31063053528166
506	22.901209291199475
507	22.91383604298425
508	22.9293829258039
509	22.960945450786085
510	23.274935278567604
511	23.294824913785863
512	23.010602247720968
513	23.012921077269826
514	23.021141526388977
515	23.103692012642302
516	23.10946518749479
517	23.183676470193483
518	22.864624008516095
519	23.090932415347755
520	22.705737878146937
521	23.123692668215547
522	22.825278651900025
523	22.441230608442584
524	22.87046061816466
525	22.930694760317696
526	22.542418960553555
527	22.668179269247744
528	22.874003056058115
529	22.804403760348787
530	22.44288789218066
531	22.61006462823779
532	22.739082369318826
533	22.176863981417572
534	22.82005232754056
535	22.628695372819084
536	22.989099704733498
537	22.75424089424515
538	22.21577566013064
539	22.803914415620575
540	22.401247181849172
541	22.58570567057544
542	22.587492098927875
543	22.599047408915812
544	22.407981867151317
545	22.395463065352175
546	22.32474949937281
547	22.343863014129127
548	22.612746289853323
549	22.2656216055889
550	22.365652024571123
551	21.96285064025301
552	22.228967411159175
553	22.192999366744957
554	22.135347195742455
555	22.421406083092958
556	22.319112181495647
557	22.279640013847406
558	22.158988737813196
559	22.351090085319438
560	22.00694869650458
561	22.209518841678566
562	22.147208364678285
563	22.363700160738677
564	21.994914615491897
565	22.090102405828073
566	22.26733268266617
567	21.87268307971585
568	22.191534661619027
569	21.900419243444325
570	22.072659803125497
571	22.20576058036173
572	22.399603917095376
573	21.95029741087525
574	21.825241506481706
575	22.262646748406958
576	21.865926582590635
577	21.926809560091332
578	21.83263827272195
579	22.328395074181035
580	22.174393041225933
581	21.654971865635744
582	21.706356014969963
583	21.848150397022508
584	22.090766543078136
585	22.020567078599402
586	22.19394380816671
587	21.85698036378786
588	21.69684963760031
589	21.76146304784332
590	21.771375548248447
591	21.7870325788263
592	21.55693006904697
593	21.819249602268616
594	21.697313814929785
595	21.690494969727528
596	21.54360940115151
597	21.613483454877013
598	21.7874982370556
599	21.60634155993321
600	21.740948351447628
601	21.653487416024994
602	21.643788394529334
603	21.432106116925954
604	21.57375281794333
605	21.579644396552396
606	21.602148011599375
607	21.654383234544326
608	21.701111588196436
609	21.41753943957732
610	21.509886978383047
611	21.688120610414224
612	21.638349344055847
613	21.195873829588084
614	21.471174760515897
615	22.049261594227044
616	21.57001624541752
617	21.36695196853917
618	21.123200356645054
619	21.574323385889063
620	21.367781287736715
621	21.614012994239577
622	21.490767001003565
623	21.390180473241386
624	20.942116333999103
625	21.306648838566375
626	21.624924913272714
627	21.43830666232663
628	21.382000023027746
629	21.394692073160737
630	21.263830604163587
631	21.055994764929796
632	21.548520770835086
633	21.446737030177484
634	21.26580082152069
635	21.321742992260106
636	21.203040554288943
637	21.101085026369297
638	21.39355388176039
639	21.23535248911223
640	21.080118904072748
641	21.182977552027598
642	21.0857549655812
643	21.252560840273834
644	21.278941369281938
645	21.352918868342194
646	20.92569050419958
647	20.97812705971559
648	21.18255640991264
649	21.03794434883842
650	20.84706851912259
651	21.053146959654857
652	21.186562073813764
653	21.06413036877548
654	21.240112071805335
655	21.034074751079377
656	20.786194131779048
657	21.08542200254382
658	20.83214724370224
659	21.15431620467423
660	20.691781776607037
661	21.215655280908727
662	21.07023025390817
663	21.07078769362838
664	20.522192860388316
665	21.18823785329075
666	20.806164977400737
667	20.996350550212952
668	20.741231440323087
669	20.845069669465545
670	20.863229862584774
671	21.047050996896953
672	20.762599101530455
673	20.853066571500563
674	20.651015581894075
675	20.94634173175053
676	20.796943870339575
677	20.84715204896172
678	20.778761319247707
679	20.732947352252516
680	20.57808276077414
681	20.578190474199236
682	20.681418641790405
683	20.71574164814218
684	20.569623539864583
685	20.589281914495665
686	20.76689643003816
687	20.580075387524538
688	20.435721341383292
689	20.79902933857503
690	20.829655259115547
691	20.35567804640647
692	20.8260467840654
693	20.724428257784307
694	20.94475860166232
695	20.45518782416322
696	20.488776277185025
697	20.53131115358253
698	20.40932183803497
699	20.49721774083752
700	20.484212868163702
701	20.32765125912969
702	20.339862489082716
703	20.39341981409943
704	20.608782254696745
705	20.469644725820178
706	20.465710433481828
707	20.35080373822375
708	20.748985686196985
709	20.519816185086746
710	20.74065771098725
711	20.49992643933846
712	20.423163654652587
713	20.44345082836605
714	20.750675014493922
715	20.266866995241855
716	20.86771510635314
717	20.540498012516778
718	20.432028736505373
719	20.494209458032017
720	20.57388487004014
721	20.154845901764645
722	20.162125805938697
723	20.361136417716313
724	20.678303215302265
725	20.37983179134807
726	20.405334157075618
727	20.337253168295835
728	20.66265154700303
729	20.589499254352305
730	20.15800821611689
731	20.253149026797487
732	20.368838540433444
733	20.603337460655805
734	20.63958193014292
735	20.237686862029232
736	20.128396767911955
737	20.20298188856348
738	19.9952156915843
739	20.044435188145233
740	20.072140793634176
741	20.15839070690642
742	20.297458974046194
743	20.208886337012405
744	20.188585171576495
745	20.183495428934908
746	20.170166276471836
747	19.999708007441892
748	20.117135197184325
749	20.021699035960154
750	19.96386306604253
751	20.025489582444976
752	20.035453246826908
753	19.91624506785444
754	19.833087429028584
755	19.969280513203067
756	20.08995493733786
757	19.904896408403047
758	20.00866341138146
759	20.066626099639343
760	20.219144550464776
761	19.996276688657744
762	20.190294214030573
763	20.106937151217853
764	20.042405703003496
765	20.186999113312243
766	20.096497401804886
767	20.140965699815197
768	20.0250906054753
769	19.905236872871416
770	20.00748792832602
771	19.763120925478564
772	19.78045023089991
773	20.170711081811547
774	19.903184818480202
775	19.825982795126258
776	20.02162427440458
777	19.951735649435395
778	20.03951075734319
779	20.049181107253396
780	20.212440755972693
781	19.739126167868083
782	19.66158953901984
783	19.884932212745493
784	20.185306876909717
785	19.793818317854857
786	19.95663726798488
787	19.734900811732253
788	19.75557469342294
789	19.939626497720774
790	19.673055367332257
791	20.023788552996326
792	19.71993087777765
793	19.8058959215605
794	20.18289819133211
795	20.1019917584784
796	19.824039516932935
797	19.76477135611872
798	19.68108135584991
799	19.98067876124841
800	19.523055958707303
801	19.78977004567683
802	19.858759254235327
803	19.595386256094212
804	19.560320083746735
805	19.75598967772601
806	20.015660553416307
807	19.93697992693894
808	19.826634074508814
809	19.676537591198397
810	19.669219458019374
811	19.514739599462704
812	19.446689713280627
813	19.507045274561303
814	19.832317008381697
815	19.456198700053054
816	19.7590938936362
817	19.730249483144146
818	19.59008456918301
819	19.5207402992749
820	19.68709327880642
821	19.592829395580896
822	19.394925359522155
823	19.54613330153287
824	19.640182090651255
825	19.594179849402813
826	19.34921918881778
827	19.569442519021525
828	19.89245600514889
829	19.290611109131422
830	19.502074143435166
831	19.204738534302393
832	19.461630817463703
833	19.482574722315853
834	19.540783246576424
835	19.437133287449335
836	19.449802184833974
837	19.363613043366556
838	19.39027460482231
839	19.73474671621058
840	19.646265028393753
841	19.34200620253196
842	19.823262104342167
843	19.401923730367965
844	19.463822590098722
845	19.359011542490194
846	19.2712574310392
847	19.574715825885907
848	19.479043727450122
849	19.5049967412693
850	19.533828919177406
851	19.502874485079573
852	19.364210126510372
853	19.386640720948595
854	19.55358515592397
855	19.518441008874184
856	19.17711023381861
857	19.197243055584096
858	19.333707148341173
859	19.209850812339642
860	19.334958316864007
861	19.382930698424516
862	19.27446534069994
863	19.411901093082037
864	19.284605159525977
865	19.501100553154227
866	19.327870802641755
867	19.33378118058629
868	19.320551926813184
869	19.435169804797084
870	19.370760249898307
871	19.25625960902166
872	19.288668397615076
873	19.283195535039624
874	19.24331682259335
875	19.271091665320952
876	19.438411027715777
877	19.36277269279531
878	19.115244269014838
879	19.12999109380827
880	19.392432961882196
881	19.41208445696066
882	19.326024162126377
883	19.267323737445327
884	19.10546894760753
885	19.1181078909471
886	19.33405661658491
887	19.230191477931733
888	19.20264806568608
889	19.064448884832586
890	19.363841935365503
891	19.0566193878197
892	19.29757495978005
893	19.300519958785955
894	19.34112565724475
895	19.270610067841986
896	19.098006234801446
897	19.150923259151792
898	19.165101331942562
899	19.39334818106766
900	19.193802820318428
901	19.170454637882067
902	19.138118867989142
903	19.11443279180967
904	19.135179215672032
905	18.95950730226121
906	19.075883462584617
907	19.18296633758804
908	18.994056467711026
909	19.091971136655253
910	19.10718120416574
911	19.04600049742315
912	19.344606854420277
913	19.041454171601657
914	18.84619040274975
915	19.370283887032233
916	19.035833132241343
917	18.817937888740968
918	19.046890552019818
919	19.142828177202105
920	18.849851877831885
921	19.333770282596554
922	19.36175925697849
923	18.910870200856337
924	19.094969702715602
925	19.08745325102769
926	18.791439799166024
927	18.773649477570714
928	19.013993951204252
929	18.93907936389128
930	18.9176610626719
931	19.159163278930905
932	18.815891941403894
933	19.00944080845766
934	18.7951531220947
935	18.82515776199125
936	18.782759590440428
937	18.88803404543562
938	18.94246890666259
939	18.820330688322258
940	18.863175171621148
941	18.900483377301885
942	18.858037485871588
943	19.115136787366172
944	18.84712461771075
945	18.60239199342791
946	18.895396459048676
947	18.87784460602465
948	18.715296117836928
949	18.670506482273428
950	18.748414827104007
951	18.84591736001617
952	18.798984547775262
953	18.730306317377394
954	18.905437065330748
955	18.86098115490641
956	18.655878982191997
957	18.596974434537724
958	18.94548255997282
959	18.691254940934012
960	18.869892587266104
961	18.717883718221355
962	18.816400251729494
963	18.701725552814647
964	18.737711185582306
965	18.87308472239409
966	18.610955316537417
967	18.897326524888026
968	18.93598200236853
969	18.74055548770588
970	18.77490906815684
971	18.83794547880696
972	18.83934742046919
973	18.757068323899826
974	18.908511307151752
975	18.805018110245502
976	18.463631743472178
977	18.720908810881383
978	18.721594092886324
979	18.641805995647786
980	18.888616361418126
981	18.618472393653704
982	18.641373199308802
983	18.78386529272649
984	18.473591011820865
985	18.403908706327016
986	18.70802921741931
987	18.62419519235181
988	18.638334834511163
989	18.59714973636483
990	18.602005545775945
991	18.546521910680827
992	18.69073713338577
993	18.67244685549638
994	18.531461568971928
995	18.66718380593205
996	18.54174035652825
997	18.583546936270842
998	18.911069437064373
999	18.620559334582474
1000	18.771590258139717
1001	18.558266140548618
1002	18.85651107238283
1003	18.69106472645037
1004	18.77294428976754
1005	18.871142562056566
1006	18.544269761506676
1007	18.89174586823067
1008	18.30627059708946
1009	18.515852171184292
1010	18.484688962405468
1011	18.485783867567534
1012	18.66029026397644
1013	18.42564244316363
1014	18.490507988194565
1015	18.62413764135365
1016	18.34223707691494
1017	18.384355241414905
1018	18.678645105521994
1019	18.431441984613624
1020	18.778895735645772
1021	18.56371669723213
1022	18.759399352554556
1023	18.53436960455051
1024	18.52729938178342
1025	18.569746235196593
1026	18.618466196924075
1027	18.59813592569566
1028	18.768035257662035
1029	18.779713991692397
1030	18.526236750837075
1031	18.349367966492867
1032	18.600482818898904
1033	18.34355570831832
1034	18.756221620362016
1035	18.57215026890408
1036	18.800050974806254
1037	18.335950749431255
1038	18.5817026731982
1039	18.396157557559135
1040	18.229511851065418
1041	18.528144764789985
1042	18.680559469382466
1043	18.393850733191716
1044	18.281836562904367
1045	18.38823532774553
1046	18.406497033284747
1047	18.339766853804246
1048	18.24778182013561
1049	18.29947139309083
1050	18.462123142097617
1051	18.34485102574889
1052	18.335026702446335
1053	18.489235277059816
1054	18.330522725504213
1055	18.098109130516686
1056	18.400381556337802
1057	18.43574325599677
1058	18.40626172068749
1059	18.49217800079303
1060	18.240869450768372
1061	18.34752945297089
1062	18.223587493537714
1063	18.292683286077775
1064	18.45510677823246
1065	18.32121751801023
1066	18.233495110981266
1067	18.065431184608798
1068	18.347927785797744
1069	18.41033988246229
1070	18.318677639317315
1071	18.309105094161282
1072	18.414536906651158
1073	18.239473352548625
1074	18.2818256145679
1075	18.203025860650797
1076	18.18779005419463
1077	18.094690039981998
1078	18.101715358696993
1079	18.42501191594288
1080	18.15221674163217
1081	18.21839161081833
1082	18.28558474693928
1083	18.16158884787968
1084	18.137138315600275
1085	18.07232845774265
1086	18.36157742501902
1087	18.181312969645802
1088	18.573256909440506
1089	18.303145391268764
1090	17.96278446279108
1091	18.18220147172921
1092	18.305386117697623
1093	18.385140012672686
1094	18.153577623533593
1095	18.469475728675118
1096	18.128988666896852
1097	18.44770862497327
1098	18.346047069311258
1099	18.41559690153121
1100	18.341982799413394
1101	18.37749593717622
1102	18.015392781432393
1103	18.021228736665126
1104	18.337998937078428
1105	18.227988042762302
1106	18.09083937528105
1107	18.13055465631362
1108	18.203863600974653
1109	18.099725741800558
1110	17.96247514452499
1111	18.18154785260958
1112	18.09281258955863
1113	17.865602010225153
1114	18.403630226588902
1115	18.165131824250242
1116	18.297659122049176
1117	17.94471384639574
1118	18.170153808206255
1119	18.162309585132974
1120	17.944844127444075
1121	18.13955284529474
1122	18.05516596308155
1123	18.415800497615457
1124	17.765745634531932
1125	17.87592229783062
1126	18.222844273518373
1127	18.24960729671409
1128	18.28715201630249
1129	17.91784328782403
1130	18.03538114929847
1131	17.753587213670723
1132	18.03878180457913
1133	18.033030866413267
1134	18.06946503431514
1135	17.974155473874557
1136	17.82366874505881
1137	18.19983429509343
1138	18.128519732800353
1139	17.97062456098095
1140	18.04375136484211
1141	18.264881983558062
1142	18.208968065346596
1143	18.064937686797812
1144	18.240145453951637
1145	17.812593097668817
1146	17.889566201995716
1147	18.126422082619555
1148	17.799815163536813
1149	17.941767886226856
1150	18.26203425129354
1151	18.08847271935599
1152	17.831056624036158
1153	17.934212411431783
1154	18.04889368635023
1155	18.10735402172116
1156	18.03796812320504
1157	18.083443956938027
1158	18.239806610561406
1159	17.867038640995304
1160	17.845496354928226
1161	18.184837172625134
1162	17.989019888704842
1163	17.912252352404547
1164	18.243404136267156
1165	17.847664772032097
1166	17.785847713332068
1167	18.162270596103873
1168	17.737717204319797
1169	18.161786959787904
1170	17.78299535047983
1171	18.135873996566716
1172	18.13548004314689
1173	17.766853776242872
1174	17.867881462037413
1175	17.73310211612014
1176	18.00049099946137
1177	18.065658394472255
1178	17.91798674133019
1179	17.86822788906131
1180	17.556790194666963
1181	17.8887418118947
1182	17.64101782496095
1183	17.785042642021356
1184	18.000567723932097
1185	17.75724118502512
1186	17.816038629707364
1187	17.842275788044823
1188	17.635363834870862
1189	17.59624183414654
1190	17.752393973565006
1191	17.74808373349284
1192	18.01389081355959
1193	17.82990303915706
1194	17.963247342249236
1195	17.459919656208083
1196	17.801511104214786
1197	17.542739516549915
1198	17.775390114165702
1199	17.789528494878635
1200	17.72162238507149
1201	17.904012312863404
1202	17.777339668264915
1203	17.51528201989404
1204	17.911219990680415
1205	17.796793081785673
1206	18.159809711985925
1207	17.82171896754873
1208	18.046160382853923
1209	17.693237937080006
1210	17.77421587113424
1211	17.62594055779146
1212	17.744657145893918
1213	17.783520491765344
1214	17.766866391934077
1215	17.697562198758618
1216	17.776593472643036
1217	17.829062633273804
1218	17.950360159489833
1219	17.822891820730533
1220	17.621719258813567
1221	17.565076420275297
1222	17.797916249598085
1223	17.565737208004936
1224	17.968089649100516
1225	17.769692144056137
1226	17.792875878690023
1227	17.622273436138528
1228	17.8306633260267
1229	17.954474928247247
1230	17.820833134778162
1231	17.807720730281147
1232	17.702790387045223
1233	17.86437440344169
1234	17.77900302360548
1235	17.896130493677767
1236	17.46869157864684
1237	17.8982618542084
1238	17.854255097604774
1239	17.586372484860785
1240	17.794125269805004
1241	17.540905323265992
1242	17.676785946624577
1243	17.855241422988115
1244	18.008613147701272
1245	17.858004841661618
1246	17.83105228605116
1247	17.57271588047034
1248	17.74804491330987
1249	17.77025781740577
1250	17.641337596258644
1251	17.693715616864534
1252	17.5924481496911
1253	17.60103387333059
1254	17.89003615382978
1255	17.682378102394075
1256	17.68812849028272
1257	17.652388889004584
1258	17.62875589157751
1259	17.55527997273852
1260	17.690306873481255
1261	17.515878512296673
1262	18.04180763027911
1263	17.747849176799374
1264	17.619591948299927
1265	17.793764601898328
1266	17.659346174375727
1267	17.771401316794257
1268	17.85882338886606
1269	17.662768479967845
1270	17.593671086580557
1271	17.67903247882985
1272	17.827003165065218
1273	17.598337767304308
1274	17.493532913786485
1275	17.47849262891005
1276	17.43399069947099
1277	17.183931839274695
1278	17.59538796657541
1279	17.604777481392173
1280	17.548553720617857
1281	17.26036683109895
1282	17.409395697279066
1283	17.559257352892672
1284	17.352082200180437
1285	17.568911571568975
1286	17.638716302140804
1287	17.62856867807938
1288	17.76670262754533
1289	17.413433425644374
1290	17.519986906290487
1291	17.33232409092136
1292	17.59210728162823
1293	17.591724631943734
1294	17.51882060254669
1295	17.82095629388761
1296	17.463501417518525
1297	17.667479371647048
1298	17.660565073638896
1299	17.66671527059117
1300	17.389596982451156
1301	17.58436783567516
1302	17.557878040000052
1303	17.573360354313344
1304	17.476336965991337
1305	17.586271081420907
1306	17.619818004446515
1307	17.735115261209543
1308	17.652646040770932
1309	17.619891411169906
1310	17.557224550491675
1311	17.63033893121834
1312	17.634170218708295
1313	17.61754623967502
1314	17.470344012538508
1315	17.415791992351327
1316	17.58261067926394
1317	17.226802597692473
1318	17.553515340018713
1319	17.460143901939794
1320	17.21597715992641
1321	17.59514601239825
1322	17.35320440293295
1323	17.349394700278197
1324	17.464470225508858
1325	17.21444639577775
1326	17.470637141922747
1327	17.43914345968323
1328	17.32877594105679
1329	17.240568844213648
1330	17.424544961280777
1331	17.34252463796952
1332	17.413298140013563
1333	17.2830634958481
1334	17.274538942647528
1335	17.4586949740269
1336	17.4447326961439
1337	17.371327835979905
1338	17.34907243720385
1339	17.380277605407752
1340	17.309032056275726
1341	17.331002508616354
1342	17.332693695315804
1343	17.4439994802111
1344	17.256138778360185
1345	17.53579950523203
1346	17.37763169786832
1347	17.47705693993417
1348	17.474472596904764
1349	17.24357613319154
1350	17.173267499190246
1351	17.35176075714047
1352	17.32832519157275
1353	17.633962733927973
1354	17.437284999571567
1355	17.4124528214854
1356	17.61102380800498
1357	17.54339787135713
1358	17.402599209859048
1359	17.177389013761815
1360	17.05899778318201
1361	17.317457323133542
1362	17.483288952932885
1363	17.350045586701317
1364	17.38050794185328
1365	17.39060383891329
1366	17.369446588988186
1367	17.549206030343168
1368	17.190782591339584
1369	17.404766165295403
1370	17.168533012486723
1371	17.350313486269307
1372	17.040528407916092
1373	17.537067211832035
1374	17.341903106054026
1375	17.561596822610703
1376	17.40771876932841
1377	17.309534260985902
1378	17.25850714427964
1379	17.218079357751503
1380	17.39512182442244
1381	17.414695377995095
1382	17.277898905328147
1383	17.17279328024992
1384	17.399812340865022
1385	17.461658103545474
1386	17.08112137074393
1387	17.35267231811383
1388	17.291358457238417
1389	17.46764532669698
1390	17.118011607836916
1391	17.197089056423135
1392	17.430807622051947
1393	17.472630073450073
1394	17.229955618031997
1395	17.31297600628237
1396	17.15301386871991
1397	17.50284155182076
1398	17.38687129249603
1399	17.41356314194514
1400	17.055128165688334
1401	17.2479998593908
1402	17.407519983244978
1403	17.329883464484748
1404	17.187423231122533
1405	17.391727809237175
1406	17.06851184466182
1407	17.302573955106695
1408	17.070798858184638
1409	17.23220644843514
1410	17.061459593729616
1411	17.225763343891856
1412	17.240580832702793
1413	17.211652999597856
1414	16.992488442404085
1415	17.392183081870108
1416	16.799332519491575
1417	17.086403402932454
1418	16.906457649875115
1419	17.460020451290095
1420	17.281570977229897
1421	17.297416304278347
1422	17.305283872173618
1423	17.2603814959396
1424	17.09361471597095
1425	17.15887346257747
1426	17.27977000997274
1427	17.13709449298779
1428	17.269156100736314
1429	17.07893145130768
1430	16.975390091558005
1431	17.271241524080565
1432	17.130834109841036
1433	17.169362682997875
1434	17.253884363643113
1435	17.354771033298906
1436	17.266601159883493
1437	17.00914361842653
1438	17.23143108446956
1439	17.152437403035073
1440	17.178239046774614
1441	17.1960882509919
1442	17.203541808832657
1443	17.173639854228117
1444	17.20634474544538
1445	16.95893814314878
1446	17.325007091446388
1447	17.14321986288903
1448	16.82057829593257
1449	16.97902817272423
1450	17.128887125950012
1451	17.280017826064924
1452	17.30352778724684
1453	17.237678349401563
1454	17.30278329168944
1455	17.267751841750314
1456	16.934451112438875
1457	17.122385177228114
1458	17.355333907819908
1459	17.177469887762292
1460	17.170592467494508
1461	17.184103187339456
1462	17.11293573148647
1463	16.878693963271054
1464	17.170917829759496
1465	17.108957734677066
1466	17.317351454217878
1467	16.93028101309582
1468	17.057772855647002
1469	17.161067389881058
1470	17.14149767565808
1471	17.2898845678739
1472	17.08857874185824
1473	17.169786942875863
1474	16.96204362606528
1475	16.912158192927983
1476	17.222396085571898
1477	16.916988766847457
1478	17.098125777715694
1479	17.00507630656006
1480	17.138948021895278
1481	17.19613861323409
1482	17.104984155412037
1483	17.112640495413597
1484	17.042646152574804
1485	17.161801751238098
1486	17.101744485000772
1487	17.19209206897072
1488	17.091087207007327
1489	17.29309002377414
1490	16.8767865765469
1491	17.137407352383885
1492	16.921652452271577
1493	16.644154385617156
1494	17.018100472890488
1495	16.745454283718317
1496	17.12599897413247
1497	16.99537260886071
1498	17.028799175263522
1499	17.140713377351986
1500	17.188790764843535
1501	16.96391270194875
1502	16.990533095959197
1503	17.08566531075599
1504	17.1225828890984
1505	17.160379032462828
1506	16.93556785937599
1507	17.15122712479339
1508	17.103299869886595
1509	17.16297236185899
1510	16.968065977003032
1511	16.806680610672505
1512	17.15162531795424
1513	17.046250598188074
1514	16.746063843241256
1515	16.93862958443663
1516	16.96151937852733
1517	17.23708938760473
1518	17.106010517633006
1519	16.95901073255851
1520	17.015383524836807
1521	17.047591755649766
1522	17.104919368391112
1523	17.21592213983039
1524	16.971942573691496
1525	16.93428448590175
1526	17.067100584889836
1527	16.977752668930147
1528	17.12352521335075
1529	16.84198243502443
1530	17.09210857475652
1531	16.72752051960082
1532	16.93874979606042
1533	17.32770392675508
1534	17.070469960877823
1535	17.04275182916681
1536	17.114300910417228
1537	16.887193861550813
1538	17.149598794376406
1539	16.89923773169685
1540	16.87378093803578
1541	17.079531203103542
1542	16.97544737115079
1543	16.8226028676378
1544	17.129296600159968
1545	17.20312074682497
1546	16.9726807419957
1547	16.806642320568884
1548	17.022327721984812
1549	16.967832332898055
1550	16.9502736287657
1551	16.875393351668343
1552	16.976244475297037
1553	16.851851563394614
1554	16.82341924524494
1555	16.962254125459612
1556	16.987424531541507
1557	16.75567667592587
1558	17.12615174998254
1559	16.770932427802894
1560	16.910647547644604
1561	17.131203081646802
1562	17.011289755595808
1563	16.712749416721604
1564	16.887305410373877
1565	16.741266861522526
1566	16.869983432802385
1567	16.818631797355874
1568	17.02671321994971
1569	16.969732466151218
1570	17.055844415555033
1571	16.882800440071726
1572	16.7887562663479
1573	17.177133590654478
1574	16.74718862770848
1575	16.914431727065875
1576	17.094880263785225
1577	16.918516013133154
1578	17.34526486349204
1579	16.86562611921102
1580	16.863949088693673
1581	16.880929467596456
1582	16.815318398508367
1583	16.881677560323688
1584	16.889857667254386
1585	16.814222769425022
1586	17.041017493517586
1587	16.7466433303786
1588	16.829719815818198
1589	16.84378963318904
1590	16.91795152431348
1591	17.02777821344257
1592	16.946765456873607
1593	16.89275443888127
1594	16.85282065446562
1595	16.850543322812246
1596	16.77679470458991
1597	16.8877142073465
1598	16.824341948266834
1599	16.74092296748892
1600	17.06648373561577
1601	16.6929175615528
1602	16.811582287122082
1603	16.54371856395069
1604	16.959699873755543
1605	16.86238080890494
1606	16.83709796549305
1607	16.840711454784167
1608	17.005457022334788
1609	16.910625499117412
1610	16.76805232564492
1611	16.849229311885143
1612	16.768554044309933
1613	16.893772963415383
1614	17.05406703019175
1615	16.672456115851364
1616	16.88827393677899
1617	16.697504491427647
1618	16.77166275795155
1619	16.901169373738938
1620	16.818310768796923
1621	16.800475167832197
1622	16.744148137094562
1623	16.61820467721212
1624	16.763670166030064
1625	16.881769712130254
1626	16.796595663316097
1627	16.865816587986725
1628	16.940127058935143
1629	16.79782929511368
1630	16.742133838774997
1631	17.013879959414346
1632	16.917518677997645
1633	16.68213289781609
1634	16.886100037076922
1635	16.868568907880086
1636	16.800243462021232
1637	16.712128400714654
1638	16.72941581956372
1639	16.772367936028335
1640	16.79551973516955
1641	17.061716395739694
1642	16.892265793271093
1643	16.87366673488433
1644	16.820258375972728
1645	16.961272354909248
1646	16.93530828019953
1647	16.834831096524137
1648	16.7121826569722
1649	16.875473105398804
1650	16.878822983983277
1651	16.890807187056918
1652	16.79529930515425
1653	16.92768100412884
1654	16.951833636959357
1655	16.639437410354223
1656	16.56381672762951
1657	16.660352194099207
1658	16.739576127750137
1659	16.591590872497008
1660	16.66652808475089
1661	16.849965803069974
1662	16.59756292222061
1663	16.675813815981655
1664	16.965930195146935
1665	16.711949896770857
1666	16.57893290942684
1667	16.85283569676596
1668	16.711441184486976
1669	16.72734391671759
1670	16.772617124572186
1671	16.663631638074495
1672	16.723743629573164
1673	16.814665772532322
1674	16.87612404046208
1675	16.74054512984536
1676	16.657770619022195
1677	16.618553877835815
1678	16.610463541797333
1679	16.67168349697239
1680	16.697861248347202
1681	16.705506844869994
1682	16.72624685033933
1683	16.61131201819316
1684	16.69515339371934
1685	16.983886303572273
1686	16.698266533736724
1687	16.687087391462292
1688	16.646338986796692
1689	16.672742834902834
1690	16.8248002638758
1691	16.670697646507097
1692	16.681655431205698
1693	16.479077570490215
1694	16.61162223590559
1695	16.824970615642577
1696	16.810005322868914
1697	16.73146658692471
1698	16.874323305131167
1699	16.513203296090946
1700	16.624581649760565
1701	16.746840086363758
1702	16.674424364004885
1703	16.769690082098368
1704	16.780766199697943
1705	16.56018393387776
1706	16.62506931500917
1707	16.672041181787232
1708	16.851339098835886
1709	16.80658990682396
1710	16.410044731806018
1711	16.769768431701873
1712	16.701717587661083
1713	16.71489136315848
1714	16.73004834047961
1715	16.679080317200338
1716	16.6084212930932
1717	16.713937200695177
1718	16.51138510656938
1719	16.762193978788265
1720	16.632929909802527
1721	16.83653218766941
1722	16.481047118432205
1723	16.766618898246257
1724	16.981200822955152
1725	16.415808719934507
1726	16.696538458523566
1727	16.490000057835918
1728	16.58996417116751
1729	16.658243203017378
1730	16.699769551189526
1731	16.648810024614143
1732	16.771904008574364
1733	16.60707041776322
1734	16.54935341205511
1735	16.451213405896112
1736	16.856335155841354
1737	16.75835817221744
1738	16.53204920149166
1739	16.461718628754895
1740	16.538627467998147
1741	16.67978629772505
1742	16.49270537347354
1743	16.67823228436672
1744	16.419187303082087
1745	16.668599854161343
1746	16.41632902968512
1747	16.27141093488089
1748	16.420002638381995
1749	16.38913102292519
1750	16.639398052401294
1751	16.65154674377705
1752	16.604300903885054
1753	16.622937714726824
1754	16.472710933583404
1755	16.535774611364282
1756	16.780977638472876
1757	16.515526098121395
1758	16.72713450269745
1759	16.7421632823264
1760	16.581565325896445
1761	16.435061777285487
1762	16.57222012868847
1763	16.5741882242598
1764	16.44674167859853
1765	16.82681786897834
1766	17.0211730605534
1767	16.65412289740253
1768	16.712007034071508
1769	16.639945206396177
1770	16.68793169487506
1771	16.52382306879769
1772	16.61847769232146
1773	16.529590116466025
1774	16.61293049980099
1775	16.259076009395567
1776	16.68171682101133
1777	16.702040130427093
1778	16.613113741815734
1779	16.55495456132454
1780	16.838526579312006
1781	16.827032282347115
1782	16.879783716529197
1783	16.538560186065773
1784	16.740062604658384
1785	16.62524512525286
1786	16.516049167497737
1787	16.795840322017558
1788	16.43598018637535
1789	16.623516117338394
1790	16.665022073179852
1791	16.50391802354753
1792	16.31124934804934
1793	16.626614849254786
1794	16.15936108824285
1795	16.407443899245987
1796	16.244369589431674
1797	16.568284472984157
1798	16.65633640816536
1799	16.763205543498888
1800	16.69282685214724
1801	16.49099468620081
1802	16.641904624385607
1803	16.40498089572135
1804	16.687551680730976
1805	16.64965371419199
1806	16.698713911544857
1807	16.53192063518001
1808	16.386245525195307
1809	16.529197436230906
1810	16.417793160014543
1811	16.627942154183852
1812	16.65959727066611
1813	16.365093140904403
1814	16.622760916969163
1815	16.70253700811441
1816	16.663173826201362
1817	16.41375274802974
1818	16.347901690836014
1819	16.562702315733823
1820	16.701922094623658
1821	16.752194637708868
1822	16.415470445236895
1823	16.393697984785312
1824	16.480967402798562
1825	16.480679720273194
1826	16.491603749425604
1827	16.712710334884715
1828	16.599053356051712
1829	16.425687491659367
1830	16.49538089169295
1831	16.481986598609637
1832	16.54193346121626
1833	16.676470005378857
1834	16.483043914678237
1835	16.63974810317056
1836	16.426885017533486
1837	16.53838109192393
1838	16.238640408687246
1839	16.84229474551646
1840	16.47545158428527
1841	16.286690141927686
1842	16.58348956003058
1843	16.42419372592283
1844	16.319038104904344
1845	16.582985976825324
1846	16.436213960587153
1847	16.344808631601573
1848	16.43033310175007
1849	16.413741493597286
1850	16.672093880776064
1851	16.31906120545451
1852	16.457155296318486
1853	16.518479160169104
1854	16.509025538916724
1855	16.336539567657283
1856	16.444915082240584
1857	16.605849275488257
1858	16.3550460415239
1859	16.81265300427204
1860	16.433198185510452
1861	16.43802783396595
1862	16.22640779240658
1863	16.533792849587925
1864	16.26308024814719
1865	16.340636892218384
1866	16.668566208465688
1867	16.3299360435926
1868	16.34246544694203
1869	16.402130396941462
1870	16.494819718932263
1871	16.457379192914175
1872	16.24799418546118
1873	16.595791009980992
1874	16.286491021302965
1875	16.446444815287666
1876	16.28374190238128
1877	16.31398543896346
1878	16.220651620744366
1879	16.24876291860022
1880	16.68807188897719
1881	16.33284519573406
1882	16.49762974928264
1883	16.365542947478033
1884	16.614553338089035
1885	16.172231667310346
1886	16.59448636806572
1887	16.449997228455906
1888	16.62785085044958
1889	16.689860741003457
1890	16.49576846074604
1891	16.269298946029753
1892	16.201438388015223
1893	16.416426876199175
1894	16.45096564229394
1895	16.608895069205417
1896	16.511597880286924
1897	16.247621914139955
1898	16.340628636354783
1899	16.025481224230173
1900	16.376756583662317
1901	16.5299775696056
1902	16.360933054981352
1903	16.403107620907505
1904	16.513611172274747
1905	16.46924495743226
1906	16.368339428432247
1907	16.639540971209758
1908	16.078445201210915
1909	16.47373688051785
1910	16.185156399219217
1911	16.28813481122419
1912	16.04487302878787
1913	16.41648045085211
1914	16.243869381753946
1915	16.269990649519784
1916	16.46750614839297
1917	16.11632464449165
1918	16.13343747371674
1919	16.271236786116617
1920	16.58283801322782
1921	16.292225363004036
1922	16.246013421977246
1923	16.485342546578877
1924	16.2958784349693
1925	16.36454693511216
1926	16.245983840145204
1927	16.584862529833547
1928	16.149862083701002
1929	16.31442532846807
1930	16.199408486141728
1931	16.65478719979082
1932	16.335235486942693
1933	16.296160374971222
1934	16.338909230900754
1935	16.370197411657195
1936	16.461185444805604
1937	16.202767903607874
1938	16.221680930504338
1939	16.500992217268763
1940	16.365394751118966
1941	16.338015470582945
1942	16.433065577419658
1943	16.541593839802484
1944	16.282904412991343
1945	16.633609684760334
1946	16.46475140295906
1947	16.410870364676757
1948	16.230063897114057
1949	16.18509613223237
1950	16.44944796440824
1951	16.341868089929765
1952	16.35054469330437
1953	16.368253804597327
1954	16.65201807797201
1955	16.245849629627145
1956	16.417220903069246
1957	16.316760441989114
1958	16.011876703611463
1959	16.30254889299623
1960	16.31289937821596
1961	16.35841950463169
1962	16.483599394189127
1963	16.388395351610107
1964	16.35733958137473
1965	16.599479226170377
1966	16.11044739888708
1967	16.61193463898402
1968	16.217458126489404
1969	16.33617311073507
1970	16.381698789972837
1971	16.12813528681219
1972	16.21980477011613
1973	16.255379807970705
1974	16.1322117334755
1975	16.522497465243674
1976	16.17139147712166
1977	16.65050942775424
1978	16.55340249436796
1979	16.18788025786235
1980	16.41404909105247
1981	16.489224298708972
1982	16.317944563855306
1983	16.33097818139252
1984	16.451156278601474
1985	16.503328662769487
1986	16.333113236366604
1987	16.1460036793846
1988	16.420273634428465
1989	16.210952097866002
1990	16.45606945420327
1991	16.39556917548209
1992	16.222972613556372
1993	16.321642504109484
1994	16.357114405118544
1995	16.288431861420545
1996	16.316310910276624
1997	15.975862951172113
1998	16.50670726992579
1999	16.427760768112865
2000	16.35907572883858
2001	16.576875980953947
2002	16.399804749400396
2003	16.462877949648817
2004	16.345405365806762
2005	16.29452320695624
2006	16.27402024718273
2007	16.219606516901056
2008	16.36867022655214
2009	16.145710845993708
2010	16.069123743829184
2011	16.427083243754872
2012	16.14873768787169
2013	16.286498114030557
2014	16.33319621815256
2015	16.187372724474212
2016	16.637372940909568
2017	16.201372259866645
2018	16.173432925379792
2019	16.21110477935732
2020	16.400461492223357
2021	16.19753114802284
2022	16.356464264060328
2023	16.154569485661245
2024	16.29846903763007
2025	16.16814866310087
2026	16.092091743537964
2027	16.45603702493917
2028	16.108994702405187
2029	16.2622822940727
2030	16.01012311402793
2031	16.255568667461944
2032	16.294747530540576
2033	16.087705495117042
2034	16.304891919625266
2035	16.127202985132588
2036	16.1101126461048
2037	16.167231625878397
2038	15.999685041066252
2039	16.445696508098525
2040	16.340905189940685
2041	16.179964534562572
2042	16.028459857557262
2043	16.057406398827126
2044	16.137004283052466
2045	16.09928404711241
2046	16.032747085497782
2047	16.32561967105134
2048	16.294328398353198
2049	16.32710892862111
2050	16.192070000008354
2051	16.32439189500107
2052	15.899155596569832
2053	16.40426191340333
2054	16.078683133894838
2055	16.236011244469402
2056	16.09766282303759
2057	16.290283423763718
2058	16.20692213075743
2059	16.315020180902575
2060	16.400566878745455
2061	16.258163262253035
2062	16.48011499582124
2063	16.325201651705605
2064	16.233790127706307
2065	16.12026349939814
2066	16.318692924772744
2067	16.288204408760315
2068	16.23168564005969
2069	16.136359747750323
2070	16.144774869043257
2071	16.312228228614437
2072	16.182281011079002
2073	16.20817447602684
2074	16.046015736370197
2075	16.145549372811203
2076	16.20735102198667
2077	16.298971580056897
2078	16.351143634572484
2079	16.230220568216513
2080	16.163535350877655
2081	16.294413324415487
2082	16.280304599257313
2083	16.367826327962312
2084	16.342594545427644
2085	16.29675382818352
2086	16.366279530238778
2087	15.884108083817624
2088	16.078439313067936
2089	16.03429761071933
2090	16.18735389684522
2091	16.241268509337097
2092	16.24640141307805
2093	16.239268440612612
2094	16.305231293060764
2095	16.25378744502538
2096	16.243774664965127
2097	16.23761695692779
2098	16.283480950720456
2099	16.285151637842965
2100	16.274781022273032
2101	16.224569603568995
2102	16.037473565544918
2103	16.22769179445355
2104	16.14041578219922
2105	16.198023738703125
2106	16.208215932191955
2107	16.10923553582772
2108	16.249198708773715
2109	16.004921183124416
2110	16.29450683234911
2111	16.28348605570732
2112	16.121517300482402
2113	16.37229728470369
2114	16.23135834613631
2115	15.930680079998055
2116	15.91112723268546
2117	16.033414564328076
2118	16.067379301810536
2119	16.14492923031269
2120	16.051882756639213
2121	15.988416525949512
2122	16.130542500859576
2123	16.15019079132149
2124	16.1697154149066
2125	16.014779921745276
2126	16.16134422623529
2127	16.14297993352184
2128	16.39947321742736
2129	15.92955681407193
2130	15.891940671416915
2131	15.986540927708779
2132	16.275246430065508
2133	16.19550027686304
2134	16.277902004774806
2135	16.296687419749766
2136	16.068078289226957
2137	16.200694693745948
2138	16.15409487940472
2139	16.16400777810706
2140	16.001453137582835
2141	16.02366922408948
2142	16.0639963735272
2143	16.27841891434805
2144	16.06415137757625
2145	16.11280528334726
2146	16.08660821942211
2147	16.231797270985002
2148	16.23345897193915
2149	16.304050267097356
2150	16.27895472869321
2151	16.225992119859743
2152	16.064534875778907
2153	16.181102991145856
2154	16.035229328734502
2155	16.211042862913942
2156	16.134264534300772
2157	16.003319632927994
2158	16.148295724278938
2159	16.233687559933056
2160	16.33543074737872
2161	16.027133156876577
2162	15.995030124952628
2163	16.12191630110121
2164	16.034352084535065
2165	16.095827818972303
2166	16.344950261173206
2167	16.11645449004259
2168	15.90205578941145
2169	16.099291980786152
2170	16.143085394255092
2171	16.098504034217015
2172	16.438041830380204
2173	15.889959266599352
2174	15.93602403975921
2175	16.156776513761134
2176	16.302828595622525
2177	16.104806229479774
2178	16.31866178402755
2179	15.889795159862473
2180	16.34132769846295
2181	15.994193962893785
2182	16.135031924339913
2183	16.04096135540869
2184	16.331867171294018
2185	15.920596769193425
2186	16.06457596236453
2187	16.220320415818108
2188	16.005357479336805
2189	16.01195485682453
2190	16.061123769401213
2191	16.095983941651564
2192	16.249105460735514
2193	16.12743300399855
2194	16.123747655065785
2195	15.945969154231591
2196	15.816366493744804
2197	16.048538655799394
2198	16.295895894632306
2199	16.13102037916941
2200	16.178502852614283
2201	16.030769744408378
2202	16.561961063877412
2203	16.16555859692493
2204	16.25967787242061
2205	15.92232192500697
2206	16.143951271163196
2207	16.01815930040982
2208	16.21923250197656
2209	16.161528004213615
2210	16.314411575908004
2211	15.926013738405274
2212	16.210992951952978
2213	16.088197624439495
2214	16.173210951832324
2215	16.07436250976686
2216	16.048003081047526
2217	16.058785055312626
2218	15.839262088595689
2219	16.146643977165876
2220	16.05502096431574
2221	16.047654451180403
2222	16.15381990604664
2223	15.781954342384848
2224	16.334186573266653
2225	16.033490868567963
2226	16.049969106062782
2227	15.896603960905416
2228	16.280652129027285
2229	15.984336929883932
2230	15.980405610190838
2231	15.879281754586765
2232	16.259886568232847
2233	15.875937035007903
2234	15.960214664766925
2235	16.18784536232139
2236	15.892901377656692
2237	16.072523856664443
2238	15.999767613078868
2239	15.955723041596308
2240	15.936248151506033
2241	16.10117412602695
2242	16.06549446585126
2243	16.373273369447197
2244	16.119490994756173
2245	16.17323452644326
2246	16.262850713150712
2247	15.77763069467645
2248	16.037754762019183
2249	15.8091553025802
2250	15.929177395261899
2251	15.573493664738937
2252	15.965877493791849
2253	15.98745358574779
2254	15.928290763979131
2255	16.25396309896657
2256	16.170483083274824
2257	16.130659000664668
2258	15.858158511002943
2259	16.086226721072126
2260	16.016644262718515
2261	15.934174945566832
2262	15.801812036565755
2263	16.131139995482464
2264	15.971792861055407
2265	15.885052501303877
2266	15.98867514742751
2267	16.08943364963507
2268	15.802210833848658
2269	15.829527388398565
2270	16.14846979209293
2271	16.147995369546713
2272	16.029625479318312
2273	16.003814731674588
2274	15.891681803422848
2275	16.105289014195286
2276	15.959398676234967
2277	15.881361588186316
2278	15.861486592685374
2279	15.8575392657784
2280	16.09665147726002
2281	16.1839896124131
2282	15.911662058387998
2283	16.04780006282806
2284	16.025867729562886
2285	15.859607235700725
2286	16.047216395768785
2287	16.06584387153356
2288	16.000525807738644
2289	16.08254635657378
2290	15.96785672018611
2291	16.08664305479509
2292	16.11442390204341
2293	16.02914414119072
2294	16.19094205606836
2295	15.78615678865751
2296	15.850267035425041
2297	15.760951738008794
2298	15.957388365323473
2299	16.07974877298041
2300	16.28798999312589
2301	15.856251245191052
2302	16.392902271109158
2303	15.846101803707448
2304	16.121606438411398
2305	15.89402274099399
2306	15.81529778457243
2307	16.11396063120459
2308	16.012210872694464
2309	15.991156454389468
2310	16.233308316467706
2311	15.938620840704575
2312	15.942515474079814
2313	16.118723744541487
2314	16.2021002457075
2315	16.333130322630705
2316	15.987790180668778
2317	15.880386377812105
2318	16.059014889231314
2319	15.950386953616405
2320	16.082245586609393
2321	15.92015631944706
2322	16.028023909564425
2323	16.176272513529753
2324	16.14492302610957
2325	15.96535285494806
2326	16.097008365824667
2327	16.077610319946608
2328	16.133353162680535
2329	15.975411768974155
2330	16.175246399584523
2331	16.015510340791185
2332	16.058397229269758
2333	16.091409444066535
2334	16.128825411000836
2335	16.189512597658887
2336	15.97005870293924
2337	15.883242288146617
2338	15.445085187459199
2339	15.930486646557467
2340	15.786257723984507
2341	15.821697261339313
2342	15.982147848263073
2343	15.906051154965034
2344	16.052898664012723
2345	15.964018028998584
2346	16.059096487754953
2347	15.956021995223061
2348	16.063988901419787
2349	15.837901499033958
2350	15.944638421737116
2351	15.908031918095276
2352	15.862628989455091
2353	15.787373966234197
2354	16.002048951000607
2355	15.863037380960424
2356	15.86194144802914
2357	16.139026697892614
2358	15.911655734453094
2359	15.97977383358086
2360	15.948874677259754
2361	16.076681349236765
2362	16.053458444956284
2363	16.049689224091086
2364	15.778989541119111
2365	15.942012069616712
2366	15.907407245428585
2367	15.855989855245447
2368	15.917680123933499
2369	16.00235867330273
2370	15.745070718884666
2371	15.88181327964795
2372	16.00739926351222
2373	15.942827048605995
2374	15.955806211999024
2375	16.044116030024608
2376	15.823094021649524
2377	15.827370709588767
2378	16.089910534223062
2379	16.107611542401873
2380	15.88446125674674
2381	15.967896610898356
2382	16.04412875076045
2383	15.936053115052102
2384	15.796273362688087
2385	15.94616273140755
2386	15.701878647026541
2387	15.876336587692515
2388	16.045795386890433
2389	15.99349471586783
2390	15.939351103735365
2391	15.806099661174992
2392	15.928384895584554
2393	16.25952878714609
2394	15.873254369107977
2395	15.82197312119028
2396	16.04614147641817
2397	15.844791224460913
2398	16.02135185621658
2399	16.079582820726284
2400	15.93369276243089
2401	16.01914939435881
2402	16.11173573254326
2403	15.971571904839612
2404	15.92644235439383
2405	15.740809934093447
2406	15.81497674177792
2407	15.899458736361883
2408	15.90673175365727
2409	15.91842204626486
2410	16.06246098086744
2411	15.736662421373863
2412	15.87407423289993
2413	15.975710139986761
2414	15.970983521263967
2415	16.07247457195693
2416	16.002084028604465
2417	15.886399276918352
2418	15.882392323002039
2419	16.100269397124183
2420	15.87993818475142
2421	15.9067432336357
2422	15.918462032028868
2423	16.028377123520293
2424	15.818990227638377
2425	15.846164236770695
2426	15.898292906373356
2427	16.215262479968544
2428	16.122882995516424
2429	15.893194138774698
2430	15.849206727954106
2431	15.765023751770729
2432	15.99931558092337
2433	15.919131389917654
2434	15.877613869896548
2435	15.638916146736761
2436	16.04105554065325
2437	15.862884883219653
2438	15.765809567401346
2439	16.11456150620697
2440	15.953626345877497
2441	15.954352675496713
2442	15.948370071391935
2443	15.744647415183552
2444	15.754304345115344
2445	16.042312475779834
2446	15.902034150465644
2447	16.020017507079935
2448	15.882924053740295
2449	15.976551254447278
2450	16.039890132822475
2451	15.764793391097134
2452	15.823235370324733
2453	16.173329333617392
2454	15.886841470110577
2455	15.922096357367174
2456	15.763601882723552
2457	16.16014148541375
2458	15.773206025235195
2459	15.894513712625496
2460	16.098653022745847
2461	16.01658706823438
2462	15.93622920605945
2463	15.965684429922632
2464	15.863722730196912
2465	15.915502037629297
2466	15.906247683271172
2467	15.961789418118023
2468	16.021913022876394
2469	16.083263782158514
2470	15.77060175316156
2471	15.905728340551358
2472	15.993183930782429
2473	15.985271410120557
2474	15.790544766218611
2475	15.942551080985256
2476	15.927215138992539
2477	15.849876387664075
2478	15.829050276705706
2479	15.943543340096188
2480	15.713362297480083
2481	15.88570381883199
2482	15.813174656011782
2483	15.739970159655847
2484	15.847846592474543
2485	15.941259798954567
2486	15.791257067824516
2487	15.797708933972505
2488	15.722907051373737
2489	15.80071584950258
2490	15.962936873063166
2491	15.93412941082694
2492	15.774836276742677
2493	15.678679137884835
2494	15.904913996332972
2495	15.799756745789626
2496	15.854901907989642
2497	15.902824347852013
2498	15.655168150569182
2499	15.78771945194451
2500	15.811483629306812
2501	16.056767669014715
2502	15.849576478821769
2503	15.978849409971625
2504	16.10595879004332
2505	15.923667607507744
2506	15.992270945513134
2507	15.840901420511619
2508	16.0940260816593
2509	16.07804994538306
2510	15.875983064942567
2511	16.02119285502298
2512	15.91949325858149
2513	15.497485120253602
2514	16.192893930174314
2515	15.80613244019623
2516	15.956189346665614
2517	15.995227953805642
2518	15.875183875379864
2519	15.61718738343697
2520	15.94869142524361
2521	15.709007842730523
2522	15.75730383551466
2523	15.9341619122208
2524	15.889580387342203
2525	15.800440312775642
2526	15.744569283468557
2527	15.90638325946787
2528	15.892611240541324
2529	15.97478846525322
2530	15.695313379626377
2531	16.171008652197838
2532	15.912845153997552
2533	15.92386006812512
2534	16.095752147603015
2535	15.935286208039921
2536	16.015359906085937
2537	16.006059490890873
2538	16.04430330188464
2539	15.807725335246966
2540	15.939996299111831
2541	15.854294729755503
2542	15.855294468119705
2543	15.807374412619604
2544	15.858598137410729
2545	15.668243915852997
2546	16.00870784503449
2547	15.887464097957643
2548	15.878902400145947
2549	15.880511151403706
2550	15.774003340071795
2551	15.859368601806525
2552	15.556320831720354
2553	15.858131296265777
2554	15.471037420667148
2555	16.00343918399129
2556	15.990480448253503
2557	15.866205588117248
2558	15.55498852860599
2559	15.96707953894661
2560	15.540821783836297
2561	15.878543859578745
2562	16.035835512680254
2563	15.5746754267492
2564	15.720232900661935
2565	15.991164928595223
2566	15.809072499827785
2567	15.94396641842574
2568	15.686137678062668
2569	16.00275143190785
2570	15.879959586638558
2571	15.825465448645726
2572	15.802956171304457
2573	15.977582698390522
2574	15.606319841713923
2575	15.903395904513813
2576	15.87047831821956
2577	16.074921978307675
2578	15.860605872118484
2579	15.79278467771207
2580	15.804407003023556
2581	15.747265070692741
2582	15.868399277342094
2583	15.73341704750234
2584	15.713628136707037
2585	15.866530001059607
2586	16.088232960296647
2587	15.833474489582022
2588	15.838155689233108
2589	15.803005592641593
2590	15.621460972314738
2591	15.745699378140664
2592	16.130705983121473
2593	15.88958012162365
2594	15.664258513577051
2595	15.745238046374062
2596	15.686579261455668
2597	15.674655509700614
2598	15.780404066341369
2599	15.95280781347306
2600	15.986341022499529
2601	15.655673334077923
2602	15.707629556202251
2603	15.897946023829425
2604	15.914210850520293
2605	15.88153329130491
2606	15.65609027048961
2607	15.84031820387498
2608	15.986979179062558
2609	15.9383855180854
2610	15.693179522228341
2611	15.788698282999293
2612	15.899026117021435
2613	15.72789356900944
2614	15.826287073044432
2615	15.610513618480818
2616	15.72029421886831
2617	15.712246501779424
2618	15.813561984478469
2619	15.880014760202567
2620	15.603842195368074
2621	15.802103369409874
2622	15.81210203670656
2623	15.769276977904715
2624	15.859762316996212
2625	15.746759281407028
2626	15.913248708208874
2627	15.809204729276328
2628	15.872121859070015
2629	15.47596466521171
2630	15.623627955268779
2631	15.677481070290865
2632	15.756846475896426
2633	15.784651772935494
2634	15.886526994279368
2635	15.54362582543274
2636	15.727262333801868
2637	15.779199496634975
2638	15.879119749652773
2639	15.524619528388554
2640	15.721297699417802
2641	15.861815255397678
2642	15.855117630906891
2643	15.634300035426053
2644	15.715518209531396
2645	15.853987589226156
2646	15.589287012415163
2647	15.621635218838977
2648	15.619558928944945
2649	15.68435125167863
2650	15.699440941012371
2651	15.908408885053998
2652	15.859034683237551
2653	16.038564194127147
2654	15.597647346083956
2655	15.803261356443182
2656	15.465270065254195
2657	15.752964589500818
2658	15.811008017089916
2659	15.814203190725026
2660	15.666631634650258
2661	15.919615627049557
2662	15.670951413085918
2663	15.676733316940535
2664	15.831085954183417
2665	15.805128130212813
2666	15.767335284170622
2667	15.764127460074263
2668	15.735169736820291
2669	15.814062231890393
2670	15.76710642760078
2671	15.792322975543284
2672	15.438826514200038
2673	15.718094586681676
2674	15.649088277811774
2675	15.83944607440232
2676	15.547929852024037
2677	15.567515146074594
2678	15.869432155717627
2679	15.60633675680996
2680	15.69374587998353
2681	15.800708364443626
2682	15.722098261605145
2683	15.633956310357922
2684	15.843571658527535
2685	15.722468539143046
2686	15.708062025189042
2687	15.801234243783759
2688	15.827865780124347
2689	15.824094719223545
2690	15.754364751122921
2691	15.795168524268579
2692	15.668107670671327
2693	15.83563799638433
2694	15.661363524466164
2695	15.617417806531671
2696	15.683455552375687
2697	15.92257716889063
2698	16.034715947564344
2699	15.89508480771433
2700	15.564839309872902
2701	15.628051950164322
2702	15.70913173245352
2703	15.528416754405384
2704	15.625729289027039
2705	15.53552892542956
2706	15.770725928424
2707	15.721399957159568
2708	15.749109118419804
2709	15.601952230521668
2710	15.46316811864617
2711	15.569805185734916
2712	15.840528929862089
2713	15.74086956992404
2714	15.743413519272687
2715	15.67404432457712
2716	15.725831196152424
2717	15.754738376936116
2718	15.661892353255684
2719	15.661759712347811
2720	15.49803887636693
2721	15.764461649510487
2722	15.494047211085247
2723	15.686035862655993
2724	16.113662199438686
2725	15.751048675169695
2726	15.906910451149207
2727	15.652040201379078
2728	15.944883164733495
2729	15.744360405641775
2730	15.642988850698247
2731	15.77162005463231
2732	15.628238716734286
2733	15.610800995603547
2734	15.828795726210313
2735	15.6554528856274
2736	15.716087089272284
2737	15.542136751728039
2738	15.4546005033286
2739	15.789127707280388
2740	15.581719943273857
2741	15.581496575792473
2742	15.65721193351269
2743	15.624517052047551
2744	15.617173606218396
2745	15.870413194507572
2746	15.789751115971704
2747	16.0484009786105
2748	15.82314643658279
2749	15.763937695077232
2750	15.717923019908863
2751	15.70326592109478
2752	15.442171319829988
2753	15.760385372358893
2754	15.810562689837354
2755	15.59816957549582
2756	15.764188807343405
2757	15.72243757258401
2758	15.484284827909011
2759	15.724092510362151
2760	15.692719341496275
2761	15.628923174068309
2762	15.725014909670179
2763	15.572752023586386
2764	15.609752907939273
2765	15.474388903199825
2766	15.53321440001084
2767	15.471830394428824
2768	15.5601402615884
2769	15.712880880492301
2770	15.694753864951156
2771	15.641061957007915
2772	15.881827884472928
2773	15.740418450932902
2774	15.850349019028139
2775	15.621968751951382
2776	15.703994604928825
2777	15.583374115860963
2778	15.752484289415666
2779	15.876573272881853
2780	15.64271281135209
2781	15.81326238473983
2782	15.764824051006102
2783	15.628818046377665
2784	15.76073149148464
2785	15.864532145528853
2786	15.670719319822853
2787	15.567422750270584
2788	15.508341967065945
2789	15.720352354294958
2790	15.666198815274502
2791	15.66190378878356
2792	15.865627943768956
2793	15.771759182078398
2794	15.665253692446763
2795	15.675097616603303
2796	15.583953894219293
2797	15.475873651995908
2798	15.71739327367491
2799	15.758096261417915
2800	15.796546913026667
2801	15.721916794649491
2802	15.699805667429832
2803	15.686927586366995
2804	15.829710360133582
2805	15.740440853342784
2806	15.629387976816863
2807	15.649956830027856
2808	15.988483606069636
2809	15.481074228162978
2810	15.56652952085891
2811	15.686004022105642
2812	15.671092412593925
2813	15.57568649267746
2814	15.668493720142624
2815	15.555523259570242
2816	15.598047160764645
2817	15.431237575930254
2818	15.568430872742383
2819	15.69007979417775
2820	15.66315010062424
2821	15.697443191826007
2822	15.719686329501608
2823	15.592402698945724
2824	15.654006014629035
2825	15.749755503138347
2826	15.778153417011373
2827	15.834231880106405
2828	15.566152603106454
2829	15.426801813181047
2830	15.748064161004043
2831	15.557380742645664
2832	15.576173376856113
2833	15.649143209260043
2834	15.582254616102473
2835	15.458439898666821
2836	15.535629463013052
2837	15.77330887559072
2838	15.587943137046786
2839	15.684559894334948
2840	15.762758409566885
2841	15.587716237925404
2842	15.680390575782488
2843	15.647639254587869
2844	15.417348473297679
2845	15.53198621788491
2846	15.809830037672238
2847	15.40434409194414
2848	15.82465889904023
2849	15.640121065928401
2850	15.567384728384944
2851	15.703050861633944
2852	15.628449818613351
2853	15.680415913768003
2854	15.560158478564425
2855	15.613820438290311
2856	15.493822809388613
2857	15.661922273860892
2858	15.64271340926568
2859	15.455324008594362
2860	15.497606585003691
2861	15.259838523962822
2862	15.605185173426062
2863	15.70272501385853
2864	15.664506332515097
2865	15.615676078414518
2866	15.809239400955892
2867	15.600092430712268
2868	15.589827388386505
2869	15.499261271179947
2870	15.49899227559125
2871	15.47173740901554
2872	15.857081523311642
2873	15.671795406701094
2874	15.511928386696026
2875	15.78345309276871
2876	15.528864067530066
2877	15.727451002406553
2878	15.57672625992705
2879	15.817886716035536
2880	15.683803067343874
2881	15.638337737368683
2882	15.495045983051469
2883	15.715585211295709
2884	15.284500351525367
2885	15.725467933561026
2886	15.631492225404063
2887	15.325216032565034
2888	15.454966024962344
2889	15.409375261096429
2890	15.721297514671106
2891	15.624113121477409
2892	15.568285571410565
2893	15.490008040301026
2894	15.302582554670924
2895	15.607590257700338
2896	15.807213371201053
2897	15.276789474311876
2898	15.84037323907631
2899	15.841001176035785
2900	15.575987549758386
2901	15.727540558242008
2902	15.960249717226493
2903	15.728299419600747
2904	15.463324597755788
2905	15.582415000573409
2906	15.307556049902706
2907	15.452396988493165
2908	15.448654587290275
2909	15.568423669056086
2910	15.529172967103005
2911	15.735264379936732
2912	15.774531169372414
2913	15.679671744508783
2914	15.60499581106336
2915	15.663456607060574
2916	15.679183500514357
2917	15.65030163618925
2918	15.553168408022634
2919	15.678585377698933
2920	15.511912905148842
2921	15.677581350643276
2922	15.504673706402517
2923	15.486195440065186
2924	15.538752756648776
2925	15.684667026924673
2926	15.643244378817874
2927	15.624442913186888
2928	15.712530056156414
2929	15.653309686321148
2930	15.57997836351282
2931	15.703211991931006
2932	15.57010153453096
2933	15.828821054183194
2934	15.553693933239838
2935	15.827011966742402
2936	15.86168284713171
2937	15.406419209525055
2938	15.675988085060258
2939	15.480162211779694
2940	15.548397996493893
2941	15.57884977174671
2942	15.65287195287332
2943	15.643525922350454
2944	16.04535370438298
2945	15.65761302231772
2946	15.76720503870772
2947	15.530668799200598
2948	15.445923194738503
2949	15.713090497742765
2950	15.60690172640015
2951	15.654082528883968
2952	15.605674516454354
2953	15.677087999290368
2954	15.697228924690913
2955	15.627088821865003
2956	15.637206026282936
2957	15.784120868845337
2958	15.68861417660366
2959	15.616226982165541
2960	15.611014418583443
2961	15.572248999042232
2962	15.418379670550538
2963	15.571562611329732
2964	15.325166618494107
2965	15.749588585016017
2966	15.372076404850327
2967	15.639904238638527
2968	15.565912858654062
2969	15.714725958806357
2970	15.51829562416161
2971	15.613641998640473
2972	15.716601508502972
2973	15.7625849599989
2974	15.591354931963506
2975	15.714187294095098
2976	15.627019257957546
2977	15.66114590295422
2978	15.639525315949761
2979	15.509225991188035
2980	15.806273860582563
2981	15.75097859104982
2982	15.799434431335989
2983	15.483250782546353
2984	15.612967622851277
2985	15.758878540847311
2986	15.41683582426128
2987	15.63942579309498
2988	15.522900887324235
2989	15.467420130905026
2990	15.713628495312072
2991	15.606710535882918
2992	15.685227352477314
2993	15.646595308902127
2994	15.584973134193097
2995	15.815840967385606
2996	15.413871415820298
2997	15.662494102291694
2998	15.6033718408563
2999	15.504731197248033
3000	15.41143747640123
3001	15.437461851959952
3002	15.398456352840398
3003	15.54739892485106
3004	15.887685869698252
3005	15.683120541960003
3006	15.408007304360613
3007	15.436861524686647
3008	15.6570621452018
3009	15.606303280556789
3010	15.571554778509292
3011	15.893805275178392
3012	15.557517873196979
3013	15.469855032842489
3014	15.656473277418698
3015	15.390851596521719
3016	15.234171053398754
3017	15.52013503786642
3018	15.820185568543856
3019	15.583163601247298
3020	15.910718430720793
3021	15.566321866205087
3022	15.484906729944305
3023	15.422729532183157
3024	15.503868891665851
3025	15.463162640639007
3026	15.738717448718024
3027	15.45711995071221
3028	15.562887834134024
3029	15.41478894759039
3030	15.575220187326051
3031	15.506346683790206
3032	15.714825180543848
3033	15.442676645782319
3034	15.674290251916625
3035	15.678392179731796
3036	15.510645460204826
3037	15.559586765090305
3038	15.598451046146971
3039	15.776292951584944
3040	15.47005814614625
3041	15.666117145228343
3042	15.440120971680086
3043	15.388570502503807
3044	15.398782868578252
3045	15.508361948486389
3046	15.570352206652553
3047	15.54607327853508
3048	15.510965563493372
3049	15.467163788930627
3050	15.57106236647413
3051	15.696170974615411
3052	15.787324952755288
3053	15.616425918258031
3054	15.715117584152797
3055	15.646189681725998
3056	15.711519431994141
3057	15.635199320143311
3058	15.643170055899608
3059	15.691758289397614
3060	15.563836274349379
3061	15.516041518842117
3062	15.601526772625903
3063	15.552519365358412
3064	15.572380386836654
3065	15.50720120133112
3066	15.767570986654572
3067	15.5198527121906
3068	15.585701857472094
3069	15.412484916062411
3070	15.742399911640769
3071	15.407729169620104
3072	15.47101520494606
3073	15.364716709632697
3074	15.27239509273866
3075	15.446760779166775
3076	15.61923616460861
3077	15.640154271286471
3078	15.376246976794011
3079	15.474229668529341
3080	15.527219107913913
3081	15.520951062291655
3082	15.560853101545407
3083	15.598718567761946
3084	15.424151587048822
3085	15.46428823196175
3086	15.511091870441852
3087	15.716892420957983
3088	15.334391507103822
3089	15.507445469075279
3090	15.477308484044512
3091	15.477398769444523
3092	15.548069017847029
3093	15.594711065369237
3094	15.411086409969322
3095	15.434610734951509
3096	15.58181006369136
3097	15.551198841994955
3098	15.654627852893507
3099	15.616976311002059
3100	15.42113423784621
3101	15.492311378131992
3102	15.557616287180087
3103	15.400719003319946
3104	15.434342068278655
3105	15.49535577263158
3106	15.486694738902406
3107	15.53594911675492
3108	15.513873353301667
3109	15.415025001889543
3110	15.489196018701906
3111	15.500435214291272
3112	15.612080671035452
3113	15.584877285090931
3114	15.492402366190879
3115	15.482132607179198
3116	15.597206381263833
3117	15.61636676005358
3118	15.632087536236902
3119	15.326757175910428
3120	15.54711417809291
3121	15.565448251871466
3122	15.445335402063147
3123	15.678673528021019
3124	15.773739003021165
3125	15.422924317557065
3126	15.254635907361086
3127	15.580101663335325
3128	15.678254597333806
3129	15.509198213050961
3130	15.545309133271417
3131	15.393712558053972
3132	15.664930964335902
3133	15.246504834432121
3134	15.344610426303054
3135	15.600831073676238
3136	15.895167902665868
3137	15.516654528921455
3138	15.419560135537626
3139	15.52054422042735
3140	15.436869747068345
3141	15.734493182648993
3142	15.444001547253702
3143	15.348628594229595
3144	15.478565568928554
3145	15.390162427871868
3146	15.340431865037598
3147	15.568117935628523
3148	15.275657172949078
3149	15.496063121148026
3150	15.819412539713023
3151	15.360592440770876
3152	15.480944824516188
3153	15.487791155499998
3154	15.527294458294712
3155	15.440950728192298
3156	15.454154440646644
3157	15.667194973731043
3158	15.292552023277153
3159	15.815860560202152
3160	15.377258474213237
3161	15.372909456492156
3162	15.37679601934566
3163	15.792438456685215
3164	15.545716585829888
3165	15.519171447251216
3166	15.512019987814494
3167	15.560363793779926
3168	15.539746766302548
3169	15.601824567590967
3170	15.526235312144752
3171	15.580443256289573
3172	15.601140041981331
3173	15.410242427156248
3174	15.605352035761856
3175	15.668139423438996
3176	15.467627872485382
3177	15.596166989700363
3178	15.462229490995076
3179	15.618198937336212
3180	15.382541149780788
3181	15.650809599313666
3182	15.495323871772952
3183	15.635477771419204
3184	15.721695230221203
3185	15.485900867844146
3186	15.300902541937301
3187	15.4077605795472
3188	15.587630475399973
3189	15.641773115115239
3190	15.466586069523922
3191	15.553653522234493
3192	15.376832132797793
3193	15.51085779312232
3194	15.362688181376047
3195	15.69506306472973
3196	15.662518554702396
3197	15.59178433037724
3198	15.351365873558704
3199	15.327409634270904
3200	15.56369336658259
3201	15.501754692584933
3202	15.465955330760504
3203	15.312574047050482
3204	15.580192903784095
3205	15.325654284967403
3206	15.393873098588886
3207	15.592381881653575
3208	15.635237758977858
3209	15.583242706778039
3210	15.705697299124775
3211	15.44282160659538
3212	15.52138995897781
3213	15.472199866167488
3214	15.540861259826876
3215	15.231955938883265
3216	15.431921589163371
3217	15.307760472966393
3218	15.219362837279219
3219	15.516454317081582
3220	15.247794413637102
3221	15.223598225868622
3222	15.240811259246858
3223	15.562894450341698
3224	15.457232579196672
3225	15.454819562297576
3226	15.47451536495595
3227	15.610366268262652
3228	15.436099525201584
3229	15.492641111067867
3230	15.843503487459996
3231	15.817591821085845
3232	15.306440684589873
3233	15.354899827900017
3234	15.568053102965479
3235	15.413216303842361
3236	15.453004414942757
3237	15.457451424577693
3238	15.442703311714823
3239	15.502128758790217
3240	15.390947082651051
3241	15.692641345903223
3242	15.258623225185751
3243	15.529879103777438
3244	15.436301646087863
3245	15.364991083326318
3246	15.647634804927153
3247	15.449760862656321
3248	15.387482677520056
3249	15.419648013573012
3250	15.403540260379074
3251	15.259578278166117
3252	15.511184444425227
3253	15.369608454377783
3254	15.449513337999832
3255	15.524840557611345
3256	15.544890916898277
3257	15.228568286208816
3258	15.433964227414963
3259	15.438259899073321
3260	15.382230701811876
3261	15.594028223727799
3262	15.46070088303286
3263	15.524208681338287
3264	15.418805269991312
3265	15.590332525651677
3266	15.442430063371422
3267	15.63163468547243
3268	15.219065831388233
3269	15.62649407233536
3270	15.345013774004043
3271	15.083988127365796
3272	15.497148114871756
3273	15.491437277923405
3274	15.426378658797008
3275	15.630102900717178
3276	15.365559364920692
3277	15.777796090856752
3278	15.481847677052995
3279	15.682523946121156
3280	15.740213974797875
3281	15.530714412880863
3282	15.481088009937794
3283	15.309484109964563
3284	15.05429819634026
3285	15.521679044798752
3286	15.461106624881497
3287	15.622571210275828
3288	15.406664341164662
3289	15.299530832929516
3290	15.409526990966878
3291	15.644586588403369
3292	15.512670453872932
3293	15.477737130452736
3294	15.571075358420783
3295	15.347680348805607
3296	15.270854639023668
3297	15.1210738349301
3298	15.365902887931002
3299	15.463639423695385
3300	15.583939425932556
3301	15.58112546133036
3302	15.607630102136845
3303	15.594874633217197
3304	15.710238679212226
3305	15.576585719061033
3306	15.248896313255486
3307	15.52865322105804
3308	15.595366325842075
3309	15.455656938077386
3310	15.51658374494945
3311	15.614550674140292
3312	15.49921417579954
3313	15.289267534869895
3314	15.521879333301714
3315	15.478182049050202
3316	15.440279803788917
3317	15.672024230986093
3318	15.713740411095658
3319	15.286718418884382
3320	15.2241617316392
3321	15.476975014515899
3322	15.434291556825523
3323	15.49557641653134
3324	15.417368985343673
3325	15.374382638498462
3326	15.416069810561742
3327	15.522466109245913
3328	15.48955372192438
3329	15.557360050154422
3330	15.513933971411328
3331	15.631074686451774
3332	15.395823015722323
3333	15.420163495988117
3334	15.626312860613277
3335	15.653264456122521
3336	15.520537119928996
3337	15.45701996768948
3338	15.564469367758765
3339	15.295694182328665
3340	15.341623201572176
3341	15.272154958463126
3342	15.473463215543076
3343	15.356192139525497
3344	15.759032718075456
3345	15.341851126013532
3346	15.643488163506348
3347	15.444259301447852
3348	15.389520455291663
3349	15.358745184017762
3350	15.320119623658215
3351	15.370817582571286
3352	15.341874514706278
3353	15.576749784825418
3354	15.388456538669715
3355	15.374870485549268
3356	15.388691373915563
3357	15.303171754189611
3358	15.239452615022088
3359	15.344377235745991
3360	15.647591798043582
3361	15.53980656359939
3362	15.118011178372576
3363	15.62800738495352
3364	15.235547281004624
3365	15.421658929507316
3366	15.42029447805344
3367	15.505001182011615
3368	15.421119921746987
3369	15.40601919277544
3370	15.440485058391532
3371	15.479185792380651
3372	15.290426549800712
3373	15.320616411995115
3374	15.423446090824692
3375	15.046739598336629
3376	15.319731656207011
3377	15.416650163956314
3378	15.305392469260306
3379	15.79225404308314
3380	15.593034131736557
3381	15.277193976577978
3382	15.565851826929267
3383	15.176555491262562
3384	15.393241917312
3385	15.256077030074522
3386	15.330828960266132
3387	15.222458072851648
3388	15.629632735965897
3389	15.71767886593108
3390	15.530833853644891
3391	15.562363143626051
3392	15.378181402198182
3393	15.41807661886049
3394	15.443038706635274
3395	15.59649684800155
3396	15.524054578420674
3397	15.52670392387479
3398	15.530333306762417
3399	15.300566285539636
3400	15.3537669028963
3401	15.444223310659545
3402	15.26866201241233
3403	15.451387281648786
3404	15.518540937350075
3405	15.314986535918896
3406	15.566310482227925
3407	15.370433866342873
3408	15.31704599528885
3409	15.439166678840847
3410	15.396797303808286
3411	15.37530354878463
3412	15.448201589924949
3413	15.467976179111142
3414	15.580236263715223
3415	15.248164847871893
3416	15.375064144825036
3417	15.287207586727046
3418	15.188863487813292
3419	15.381377247899392
3420	15.383041201428792
3421	15.19631239659692
3422	15.527786797468167
3423	15.38699950037805
3424	15.484732127923316
3425	15.441024830134497
3426	15.551223434514242
3427	15.580863264024336
3428	15.444894468246389
3429	15.276980667024949
3430	15.255411063310012
3431	15.404127008623918
3432	15.368230505695115
3433	15.431960618370516
3434	15.560141797950898
3435	15.021674200379884
3436	15.320066441350521
3437	15.494788481024937
3438	15.483461277613545
3439	15.320098666326498
3440	15.319434973987901
3441	15.785162817323831
3442	15.627227429915619
3443	15.342519017849176
3444	15.635997392128424
3445	15.484299501799427
3446	15.639447428849614
3447	15.421432098299787
3448	15.502027561327674
3449	15.526486981574784
3450	15.53672890887794
3451	15.420584954646657
3452	15.36270219279013
3453	15.398763877552106
3454	15.213803328583902
3455	15.491014148505906
3456	15.388278260097842
3457	15.55264216840775
3458	15.568127064430922
3459	15.396818047748585
3460	15.571440849409308
3461	15.226740815113748
3462	15.33354405256741
3463	15.296406257417864
3464	15.448848755883096
3465	15.551716243759039
3466	15.639660080695585
3467	15.378746238264666
3468	15.491924223403625
3469	15.333515956927817
3470	15.524678910769016
3471	15.451751550737344
3472	15.42462933442737
3473	15.449346590484362
3474	15.490517267891654
3475	15.473140656460137
3476	15.387695150612032
3477	15.306607586630317
3478	15.229712263543538
3479	15.50057496005042
3480	15.401791051675813
3481	15.410834721609795
3482	15.319383215792252
3483	15.32954546904902
3484	15.546840695016062
3485	15.380613601922802
3486	15.465373181938556
3487	15.555215674075166
3488	15.113055090121314
3489	15.493770608275875
3490	15.386292460725027
3491	15.535582911811993
3492	15.327038331182072
3493	15.444523438527295
3494	15.29454793290652
3495	15.31501708766037
3496	15.293444434641865
3497	15.54852966963492
3498	15.328130593754283
3499	15.278112509751745
3500	15.30325878933597
3501	15.476123965099417
3502	15.369611574077057
3503	15.142697622172562
3504	15.374205404750263
3505	15.415957631707524
3506	15.243228772348921
3507	15.387686523030004
3508	15.185305157191381
3509	15.267551643153592
3510	15.33969638430689
3511	15.281666343946307
3512	15.233052741584736
3513	15.264289448558676
3514	15.461296881980624
3515	15.288282667191858
3516	15.433732021664776
3517	15.115549652208777
3518	15.095406440846364
3519	15.52194536907387
3520	15.192758683522113
3521	15.398997239835355
3522	15.510341027898114
3523	15.629248028436995
3524	15.515026420354385
3525	15.556918358355883
3526	15.24077487498507
3527	15.369524257696614
3528	15.53202510008181
3529	15.315255649159866
3530	15.353162430085304
3531	15.46971732469268
3532	15.375268210197968
3533	15.433066647006656
3534	15.53113841742704
3535	15.427542632707393
3536	15.326759643741624
3537	15.478356123142074
3538	15.80585709776675
3539	15.488207861626192
3540	15.349418677503216
3541	15.261976371519149
3542	15.169707286042069
3543	15.281891384857705
3544	15.461891235937427
3545	15.584578648946628
3546	15.364394911616982
3547	15.319171010827455
3548	15.205994624543665
3549	15.266358190146981
3550	15.430896713931986
3551	15.35542696126043
3552	15.4766712822441
3553	15.346778087063454
3554	15.360244126994136
3555	15.405360131781077
3556	15.356885212661771
3557	15.498742288353249
3558	15.269279297908538
3559	15.421520917074046
3560	15.21990117191321
3561	15.338309003600891
3562	15.385322722199971
3563	15.088552216877146
3564	15.550769487466633
3565	15.20312384147732
3566	15.379161057053343
3567	15.483657386329021
3568	15.418891759032276
3569	15.438079282300887
3570	15.54635457621422
3571	15.481210269206812
3572	15.454331154901809
3573	15.223894710703332
3574	15.210873534875622
3575	15.227517982558114
3576	15.17639597415547
3577	15.253618067960984
3578	15.36376899254098
3579	15.210298957287238
3580	15.110650819485388
3581	15.258186675812857
3582	15.504129940310058
3583	15.46439816658996
3584	15.207136560998427
3585	15.331802782639993
3586	15.336783966567749
3587	15.323521150702891
3588	15.421730304449115
3589	15.317550735434484
3590	15.411776713749457
3591	15.106849327962616
3592	15.263359515405284
3593	15.438365856624287
3594	15.173146757521547
3595	15.342337480524922
3596	15.44365930935639
3597	15.090142625977043
3598	15.704825208968176
3599	15.368301588172951
3600	15.45631319525085
3601	15.380637872579682
3602	15.518407851793464
3603	15.440367448696264
3604	15.187057944621627
3605	15.497352226159755
3606	15.422719455365325
3607	15.414207743622528
3608	15.47216904679609
3609	15.144366903028576
3610	14.987778502284925
3611	15.40447163938638
3612	15.522668189773636
3613	15.211365493579612
3614	15.139798846798032
3615	15.40062063825491
3616	15.456764963515472
3617	15.564371559576717
3618	15.2940279342673
3619	15.329708590015478
3620	15.586908212870995
3621	15.274854523610768
3622	15.453933090338714
3623	15.447611124059742
3624	15.476906155921533
3625	15.336377927666433
3626	15.443269502753601
3627	15.345947807246949
3628	15.367849692702375
3629	15.308117415668574
3630	15.326585973137071
3631	15.493166141771614
3632	15.327989542990231
3633	15.298477955543639
3634	15.288723555738535
3635	15.505717407312899
3636	15.483829389286626
3637	15.267550820877178
3638	15.520943267940638
3639	15.327774780281292
3640	15.471961710151731
3641	15.38958469593933
3642	15.257814788214061
3643	15.357113009162358
3644	15.557464828483472
3645	15.519425377296486
3646	15.369609027381484
3647	15.12090103557453
3648	15.296912927499088
3649	15.60344632839316
3650	15.311131666096035
3651	15.353523290992147
3652	15.467376853749176
3653	15.397730848783972
3654	15.23745741181175
3655	15.291002050271201
3656	15.240899344061972
3657	15.398318948639794
3658	15.152234306960136
3659	15.341854834690341
3660	15.467782513707192
3661	15.474569780822415
3662	15.510325612011354
3663	15.519652939474447
3664	15.3665520509804
3665	15.250149505598117
3666	15.48592608873535
3667	15.321521887260587
3668	15.309735782389861
3669	15.17106269104081
3670	15.56014882602086
3671	15.270803113985888
3672	15.327901977765915
3673	15.475508213951246
3674	15.479089982773802
3675	15.308722301718255
3676	15.251195318549412
3677	15.437201006848305
3678	15.33801489910701
3679	15.359301926344045
3680	15.279844690575244
3681	15.23448395998045
3682	15.33187809801846
3683	15.112208367344529
3684	15.110923687734525
3685	15.26373757123277
3686	15.348759861472086
3687	15.385732087134912
3688	15.338697535275218
3689	15.767734209263708
3690	15.142798298132087
3691	15.508518389274398
