1	69.56149808813358
2	66.48644526033472
3	62.097815186902714
4	58.35292878325961
5	54.810191146493395
6	52.00163491621373
7	48.757607702764076
8	46.36536523514876
9	43.5516954813112
10	41.82131261995984
11	39.61867316499721
12	38.29505484808359
13	37.57044371592377
14	36.384796739325495
15	35.646193944513286
16	35.469130531354935
17	35.30834990174006
18	35.2871389350863
19	35.59627262547652
20	35.5437337718416
21	35.76533163374247
22	35.82355963228226
23	36.07183793801672
24	36.392289882425715
25	36.525894120867946
26	36.62858947393892
27	36.209057382134525
28	36.54708972858475
29	37.12285700346258
30	36.6092302582261
31	36.43558322177833
32	36.14573151811937
33	36.34487455095222
34	36.14731438695393
35	35.76058549047924
36	35.77521894588005
37	35.61207403037336
38	35.50136376987651
39	35.758142468827934
40	35.288226955780466
41	35.43241461474352
42	35.58398614660844
43	35.12581558260781
44	35.623731312433385
45	35.406562396342714
46	35.53539746477426
47	35.019477950568586
48	35.59462683704846
49	35.46221057457687
50	35.42288921033191
51	35.32649891643271
52	35.39240868297457
53	35.54071481464641
54	35.41951748811452
55	35.431356818351524
56	35.60438895880329
57	35.38265608199153
58	35.26506730445979
59	35.280531705645615
60	35.14561326258672
61	35.17023324644783
62	34.97021044345855
63	35.47626783480551
64	35.19115766343517
65	35.1325015383482
66	35.312514047919336
67	35.97183650410628
68	35.60460624291127
69	35.2607516188464
70	34.92541127702725
71	35.260777330752894
72	35.363357500640625
73	35.401703623234845
74	35.383962679550365
75	35.59494524261635
76	35.122818318510305
77	35.16111654408906
78	35.13285602252245
79	35.31771560669645
80	35.53504534936926
81	35.48873821816141
82	35.1152654911202
83	35.262624770127616
84	35.167968742851826
85	35.23461165011679
86	35.30444974741802
87	35.432908105036525
88	35.341494917727815
89	35.21382288987374
90	35.43003461669097
91	35.151012997219944
92	35.31355244687453
93	35.23921492059217
94	35.28954724442965
95	35.506411208397225
96	35.36303910341948
97	35.40045772098219
98	35.184776104319525
99	35.31979753588198
100	34.92026108151783
101	35.19016020869594
102	35.23329254075597
103	35.04185597273926
104	35.51084532738658
105	35.573889820328986
106	35.44718267466684
107	35.48616622262345
108	35.279786852697285
109	35.13738147753508
110	35.3625624992194
111	35.21325270338021
112	35.04470451686092
113	35.23144877951191
114	34.96354818947892
115	35.07250873252239
116	35.26498814629747
117	35.29317244522797
118	35.09011829225859
119	34.94226057821136
120	35.367830652166354
121	34.96516360833986
122	35.399766498387486
123	35.237790397725604
124	35.55976280454784
125	35.379184099009265
126	35.15817935190937
127	35.1077423801547
128	35.29060697706135
129	35.31129842621728
130	35.10085025819093
131	35.5884373534279
132	35.19380802057501
133	34.76911776479693
134	35.150426425180136
135	35.20857085597155
136	35.06722676486045
137	35.18454922978187
138	35.12453337735569
139	35.21840919692671
140	35.03646257129307
141	35.19916659745075
142	35.11201399494541
143	35.41241974212804
144	35.04696973338009
145	35.2952073608588
146	35.17183650289116
147	35.310584473254856
148	34.98921249607737
149	35.16942704695688
150	34.83776070043589
151	35.37760040478146
152	35.129895677002054
153	35.4224731614449
154	35.091963961662124
155	35.06967534306584
156	35.285894098732285
157	35.34231120755272
158	34.92655869717156
159	35.33848687993518
160	34.814230535922064
161	34.91332779744771
162	35.042229157837376
163	35.144751487485664
164	35.03201261443736
165	35.08567648963526
166	35.19508572618377
167	35.101252475781564
168	34.8374951293289
169	35.03260549025116
170	35.322295880277636
171	35.22395092925117
172	35.02906977860154
173	34.948032882470095
174	35.06844763276182
175	34.99075509850543
176	34.97519696164274
177	35.04863878591172
178	35.098435785556795
179	35.30274953540642
180	35.006868769683784
181	35.02903181637627
182	34.93397888506537
183	35.081990933340016
184	35.11830653333076
185	35.294507773872205
186	35.04495895408827
187	35.07010613759665
188	34.78436214850087
189	34.98661821190479
190	34.99593485273348
191	34.9547281137987
192	34.99075299388649
193	34.87617130121359
194	34.94348098599229
195	35.21872882618986
196	34.906620220762484
197	35.00015226426717
198	35.046585496141155
199	35.10683192778191
200	35.171756849450254
201	34.66581542443603
202	34.98186541898205
203	35.12407394985746
204	34.946630231694975
205	34.83894254025754
206	35.526576882120054
207	34.805874014146255
208	35.021794184382735
209	34.76382956583096
210	35.02087398649527
211	34.93756363602376
212	34.893726843960856
213	34.79990084477148
214	35.06211004542955
215	34.78835291727057
216	34.99173703817578
217	34.3743367429028
218	35.13289247462037
219	34.86523864429593
220	35.16733604775207
221	34.521237670624394
222	34.75742027853992
223	34.89153504693238
224	34.702797443490304
225	34.5372989015127
226	35.118949111371315
227	35.01168791516698
228	35.18527501610562
229	34.890143853766126
230	34.6101010411442
231	35.23919484625726
232	34.784788483761645
233	34.79898201080852
234	34.84689696441494
235	34.739447602343965
236	34.42844959608592
237	34.69834890205444
238	34.673252783147866
239	34.71304552576834
240	34.75760671041479
241	34.779560933806195
242	34.72798865001209
243	34.881703304773765
244	34.662383953635164
245	34.7199925759744
246	34.975904797819446
247	34.955029689006416
248	34.64839137768426
249	34.73128368242109
250	34.27571119064521
251	34.85393328737562
252	34.64451962585522
253	34.474309256915795
254	34.62268127888252
255	34.75521591394788
256	34.387926548534764
257	34.45946605285949
258	34.505868421741596
259	34.81228104166577
260	34.13562732751342
261	34.3426328474033
262	34.52689125280234
263	34.590835375315976
264	34.37815606029312
265	34.33687740489364
266	34.38043383284296
267	34.378951436268885
268	34.08497381860135
269	34.11447204127874
270	34.07946393350363
271	34.22237636584225
272	34.29213431868679
273	34.26935573568115
274	34.1032890910591
275	34.065783851296715
276	33.75050545831908
277	33.98539123125009
278	33.91912712134443
279	34.1605943441773
280	33.67016871317067
281	33.7265407288526
282	33.218581430785555
283	33.94318262254945
284	33.720072795661444
285	33.7656891617702
286	33.833043289621905
287	33.74249205714594
288	33.580610790299
289	33.28032276312529
290	33.31580808372609
291	33.60307794630423
292	33.10820148563247
293	33.37335647212812
294	33.13408446196166
295	33.040597850994324
296	32.78332604528987
297	33.25381357771694
298	32.7263615289976
299	32.83114705069861
300	32.619536082414186
301	32.689099454400235
302	32.829728915296556
303	32.50884604821586
304	32.24176873774673
305	32.69500946245528
306	32.34891071272053
307	32.35305723506125
308	32.581533999783105
309	32.17716895270115
310	32.006344600105336
311	32.11867169931096
312	32.5966478555342
313	31.73879367954831
314	32.086961220020285
315	32.15947107394025
316	31.755344845624705
317	31.95605869390297
318	31.935120959347444
319	31.551795222891478
320	31.809948094541348
321	31.821526848146195
322	31.653257044300663
323	31.57650529092011
324	31.40679438372276
325	31.348385061369413
326	31.418792564719382
327	31.341322222504306
328	30.95432582502029
329	30.938619425253076
330	31.231339406828337
331	30.955117825297524
332	30.536051079608622
333	30.91075664275401
334	30.85010185626941
335	30.559368847956414
336	30.873173588593456
337	30.67101559893112
338	30.329269616677134
339	30.600566484997643
340	30.214529192372215
341	30.153110317355164
342	30.37791714135236
343	30.019180633412123
344	29.879752258545427
345	30.003417642767353
346	29.812913383382572
347	29.939025581000585
348	29.92357824384828
349	30.34142841229555
350	29.955100846854396
351	29.463759051059952
352	29.572205513204445
353	29.76086251521394
354	29.63770232465478
355	29.575641649459392
356	29.413043194907697
357	29.238528662896304
358	29.35332628782019
359	29.420174167235263
360	29.124555245927215
361	29.36540614325628
362	29.09286571275027
363	29.010489435650562
364	28.727367206726527
365	28.69947287437898
366	28.67490870908769
367	29.053095602300544
368	28.2906260778866
369	28.92576184535037
370	28.816392090721884
371	28.77458227800347
372	28.700964795725444
373	28.5929437939594
374	28.395684554647584
375	28.371048569041967
376	28.449305494351783
377	28.206084620611026
378	28.43996964752208
379	27.889595092956373
380	28.439146610731257
381	27.87773983360548
382	28.0438315388645
383	28.313028640026257
384	27.731804643261587
385	27.735600529225117
386	27.671916241150623
387	27.746478950992163
388	27.680211270309854
389	27.53414263124709
390	27.66864103457738
391	27.39134201305848
392	27.527794626755338
393	27.493864593757998
394	27.24460762165172
395	27.57631883858401
396	27.369435129907863
397	27.330216300549775
398	26.899109810310613
399	27.11352618141741
400	26.736784333662612
401	27.05287567138594
402	26.68517111904151
403	27.0870166410918
404	26.879899388234772
405	26.451094634346372
406	26.82543129223591
407	26.657671691355095
408	26.660815975810102
409	26.94100816604924
410	26.60621609263255
411	26.67173524273078
412	26.640384739409836
413	26.197217935881323
414	26.691121251027823
415	26.58139053974152
416	26.333784518436705
417	26.483718321635006
418	25.98577276121303
419	26.361311347374766
420	26.341821038956393
421	26.133095420555357
422	26.33496934125965
423	26.5839365217464
424	26.0975125038764
425	25.89953174283377
426	25.946236240096066
427	25.756244146652776
428	26.062002999259022
429	25.950391520442658
430	26.013802419669087
431	26.066625325685198
432	25.932907403679202
433	25.353799346902015
434	25.758743158365164
435	25.561672318528494
436	25.933459617535885
437	26.02752799626418
438	25.579023551274606
439	25.701854030302222
440	26.028767414855597
441	25.489231523693967
442	25.801896838701445
443	25.42908510166129
444	25.679377004211183
445	25.051238985962822
446	25.180274856936435
447	25.33478332625093
448	25.625424480655056
449	25.059826543326047
450	24.949436943707916
451	25.479812122801288
452	25.555473613319414
453	24.969278310223395
454	25.11560198137578
455	25.163603744847197
456	24.956395483403252
457	25.06235019106616
458	24.970896383280394
459	25.02122499218646
460	25.16928867286119
461	25.22979852334209
462	24.8088057175264
463	24.876382554887904
464	24.574148215014304
465	24.50977005870386
466	24.496156929326883
467	24.806659932760546
468	24.813483328337092
469	24.67894953804485
470	24.58828329803033
471	24.830238670999712
472	24.593385447355377
473	24.53213870363579
474	24.750189966653306
475	24.526282396635033
476	24.44701380605133
477	24.13557867249393
478	24.323219748491884
479	24.604049752163377
480	24.649519441777272
481	24.27030360843364
482	24.55195926774854
483	24.014818211560787
484	24.104954607883457
485	24.13970341814117
486	24.27875538744824
487	24.285272981655975
488	24.326803639902998
489	24.33340086743712
490	23.8570416710907
491	23.9185116934502
492	24.147097943132973
493	24.06043503815156
494	23.97117845180431
495	23.912036029024915
496	23.410506249675258
497	23.92877092715473
498	23.806894168682227
499	23.5852284545602
500	23.833334904879422
501	23.734942630527595
502	23.783460525227714
503	23.766230800827447
504	23.759702228592204
505	23.82794292358066
506	23.51333910016939
507	23.41337781445033
508	23.882177273706624
509	23.49502227924583
510	23.50303601346193
511	23.719655360037248
512	24.03608634255314
513	23.12939727020558
514	23.582941655691254
515	23.525570840597084
516	23.721438104891547
517	23.42080054901855
518	23.360139218748508
519	23.654236830834922
520	23.504772285772006
521	23.140576504594645
522	23.172318976473406
523	23.57316607378355
524	23.403991824220828
525	23.202608182519008
526	23.319031196983033
527	23.259982121377476
528	22.806457683498238
529	23.2534350942669
530	23.26993188044452
531	23.129735847107707
532	22.98483609112915
533	23.093405962620487
534	23.112589590460797
535	23.02292822284996
536	22.97836216196504
537	22.956746813132472
538	22.77807742573636
539	23.069213972033925
540	23.242085978901105
541	22.73927601664871
542	22.798946009635728
543	22.783104899922765
544	22.643335701466178
545	23.00989474211189
546	22.671933416727942
547	22.568240140442054
548	22.580233883043597
549	22.546678693736435
550	22.664549224124237
551	22.725147753019552
552	22.97410304404004
553	22.478700039403197
554	22.59774631512006
555	22.755564769719395
556	22.76915059853413
557	22.664666974983014
558	22.659991881455586
559	22.510535529199664
560	22.687865734256885
561	22.74664707413288
562	22.636466169157405
563	22.289180753973362
564	22.204725838584483
565	22.21268816254225
566	22.200647394599986
567	22.470648298676966
568	22.349997916708798
569	22.374098103579076
570	22.3299397436695
571	22.358365748141782
572	22.4426132787392
573	22.46955827874277
574	22.279229194711167
575	22.361558827188894
576	22.12903184569354
577	22.58261218197376
578	22.17014906651777
579	22.171290840479177
580	22.55435737351018
581	22.269910438889713
582	22.33709414331534
583	22.290423216638857
584	21.985565322281587
585	22.230858277110322
586	22.450045962881205
587	22.091481287544408
588	22.354968132765972
589	22.033854907792808
590	22.017658132249494
591	22.338473096922993
592	21.868884506598345
593	22.06815094213407
594	21.931753161995882
595	22.186123520433156
596	22.236213656265022
597	22.17055307387204
598	21.690541616716065
599	22.08097083606723
600	21.87673053155949
601	21.866871915941978
602	22.13109590953478
603	22.13703533349564
604	21.848878978380498
605	22.165332080385202
606	21.930793836331983
607	21.535785841744367
608	21.946423320798086
609	22.082400172695113
610	21.520422996556206
611	21.92341174807809
612	21.97302645048553
613	21.90627313882691
614	21.929153855086554
615	21.822190466228708
616	21.83731903633143
617	21.614216085985035
618	21.68257864868148
619	21.63596715201019
620	21.84966304309471
621	21.884173319090234
622	21.755353547818775
623	21.534092344720964
624	21.523140915021173
625	21.657753140459203
626	21.58349229463686
627	21.655930411206633
628	21.699225819312215
629	21.633118713061762
630	21.56626233230484
631	21.506708029709692
632	21.506098895948053
633	21.78448671102185
634	21.374172547651373
635	21.653553571539653
636	21.278436485924882
637	21.608953281082034
638	21.57912588023117
639	21.333724038581174
640	21.42164320762858
641	21.631640673221955
642	21.107577634395327
643	21.63096647435819
644	21.671232032552425
645	21.861437751558963
646	21.371506020322546
647	21.451537511483224
648	21.256879545252755
649	21.675394701800844
650	21.5736080715677
651	21.456460256260506
652	21.34300949176685
653	21.389917867402016
654	21.287885225797712
655	21.316529338180857
656	21.485897207722868
657	21.210101040935957
658	21.311250101120315
659	21.042102276678893
660	21.144463000930735
661	21.051472513031452
662	21.257369842488103
663	21.153149649094026
664	20.933042342677858
665	21.078205497131183
666	20.974755405672443
667	21.08923051250447
668	20.702484453186926
669	21.067734492001772
670	21.096795450412202
671	21.150721476829045
672	21.038727708591864
673	20.923135627947097
674	21.499917668305443
675	21.06359178086919
676	21.442189720085782
677	21.00990394072753
678	21.11967706455267
679	20.944074465855202
680	20.743649787940367
681	21.21257147118853
682	20.912514664962615
683	21.214423169658698
684	21.06922773088001
685	20.69447049617196
686	20.855508920401924
687	20.9628233998095
688	20.866732969763994
689	20.919880213987323
690	20.552580308784982
691	20.742618557007138
692	20.785448588191556
693	20.868214671545058
694	20.935062542039656
695	20.942319983176013
696	20.620282792731523
697	21.17653815290142
698	20.783561561471277
699	20.957502427866974
700	20.75336488087726
701	20.954429532082425
702	20.64293159252203
703	20.81818439434945
704	20.704782561852515
705	20.78459293239604
706	21.086291348946034
707	20.81011214411213
708	20.946132263177468
709	21.052548078949812
710	20.577569582009193
711	20.637132608624597
712	20.67536790647277
713	20.561784411230292
714	20.79673539570174
715	20.69325860229456
716	20.31092107740853
717	20.595506300203326
718	20.40306378875786
719	20.64703337366146
720	20.729060319302025
721	20.347350593366745
722	20.560807797295787
723	20.442825301409048
724	20.471908017742745
725	20.4661928488075
726	20.585884606048026
727	20.83865799733995
728	20.47607547128747
729	20.44649212650874
730	20.710865498613515
731	20.28676342385751
732	20.3964630536872
733	20.61773660498743
734	20.36981149801602
735	20.7399976227384
736	20.634288022645865
737	20.460101519829006
738	20.539053651326807
739	20.272954262667664
740	20.577866344199137
741	20.73528102098851
742	20.428591483410738
743	20.121334035336755
744	20.30514653182946
745	20.49279680917043
746	20.102518246807765
747	20.40126924086227
748	20.1724075543216
749	20.254284888371892
750	20.356090022584624
751	20.256372422186043
752	20.061446887518922
753	20.041870010747342
754	19.962043099490327
755	20.699538673542726
756	20.516824161732526
757	20.63143913001883
758	20.434507338219422
759	20.19636197394905
760	20.427939782182754
761	19.9012407937511
762	20.371519277046335
763	20.36039986020931
764	20.2334693132392
765	20.251577439126887
766	20.059984772736676
767	20.288185348665163
768	20.15018688540591
769	20.487489483151553
770	20.101369208255324
771	20.026004751835753
772	20.02963216931897
773	19.952589631973176
774	20.168679594028855
775	20.23498335612938
776	20.261047623137408
777	20.282868243169712
778	20.062593724206565
779	20.226419070258764
780	20.004039548808482
781	20.264123258245277
782	19.785223400567794
783	19.927143777322698
784	20.031054132155138
785	20.24601923948203
786	20.293391954967845
787	20.214620146673614
788	19.6467951543092
789	19.9915254753949
790	20.166059562037297
791	20.137883860767367
792	20.06256485114033
793	20.137938442629704
794	20.045286091101335
795	20.046173623019442
796	20.072094015566723
797	20.09065427480316
798	19.865054397387976
799	19.872030825194432
800	19.819250575201952
801	19.779052883647296
802	19.97534043290622
803	19.88398337876715
804	19.796509729974538
805	19.83950241696575
806	19.687255460030165
807	19.69380572737324
808	19.804530126436777
809	19.956920197111867
810	19.86740873608298
811	20.17030941044548
812	20.04717908189641
813	20.006446378246864
814	20.046514256073536
815	19.952525096988012
816	19.95792470525872
817	20.053156701547422
818	19.903611237216854
819	19.656056655318437
820	20.035618493149528
821	19.777465090222606
822	19.942915252888294
823	19.89368132327429
824	20.13443212735639
825	19.80211958545529
826	19.876516839299235
827	19.83842042943287
828	19.75818129733349
829	19.61554258166199
830	19.73095257556856
831	19.599763197555017
832	19.683750936791633
833	19.61734642142988
834	19.832967921829997
835	19.724141197200318
836	19.991957028456575
837	19.392159278465332
838	19.77738556114041
839	19.580193130014905
840	19.910669476448085
841	19.33427574208425
842	19.869325288761125
843	19.89185425125133
844	19.474446042550753
845	19.560694130645413
846	19.425702267046997
847	19.509131198505884
848	19.692336329705967
849	19.742529559428235
850	19.4442795879593
851	19.35852229005251
852	19.75572903960474
853	19.512243257405267
854	19.563124514289697
855	19.51800786800035
856	19.424123419233236
857	19.301047833381464
858	19.205526783070223
859	19.71419444335928
860	19.51932557118317
861	19.58035121773424
862	19.68558911311588
863	19.79292170319491
864	19.326974438864706
865	19.427669166999177
866	19.643196070663155
867	19.391425208480577
868	19.474434747921343
869	19.219195416270146
870	19.42539441452729
871	19.299341481922415
872	19.216947495878692
873	19.438976578754847
874	19.523955906998108
875	19.458856465337266
876	19.48393006888649
877	19.54071565731848
878	19.628632750564122
879	19.47178082216715
880	19.353158747831905
881	19.381640424754817
882	19.328368943159397
883	19.38789782521353
884	19.426927145939388
885	19.179172945299825
886	19.24024552734021
887	19.535863102540457
888	19.175794432424375
889	19.0704783615627
890	19.3463803227157
891	19.20763456164593
892	19.42575949630352
893	19.24163480111973
894	19.250030363270223
895	19.12467524587775
896	19.337424846947524
897	19.393899064015695
898	19.442374660455883
899	19.533038844967344
900	19.170862595382456
901	19.486687560152937
902	19.27207351501789
903	19.390545276133135
904	19.327206719947355
905	19.299760606529595
906	19.20441858199411
907	19.290520730869435
908	19.242403881918406
909	19.21170972324555
910	19.109139130168785
911	19.524975832945202
912	18.96534960123031
913	19.148098060636922
914	19.098191019069574
915	19.195701039433153
916	19.060069904117302
917	19.387511418076556
918	19.182725205235247
919	19.000762620839737
920	19.098837360178624
921	19.161080800735405
922	19.096287335424943
923	19.16991041219028
924	18.899947134405537
925	19.238258992481516
926	19.23634695725891
927	19.293811759386823
928	19.07509822480589
929	19.42539646512958
930	19.331027424367136
931	19.2957004739013
932	19.27647486560546
933	19.151188897619
934	18.95015424448288
935	19.06256930554585
936	19.259922961742717
937	18.930148821952162
938	19.189216951945223
939	19.096697934915053
940	19.186037237004534
941	19.274822789537268
942	18.63882140352161
943	19.13138460433298
944	18.98073701297978
945	18.856141878476947
946	19.093525787277912
947	18.96937974217551
948	19.117875738165456
949	18.988398404420057
950	18.910801413322055
951	19.014584136168246
952	19.1189937822807
953	18.992680977224023
954	18.847091137090576
955	19.01750207013161
956	18.990378464894484
957	19.10811191389505
958	19.022355521113383
959	19.08570811409835
960	19.08267718525107
961	19.083864088021482
962	18.932781096516557
963	18.830935572495424
964	18.909488093562622
965	18.99032525110246
966	18.841936097769448
967	19.114075264563187
968	19.261458561133338
969	18.868575223389637
970	18.95816882196112
971	18.96549974175235
972	19.051159650155157
973	19.151795541809843
974	18.536841376089075
975	18.628444026111016
976	18.93597629432145
977	19.131818964968325
978	18.892149932740004
979	19.159348808294745
980	18.960461340751877
981	18.90395144207592
982	19.10210644191695
983	18.78882156539773
984	18.884405618378498
985	19.064681916321494
986	18.880347473661015
987	18.60237844254286
988	18.784785479979497
989	18.74007407755561
990	18.743558366006702
991	19.054134722213824
992	19.012819918362776
993	18.616780709425374
994	18.876379001376833
995	18.80146692087931
996	18.74364555220214
997	19.005420981560643
998	18.82943549890183
999	18.851706797209562
1000	18.949037018167772
1001	18.987142593735577
1002	18.878506560350658
1003	18.54533553624767
1004	18.712134444666173
1005	18.861037955412847
1006	18.83544097073747
1007	18.72255217864434
1008	18.700138584715052
1009	18.64066860655802
1010	19.061513003518314
1011	18.78849756710896
1012	18.64894635886594
1013	18.656428723442854
1014	18.78142848005754
1015	18.794849446552536
1016	18.911915936822087
1017	18.541154102295636
1018	18.879847592981804
1019	18.916254082910385
1020	18.73329692417704
1021	18.598061486589376
1022	18.8355867209853
1023	19.02737134522704
1024	18.858221649613427
1025	18.536919262465954
1026	18.672388070067175
1027	18.681836438812024
1028	18.452774827532437
1029	18.692821954782605
1030	18.61664201388637
1031	18.788492003482943
1032	18.727247840306504
1033	18.692231552093908
1034	18.842134151060822
1035	18.627974928132115
1036	18.514866915305
1037	18.515305556283902
1038	18.54146811657457
1039	18.76147052699998
1040	18.91697985535868
1041	18.79196428432168
1042	18.33960006948879
1043	18.295064582304807
1044	18.612174553745504
1045	18.548660738937084
1046	18.542939263771913
1047	18.526074122489785
1048	18.47613070117257
1049	18.7399303059121
1050	18.566230885395893
1051	18.466331519277723
1052	18.369118098609263
1053	18.328381463539454
1054	18.23454346928611
1055	18.603284292086826
1056	18.707344718885103
1057	18.30356364671349
1058	18.44178937727099
1059	18.405717628376795
1060	18.477253058433963
1061	18.05014174677494
1062	18.31419822342603
1063	18.429336599762603
1064	18.432416554270418
1065	18.671102642256983
1066	18.51142015145365
1067	18.451641799796686
1068	18.3881452578954
1069	18.468359931901997
1070	18.38666551690859
1071	18.776488205797968
1072	18.3885331591956
1073	18.340334510908477
1074	18.327623076108424
1075	18.66065755116599
1076	18.30863628097927
1077	18.492657123470508
1078	18.172131807411915
1079	18.35865331859829
1080	18.30494511736116
1081	18.562977186665428
1082	18.38900725622198
1083	18.234331241570295
1084	18.40044085537197
1085	18.493186868330262
1086	18.41637501277515
1087	18.53090148681372
1088	18.409676662377574
1089	18.414368638264744
1090	18.641387780586477
1091	18.204993325800437
1092	18.395578261408033
1093	18.364806567258682
1094	18.416361783084337
1095	18.388694116667605
1096	18.272264054337906
1097	18.513015125621013
1098	18.569214931038413
1099	18.25317476799231
1100	18.394541822794395
1101	18.365436264172914
1102	18.195176579447086
1103	18.611703198276775
1104	18.31881286598262
1105	18.52553274261805
1106	18.234885742882618
1107	18.559193901788664
1108	18.324841061768918
1109	18.4131502904014
1110	18.146118252690766
1111	18.016288812044984
1112	18.272301094197143
1113	18.306238942574772
1114	18.333015909179334
1115	18.304080375587564
1116	18.31680703250533
1117	18.391798265221507
1118	18.197862641703242
1119	18.44864679217626
1120	18.320796811320996
1121	18.192999687132037
1122	18.450806972163573
1123	18.279642070388697
1124	18.328773679875155
1125	18.187331204902037
1126	18.562827993914812
1127	18.127141586145044
1128	18.18321610711564
1129	18.139788810446007
1130	18.113531421543694
1131	18.283638781584834
1132	18.459182717040168
1133	18.152647916458555
1134	18.427173803527285
1135	18.392473207762873
1136	18.0903807143687
1137	17.944764108662106
1138	18.018537228137664
1139	18.219021874607986
1140	18.13905392448023
1141	18.111348683013816
1142	18.0086107858636
1143	18.207912298231008
1144	18.050609715123255
1145	18.094825874989898
1146	18.32041971588207
1147	18.37105256133384
1148	18.421506628362916
1149	18.237058930236227
1150	18.211332456359376
1151	18.260523025349578
1152	18.12218152253322
1153	17.903558957972866
1154	18.14475563418905
1155	18.14987578689345
1156	17.913481309587052
1157	18.31832613638071
1158	18.587963713187072
1159	18.160312595859494
1160	18.453366858402607
1161	18.140577203542122
1162	17.986208482752676
1163	18.204576516021
1164	18.08765517599345
1165	18.14858767545129
1166	18.060543930315333
1167	17.82769442616752
1168	18.05317937961504
1169	18.05699223451582
1170	18.13941465685514
1171	18.1597934860579
1172	18.116795025318808
1173	17.890006890792353
1174	18.272873602830163
1175	17.830582579272317
1176	18.30130016668113
1177	18.382122658335213
1178	18.164834073133857
1179	17.86563007091588
1180	18.044095528624684
1181	18.137478533785877
1182	18.15273600102808
1183	18.080475772659504
1184	17.964982169167193
1185	18.110048091490214
1186	18.17511751935621
1187	18.12579184783313
1188	18.109603078110943
1189	18.362382303423736
1190	18.23009279248882
1191	17.809431001023203
1192	17.797684165142588
1193	18.33330887612976
1194	17.78977056196557
1195	18.06269002481212
1196	17.97855980623042
1197	18.050465280188007
1198	17.77155784966499
1199	17.691180209817475
1200	17.750853426441612
1201	17.99006466955917
1202	17.918234032299246
1203	18.05336750457731
1204	17.890063683641262
1205	18.027114736374443
1206	17.935127462948437
1207	18.061597641775354
1208	18.09123115247728
1209	17.98205741671003
1210	18.074774458733028
1211	17.884410522224094
1212	18.410905569228543
1213	17.928403999442434
1214	18.152508499724718
1215	17.834147938936496
1216	18.02848675760356
1217	17.77215380399625
1218	18.281759614884507
1219	17.69482765156451
1220	18.081882621162322
1221	18.24945564231751
1222	18.121825875917146
1223	17.91224826214657
1224	17.688384289414433
1225	17.592355015611457
1226	17.984822094999135
1227	17.975920413593688
1228	18.114375881806914
1229	17.75037512295167
1230	18.2708817788411
1231	18.054232101019075
1232	18.21099215606195
1233	17.799766258897467
1234	17.93594071738607
1235	18.108255831262795
1236	17.912611425621193
1237	18.038453342616915
1238	18.13652453683145
1239	18.115303140851363
1240	17.658450537852133
1241	18.17192096436305
1242	17.739317991757318
1243	17.779056078321048
1244	18.019719729630012
1245	17.921936411681756
1246	17.927240548276757
1247	17.782790839427708
1248	18.19488493114041
1249	17.80493875180285
1250	17.861429594439233
1251	17.978292386682227
1252	18.056457122668082
1253	18.051393889524043
1254	17.82939767073862
1255	17.436487256262087
1256	17.699158856991744
1257	18.03659696630502
1258	18.00218277638542
1259	17.951122282683322
1260	17.881263042406847
1261	17.885092137515375
1262	18.085737777537883
1263	17.751662831260795
1264	18.069115937678866
1265	17.74535528912216
1266	17.7650278478696
1267	17.925495556171178
1268	17.890387097558712
1269	17.80899802826245
1270	17.72844687292167
1271	17.64932318804477
1272	17.81420792528104
1273	17.794276153201995
1274	17.64016219384274
1275	17.798873680783178
1276	17.798594614887897
1277	17.98031346954689
1278	17.72733701822854
1279	17.631261060297266
1280	17.816759257073986
1281	17.804775359108746
1282	17.567502416873623
1283	17.624242370298955
1284	17.661297952559238
1285	17.735364133420923
1286	18.145410067867488
1287	17.848234713833232
1288	17.789048569519842
1289	17.801869600404586
1290	17.618548217985285
1291	17.79256152674798
1292	17.84166558280842
1293	18.06042722170084
1294	17.55165069376131
1295	17.79026209261081
1296	17.823193319983503
1297	17.79351816826884
1298	17.71451306540191
1299	17.641377379353546
1300	17.785437897427613
1301	17.847065458760127
1302	18.01784067575344
1303	17.684597392018564
1304	17.70861138767962
1305	17.82993267701664
1306	17.74455862195884
1307	17.484221177798883
1308	17.88423698033197
1309	17.71148247817476
1310	17.73757440119476
1311	17.848357445007238
1312	17.436780405174297
1313	17.852819214858254
1314	17.58086217589252
1315	17.632574183003886
1316	17.67439872969323
1317	17.619762670434593
1318	17.8103768091951
1319	17.58874286032314
1320	17.91537645329101
1321	17.81634070978268
1322	17.457324763163584
1323	17.859666165723
1324	17.799406410056122
1325	17.736212310255883
1326	17.83741004301211
1327	17.75337070653075
1328	17.941796970134895
1329	17.728533356213592
1330	17.491186647637146
1331	17.390206298455418
1332	17.35359724733145
1333	17.445122652368674
1334	17.584518992539437
1335	17.423358281858565
1336	17.938790677364587
1337	17.55245808861418
1338	17.912092014658672
1339	17.681511363911834
1340	17.569010485220698
1341	17.588633560018746
1342	17.539081814690647
1343	17.643169172162427
1344	17.62110606751547
1345	17.82506911809702
1346	17.517580445185462
1347	17.532821639791507
1348	17.7697801337893
1349	17.894380268352744
1350	17.547815781717315
1351	17.78528294786143
1352	17.64953514662324
1353	17.644594245569518
1354	17.790656522317384
1355	17.718455485824077
1356	17.429588796812396
1357	17.490868021235674
1358	17.537480028709847
1359	17.66292813034279
1360	17.88696945900758
1361	17.2745187268634
1362	17.49594128889778
1363	17.749693858947477
1364	17.473041501071293
1365	17.732223248159237
1366	17.783934363426063
1367	17.247187137808766
1368	17.444916653291255
1369	17.233923682649344
1370	17.387033792355325
1371	17.46711681258245
1372	17.538677182384316
1373	17.720346076447516
1374	17.459207206839206
1375	17.56983510530698
1376	17.45210665631194
1377	17.522898187555434
1378	17.58902833166121
1379	17.431157037040595
1380	17.31109868024592
1381	17.2380562681762
1382	17.35285649198952
1383	17.382758716823325
1384	17.486461491757293
1385	17.934858713951336
1386	17.420521814779562
1387	17.420153195918676
1388	17.33330388339442
1389	17.408189613451675
1390	17.55296717091759
1391	17.529175382903375
1392	17.436874226331263
1393	17.40023091339733
1394	17.376488648663244
1395	17.36889337114654
1396	17.49117716724862
1397	17.320781425415525
1398	17.53220489619711
1399	17.30062038685519
1400	17.44687754585012
1401	17.454679807687754
1402	17.600352288890942
1403	17.54224477058815
1404	17.560718642227087
1405	17.37445840400072
1406	17.686322512344283
1407	17.333609125734533
1408	17.58872364609502
1409	17.382040866287923
1410	17.455120505151
1411	17.388590437113265
1412	17.535475270450135
1413	17.354929727872534
1414	17.59730245109811
1415	17.381385997147262
1416	17.424773055113384
1417	17.427836186906184
1418	17.422945421649636
1419	17.454308634789957
1420	17.390713909083864
1421	17.271653050151006
1422	17.382665113367278
1423	17.323964075407172
1424	17.572720302843358
1425	17.290900340793282
1426	17.483622024356993
1427	17.3332442810848
1428	17.402386756388243
1429	17.602594562430983
1430	17.374389323468506
1431	17.22552928478607
1432	17.361799279622367
1433	17.375228097874807
1434	17.18730227045675
1435	17.476574442059295
1436	17.407719748604027
1437	17.31603521471262
1438	17.14876861436467
1439	17.453698324346494
1440	17.369397212452824
1441	17.424498574237813
1442	17.304972241406144
1443	17.33779439930692
1444	17.249748801292196
1445	17.102344587142213
1446	17.094509073038125
1447	17.22714506159079
1448	17.305102310196737
1449	17.595948191585865
1450	17.260135862287893
1451	17.559595839730132
1452	17.265781634374214
1453	17.218259153068804
1454	17.342146320148203
1455	17.352397880425745
1456	17.047044668851754
1457	17.410588761323822
1458	16.998382395667903
1459	17.53166929380781
1460	17.327799687874677
1461	17.320950202665138
1462	17.345670213219734
1463	17.28356162066434
1464	17.02953915020248
1465	17.33172565715388
1466	17.35536501091495
1467	17.14369665836358
1468	17.16752575402239
1469	17.49937997180915
1470	17.34114502473319
1471	17.179699866158714
1472	17.46425796581253
1473	17.389733466947604
1474	17.520910533348612
1475	17.272499338270325
1476	17.518198599742806
1477	17.44223671276429
1478	17.254448891973155
1479	17.24573667556708
1480	17.19259947553841
1481	17.256374707863
1482	17.02165620307086
1483	17.466360214784512
1484	17.201063326236987
1485	17.28123420322818
1486	17.378876074904262
1487	17.383468908513592
1488	17.258165868635057
1489	17.378017677464165
1490	17.205587594948437
1491	17.37904259261221
1492	17.25193026367926
1493	17.337526616913955
1494	17.43800873426379
1495	17.34587028634657
1496	17.391407698690013
1497	17.354275836278337
1498	17.297728074187475
1499	17.47445541823056
1500	17.1839054656524
1501	17.365681534497234
1502	17.228902529499162
1503	17.264324230628485
1504	17.3893444419055
1505	17.39172992000815
1506	17.341135412220446
1507	17.339542572248586
1508	17.41926293489517
1509	16.957067663849806
1510	17.0091237226466
1511	17.27558586909713
1512	17.347425844539277
1513	17.164334145734102
1514	17.26182270747415
1515	17.214346376947887
1516	17.121487596127157
1517	17.238782205554777
1518	17.124577198089607
1519	17.177631225740324
1520	17.273988483795797
1521	17.318540663558647
1522	17.077944893216998
1523	17.128522742845124
1524	17.11949007532484
1525	17.295299698370528
1526	17.071593978038035
1527	17.468740359212788
1528	17.345654650446875
1529	17.33413585890091
1530	17.30873823810648
1531	16.98754610949591
1532	17.0305219461444
1533	16.869446919784515
1534	17.303530003914066
1535	17.33176228483836
1536	17.19503714537687
1537	17.084653454847363
1538	16.950194938847666
1539	17.186380855797587
1540	17.26876368944398
1541	17.174083718982473
1542	17.1491489359849
1543	16.918369987472925
1544	17.02748343672981
1545	17.095213154235616
1546	17.182274178279858
1547	17.364105488164544
1548	17.087836498909837
1549	17.147335738600464
1550	17.201820448774313
1551	17.083769363901286
1552	17.03993788315748
1553	17.264025228998435
1554	17.184886861447826
1555	17.28013960789868
1556	17.00755966044335
1557	17.016226036367023
1558	17.05328534234428
1559	17.104530301536965
1560	16.95999598805083
1561	17.095580822955373
1562	16.77155924193344
1563	17.320120904538705
1564	16.983042088785105
1565	16.907372666422695
1566	17.16032764986133
1567	17.042042797476835
1568	17.26234305945736
1569	17.373015419013143
1570	16.988157288898197
1571	17.278362011413893
1572	17.497748543784688
1573	17.073244066449924
1574	17.282820956524418
1575	17.28279830994284
1576	17.097129872219767
1577	16.991007770407847
1578	17.136822709370573
1579	17.178705716406014
1580	16.989094094702637
1581	17.120839640506137
1582	16.997266963943552
1583	16.899172183830192
1584	17.17970253752564
1585	16.863651637237385
1586	17.17189679898647
1587	16.901166759563726
1588	17.04183086967279
1589	17.064204507203836
1590	17.09815434490189
1591	17.103717629391234
1592	16.890187740574635
1593	16.930682590416875
1594	16.80731728200599
1595	16.987106235231806
1596	16.88034829456962
1597	17.075188243927226
1598	17.088820152159645
1599	17.01966696509028
1600	16.804183662565183
1601	17.212879964907096
1602	16.93700364357919
1603	17.27941335445869
1604	16.847201292299353
1605	17.186161875910916
1606	16.956752886792074
1607	16.982887572593015
1608	17.137447264577357
1609	16.92497648499275
1610	17.134359528128442
1611	16.9565723085673
1612	17.008436302384915
1613	17.139719699312636
1614	17.19580384129255
1615	16.881035391490027
1616	17.026376686875285
1617	17.196895391324865
1618	17.027068880307613
1619	16.960878944585975
1620	16.902099876031905
1621	16.845929442030332
1622	17.051452414763364
1623	16.71827315572826
1624	17.07097618169366
1625	17.16303059542481
1626	17.003461358676194
1627	16.730885154538797
1628	16.925780551734544
1629	17.001930951902736
1630	16.854744774240416
1631	16.98323096939498
1632	16.903055549844684
1633	16.845307184068243
1634	17.136694585638974
1635	16.91376046629516
1636	17.005762029219735
1637	17.07249938744699
1638	16.927654964158755
1639	16.83821298487379
1640	16.79197829996887
1641	16.826385545385694
1642	16.91718962558804
1643	16.966391591770687
1644	16.915448272352197
1645	17.012715046171564
1646	16.763321968938495
1647	16.77247746761952
1648	16.94832411742682
1649	16.606227526220486
1650	16.715494326241068
1651	16.885120606901367
1652	17.000292007090763
1653	17.00000238017979
1654	16.972005521738247
1655	16.954139837400167
1656	16.829167769743936
1657	16.97318171434153
1658	16.887079418150194
1659	16.793510501735728
1660	17.17693101391799
1661	17.079312630208218
1662	16.990522986479345
1663	17.109884213498894
1664	17.016531832648155
1665	16.79190954368294
1666	16.901097452794847
1667	16.98656709891711
1668	16.82406708498215
1669	17.059081522363517
1670	16.822800977798117
1671	16.980248374526504
1672	16.9193729965431
1673	17.084710083961433
1674	17.01373621987522
1675	17.18653326661464
1676	17.18762465919353
1677	16.751003436621016
1678	16.956527067456413
1679	16.914608761061647
1680	16.943227051971355
1681	17.087108115591825
1682	16.72710022525079
1683	16.849275342155934
1684	16.86836400471904
1685	16.692264451118263
1686	17.11995361423666
1687	16.743479303601617
1688	16.714682404378195
1689	17.036569640898016
1690	16.972193396261925
1691	16.77899872201172
1692	16.92018339864565
1693	16.957886986386438
1694	16.826761670248754
1695	17.034182937269957
1696	16.892400925981345
1697	16.94194807283955
1698	16.918830832185257
1699	17.110288347914775
1700	16.92417568157949
1701	16.81369334520921
1702	16.728548666470882
1703	16.709935803316547
1704	16.71337660391918
1705	16.937928858946325
1706	16.827062623072013
1707	16.706936622005376
1708	16.86313142772207
1709	16.966252584554866
1710	17.111216614526985
1711	16.870461071530016
1712	16.959665272526042
1713	16.914679206184417
1714	16.977445554998464
1715	16.616662489423625
1716	17.02519651343668
1717	16.73562145754134
1718	16.998720501458905
1719	16.874617885867288
1720	16.762259553543316
1721	16.826573833259083
1722	16.95008855768546
1723	17.022552003337445
1724	16.789636164822745
1725	16.998024899155514
1726	17.071676692644914
1727	17.01587637785633
1728	16.74436330137947
1729	17.017770321945402
1730	16.82648445630688
1731	16.607240470586273
1732	16.502003463491977
1733	16.53676729438855
1734	16.8108240786919
1735	16.753107508093397
1736	16.838143606562443
1737	16.74917021734235
1738	16.55252563989018
1739	16.49379396019285
1740	16.921780984509756
1741	16.844220280634996
1742	16.67156460653194
1743	16.706487282630984
1744	16.831106399849173
1745	16.686332977518624
1746	16.916539308801973
1747	17.00569897307377
1748	16.692888084547068
1749	16.87525021092155
1750	16.94228580730685
1751	16.962107361722435
1752	16.984135005241267
1753	16.909423426949704
1754	16.83352948631215
1755	16.755296762722384
1756	16.790521775965473
1757	16.59037463202138
1758	16.80282193390433
1759	16.89477239914063
1760	16.712835094357846
1761	16.637489937660256
1762	16.62195982272435
1763	16.900620622452003
1764	16.807715904864168
1765	16.99573888951003
1766	16.447078274321235
1767	16.654402624815994
1768	16.924011360170315
1769	16.883860225395317
1770	16.55898661496812
1771	16.822520738413353
1772	16.700300196253643
1773	16.95558749431733
1774	16.68881338420327
1775	16.92277458657808
1776	16.818731591787078
1777	16.567493843065073
1778	16.58335456819028
1779	16.459026411469175
1780	16.908110290623416
1781	16.614289548973435
1782	16.58602536644482
1783	17.047867452851662
1784	16.726515179321712
1785	16.50680175995958
1786	16.707976438048185
1787	16.71725895578533
1788	16.595391949172257
1789	16.676841095758302
1790	16.526949545165778
1791	16.44145484340689
1792	16.538379723317345
1793	16.828872089377306
1794	16.828989495085278
1795	16.505507723113553
1796	16.692328487120946
1797	16.882359229639125
1798	16.676229596442194
1799	16.639675545814136
1800	16.708368856952728
1801	16.75655893977455
1802	16.429990644406566
1803	16.862032985574636
1804	16.57873467576204
1805	16.697952700037902
1806	16.891051712124163
1807	16.689433662489005
1808	16.618281826096567
1809	16.70426997159638
1810	16.82971345075254
1811	16.772357874295736
1812	16.664803304841133
1813	16.80606332104339
1814	16.636682769843112
1815	16.96316020088462
1816	16.683491700025815
1817	16.748507224651263
1818	16.587483135683165
1819	16.758614577702545
1820	17.031859900818663
1821	16.501857735640648
1822	16.648096815366774
1823	16.792879064851835
1824	16.79748245937443
1825	16.67402182638283
1826	16.634009929451047
1827	16.47976604569474
1828	16.62775396119879
1829	16.61136131946326
1830	16.611901698395986
1831	16.64642905167022
1832	16.583004700424254
1833	16.74896879964318
1834	16.855651141840607
1835	16.708796970901307
1836	16.77020615441315
1837	16.46099389620888
1838	16.810366960352358
1839	16.509973914799787
1840	16.57996702632286
1841	16.777164003038106
1842	16.778554801222015
1843	16.851424131672406
1844	16.755007367762552
1845	16.63834389138346
1846	16.529501857120618
1847	16.610676555942195
1848	16.607073577742284
1849	16.55491710312521
1850	16.9964084912565
1851	16.680996364017822
1852	16.76159173595529
1853	16.557619566673647
1854	16.388771683976366
1855	16.51312392425971
1856	16.49801514365096
1857	16.777469019241444
1858	16.71331445790038
1859	16.70183860535503
1860	16.478116487822714
1861	16.54342778364277
1862	16.67823053415269
1863	16.802426236775332
1864	16.561475594193233
1865	16.61750729183119
1866	16.81747070063852
1867	16.584135217893465
1868	16.438100708622017
1869	16.537723686836674
1870	16.887848900795657
1871	16.71231101852589
1872	16.80160579775567
1873	16.620578104784514
1874	16.6035497139799
1875	16.62977366442417
1876	16.438117008508375
1877	16.493374867377746
1878	16.496006264224807
1879	16.5753678095961
1880	16.84204094731145
1881	16.795189883281918
1882	16.50920528910222
1883	16.632691697481018
1884	16.384603033830704
1885	16.46135788913357
1886	16.576889259747055
1887	16.710358704411757
1888	16.87235533467576
1889	16.81581489483087
1890	16.28237743387498
1891	16.649296767279107
1892	16.585424752403803
1893	16.748806274194138
1894	16.304088907015583
1895	16.62261362527709
1896	16.4168150900263
1897	16.392983136840122
1898	16.609979155490656
1899	16.26150955482012
1900	16.339559750529318
1901	16.670236612238924
1902	16.64244060938976
1903	16.59484243983931
1904	16.6437042984802
1905	16.661042838304656
1906	16.73273185572381
1907	16.48135990866683
1908	16.771163050391465
1909	16.627988336740376
1910	16.4958052678257
1911	16.752623662155568
1912	16.723133705325143
1913	16.57229324625488
1914	16.408412744841378
1915	16.505560243421552
1916	16.592674978420202
1917	16.504415122755567
1918	16.579512746442866
1919	16.381117914331664
1920	16.46238097232264
1921	16.48697794778817
1922	16.39545689880617
1923	16.657801830634956
1924	16.41615538968872
1925	16.54093040995704
1926	16.535454613301575
1927	16.473399145354147
1928	16.50632003251985
1929	16.47096487129691
1930	16.534684414129867
1931	16.392109565626964
1932	16.758004273930112
1933	16.504528225732948
1934	16.516667131819077
1935	16.349234428061916
1936	16.490037555541925
1937	16.561609046050084
1938	16.451866418294312
1939	16.403671641420225
1940	16.627358863273976
1941	16.557336390963652
1942	16.285480052521404
1943	16.407477415576388
1944	16.745134730215646
1945	16.519515920271935
1946	16.479633085192006
1947	16.47508943794459
1948	16.4241468959185
1949	16.458336239135875
1950	16.46168568473549
1951	16.18551417685675
1952	16.32629019673777
1953	16.65649340475209
1954	16.623712990057207
1955	16.36277919810721
1956	16.571461812668627
1957	16.4987323253906
1958	16.596930242692558
1959	16.52150291162935
1960	16.546148654442295
1961	16.447305587960365
1962	16.281303624416676
1963	16.5967425829197
1964	16.513172583135194
1965	16.67565717567003
1966	16.419962444415972
1967	16.622094298879983
1968	16.441014319831044
1969	16.61793522169068
1970	16.640492932850883
1971	16.22334736359971
1972	16.455415963252175
1973	16.46154589395198
1974	16.459885257178456
1975	16.574507445500007
1976	16.2736883675972
1977	16.66206696126315
1978	16.42953063379853
1979	16.369472940708373
1980	16.347990940276713
1981	16.28716055634686
1982	16.516569576553383
1983	16.51031856730059
1984	16.377104002343195
1985	16.420120620560706
1986	16.628003798386004
1987	16.308601402998924
1988	16.44923053208704
1989	16.63377116708376
1990	16.470563478466445
1991	16.79133934042443
1992	16.468404676553906
1993	16.576186780954302
1994	16.392762524141585
1995	16.459021444081202
1996	16.374151010957622
1997	16.3159139938898
1998	16.306874825551443
1999	16.593075273172637
2000	16.57531525434122
2001	16.42128796213651
2002	16.34101932056601
2003	16.5335352048944
2004	16.517777388978768
2005	16.369700423982696
2006	16.53282774858223
2007	16.34701995700244
2008	16.197050664410966
2009	16.397259604378124
2010	16.583362373075648
2011	16.0697802995701
2012	16.16591758794918
2013	16.69899881535346
2014	16.438120898021626
2015	16.325575177053363
2016	16.532125271983155
2017	16.57456974012623
2018	16.519525803704557
2019	16.359882338049637
2020	16.46010165231161
2021	16.36475284832747
2022	16.33134154467497
2023	16.40801801562684
2024	16.546431948450152
2025	16.509612992113226
2026	16.366486720934184
2027	16.456679898478953
2028	16.30882018402452
2029	16.599068140112657
2030	16.143528500710698
2031	16.484189462633598
2032	16.42968295143622
2033	16.560957099546226
2034	16.527741008014573
2035	16.344597765109658
2036	16.418047875364564
2037	16.4611352544163
2038	16.414131540219024
2039	16.59383131973465
2040	16.211966774301114
2041	16.381672427107247
2042	16.376073216099588
2043	16.347416135771905
2044	16.445512059805072
2045	16.722068511748578
2046	16.16764371299462
2047	16.3987886134071
2048	16.28650337889218
2049	16.224416339501712
2050	16.499093989934217
2051	16.57841461362156
2052	16.423260147647195
2053	16.2488751378585
2054	16.424174241673597
2055	16.313102260272
2056	16.40340801823695
2057	16.201348128669586
2058	16.32852588182029
2059	16.15148144382048
2060	16.380651158440102
2061	16.524782232216726
2062	16.35592008212647
2063	16.155740382157347
2064	16.432314339515166
2065	16.409989501626267
2066	16.18327747397822
2067	16.405061549548275
2068	16.273275372818098
2069	16.33332391756289
2070	16.413114084167084
2071	16.44997018084021
2072	16.274704735411607
2073	16.451156319915956
2074	16.239352497334675
2075	16.325680637909787
2076	16.361526011549984
2077	16.39327320025721
2078	16.38079308780743
2079	16.234847974351798
2080	16.38210385230361
2081	16.425828889294515
2082	16.44305595339552
2083	16.31020052864618
2084	16.573530413378016
2085	16.51836380125766
2086	16.315086571242247
2087	16.664425304592733
2088	16.248197993200893
2089	16.584908823579358
2090	16.355256805191825
2091	16.315562331925058
2092	16.218660075642475
2093	16.09734447780156
2094	16.338754330879897
2095	16.30851644932601
2096	16.14644903218111
2097	16.134271864969964
2098	16.379406961555123
2099	16.534958751058564
2100	16.27864500170634
2101	16.58613968483548
2102	16.07835001998672
2103	16.359905971092726
2104	16.314131426603637
2105	16.36951821362569
2106	16.39501659391997
2107	16.288493683801274
2108	16.335710249233774
2109	16.34482859052704
2110	16.39232741221864
2111	16.189831080473393
2112	16.39712569433581
2113	16.413431405916096
2114	16.338587097349016
2115	16.522548939485606
2116	16.339848998057604
2117	16.082055432845713
2118	16.322154338480004
2119	16.410207857435324
2120	16.367425550818048
2121	16.316230009029226
2122	16.511524880871555
2123	16.224087512219914
2124	16.317697040147213
2125	16.325957967777647
2126	16.272206361508673
2127	16.16295416731697
2128	16.395915997437527
2129	16.15011628949474
2130	16.264560032272072
2131	16.347173008521292
2132	16.384147763986352
2133	16.11515304332042
2134	16.421599072917626
2135	16.203111587799718
2136	16.134824271007147
2137	16.238939153606818
2138	16.12746090746783
2139	16.391559480144622
2140	16.303460492314514
2141	16.27078236613514
2142	16.34465972569373
2143	16.256489972776116
2144	16.34980106021884
2145	16.460553369631246
2146	16.041922252693006
2147	16.485363447119198
2148	16.204301446983855
2149	16.43257956917187
2150	16.324117494829107
2151	16.483695699891303
2152	16.184084743166235
2153	16.189961910655153
2154	16.17526045504687
2155	16.357394051979025
2156	16.40536006383038
2157	16.02694624847995
2158	16.09662481353144
2159	16.229417458206854
2160	16.210753996191148
2161	16.24555580540453
2162	16.38719343334519
2163	16.335833776778667
2164	16.087752617298182
2165	16.304504331644026
2166	16.19991235438239
2167	16.2934600879895
2168	16.38693672941112
2169	16.092477237356977
2170	15.934768404971516
2171	16.197964369696574
2172	16.216468941654668
2173	16.151310786158305
2174	16.039849246244376
2175	16.074083112171103
2176	16.146446898253533
2177	16.24286298641912
2178	16.35827619741866
2179	16.328894832629214
2180	16.144327444205793
2181	16.22487789394016
2182	16.208685445304816
2183	15.929772831836138
2184	16.02753241220486
2185	16.08759236549216
2186	16.152358281457687
2187	16.111311142942494
2188	16.092639672173533
2189	16.306049905216266
2190	16.270549120369537
2191	16.14705339257238
2192	16.278164217277467
2193	16.22822007642046
2194	16.12781553591761
2195	16.0271312311715
2196	16.08961453986463
2197	16.326267070372914
2198	16.182858908607844
2199	16.393028543230706
2200	16.055105535672503
2201	16.31189221702746
2202	16.14738044446871
2203	16.04257043301937
2204	16.286124433009554
2205	15.92627243805808
2206	16.42178418080546
2207	16.38190073266157
2208	16.293667372203856
2209	16.149184781986694
2210	16.27969407243579
2211	16.302006058220005
2212	16.03166179344834
2213	16.302402090990714
2214	16.11070226349637
2215	16.12169153133898
2216	16.611853055776745
2217	16.30996333603479
2218	16.074140993759933
2219	16.371114099333035
2220	16.31449638969738
2221	16.345635712085706
2222	16.4026105860134
2223	16.11199141106537
2224	16.396740936014194
2225	15.970201000715816
2226	15.987379579347925
2227	16.19374213366781
2228	16.0487998171732
2229	16.269099744167637
2230	16.191908343542615
2231	16.063646790713367
2232	16.28701741949366
2233	16.03635248712306
2234	16.119543119557864
2235	16.309829699502338
2236	16.200872365561377
2237	16.377988884634323
2238	16.40704129307718
2239	15.996367788904339
2240	16.080625956344765
2241	16.362418147376125
2242	16.253767950280714
2243	16.28462289522795
2244	16.052531185492338
2245	16.375307757041444
2246	16.168412394806296
2247	16.346279078882215
2248	16.231313067209463
2249	16.323263451418644
2250	16.183300196350352
2251	16.104680385661847
2252	16.258026805076888
2253	16.287427960805203
2254	16.356264127907412
2255	16.162507073238157
2256	16.21639255442009
2257	16.123062068934633
2258	15.976984393252229
2259	16.20173844459624
2260	16.01954056401913
2261	16.410674872895118
2262	16.382925323385205
2263	16.316780149388215
2264	16.059806030522083
2265	16.119514367139086
2266	16.206310573534157
2267	16.4465773243027
2268	16.009724428464835
2269	16.140850616037817
2270	16.17166369465422
2271	16.269266673495892
2272	16.232345525202714
2273	16.35927679043313
2274	16.253016248988008
2275	16.263861625375302
2276	16.10622284719423
2277	16.08834137900342
2278	16.136746002522923
2279	16.14599914555477
2280	16.016335167627
2281	16.104715362786806
2282	16.198595033472987
2283	16.102363831913404
2284	16.231271734919723
2285	16.28475989255668
2286	16.251279276034882
2287	16.000790404134214
2288	16.192745391822964
2289	16.04677700362877
2290	16.22737013846569
2291	15.93775940741875
2292	16.334335727346268
2293	16.001614679665234
2294	16.08079893371705
2295	16.30693544183946
2296	16.056359780261488
2297	16.25850283081137
2298	16.30033395948544
2299	16.0534592560891
2300	16.101872175051973
2301	16.399635684939764
2302	16.359600579867813
2303	16.168242884501392
2304	15.895224506629498
2305	16.066532269461273
2306	16.20311020030005
2307	16.023142859902027
2308	16.189460132132414
2309	16.165798645411634
2310	16.209214233850567
2311	16.00386356043178
2312	16.055299758570495
2313	16.14406520438266
2314	16.053914689439967
2315	16.263327045609593
2316	15.990304967293088
2317	15.947526040772688
2318	16.272107464995216
2319	16.083870813400644
2320	15.957253439659747
2321	16.217990660166656
2322	16.265796586648396
2323	16.189203483723944
2324	16.000886857929874
2325	16.2237113470951
2326	16.22337617067837
2327	16.157130264428073
2328	16.19115368925938
2329	15.925290424360163
2330	16.158067790576094
2331	16.062030653861026
2332	16.442438630875582
2333	16.350616337563
2334	16.15271612180696
2335	16.351847438862773
2336	16.395555508696884
2337	15.960806380017218
2338	16.10996090306592
2339	15.916819079952608
2340	16.203412797833447
2341	16.071185573505733
2342	16.157664094039358
2343	16.099898350373383
2344	16.332591925960376
2345	15.950480289290827
2346	15.923651285216954
2347	16.062161042955015
2348	16.170853808207823
2349	16.206169351591527
2350	15.93875740500487
2351	15.923128851841973
2352	16.052826082781962
2353	16.00703340982568
2354	16.27280955404983
2355	16.000982262133967
2356	15.856028192689958
2357	16.36057258846914
2358	16.15263533146044
2359	16.210938842643042
2360	16.071157720327868
2361	16.02164437316602
2362	16.16181650265104
2363	16.26420662784507
2364	16.0879361158536
2365	16.106660701058814
2366	15.816634064028362
2367	15.907968963935987
2368	15.88016869149059
2369	16.28525381081639
2370	15.997334481653441
2371	16.09827175995595
2372	16.034271817413675
2373	15.911220952492297
2374	16.003869241037883
2375	15.998392820732603
2376	16.04303345285537
2377	16.300491611110854
2378	16.202602153041088
2379	16.054649906899996
2380	16.326084228019482
2381	16.02483967612384
2382	15.968242867438452
2383	15.975510205170949
2384	16.12666149518608
2385	16.071979440490225
2386	15.949434323902944
2387	15.998500022142318
2388	16.135372815295074
2389	15.842245143484007
2390	16.051817211128988
2391	16.318335581236962
2392	15.952461629766137
2393	16.112684969039446
2394	15.952971185566875
2395	16.18619019769334
2396	16.172192468981684
2397	15.885945991376115
2398	16.184945473505955
2399	16.051247582367754
2400	16.077233788407206
2401	16.23231317313354
2402	16.155985513833297
2403	16.20565201890198
2404	15.851631640795029
2405	15.987228118279129
2406	16.14307747881508
2407	16.198406207123355
2408	15.756863007682474
2409	15.95269609353945
2410	15.885923923695183
2411	16.11138620453238
2412	15.915932303526077
2413	16.179823466324798
2414	15.917138306055195
2415	16.243936392657773
2416	16.23860295859619
2417	16.08084788960574
2418	15.982329730602313
2419	16.08301419346197
2420	16.107240698874882
2421	15.873023615797896
2422	15.881796190831203
2423	16.019440331403793
2424	15.922664161637853
2425	16.04092505282647
2426	16.06545406735167
2427	16.08200686839642
2428	16.113671704183787
2429	16.144208205483864
2430	16.2997552406331
2431	16.136631788810533
2432	16.007705795223
2433	16.14552193849487
2434	16.163521366266668
2435	16.055943012884786
2436	16.039261429762053
2437	15.969704313266293
2438	16.11185592152746
2439	16.017682314297943
2440	16.319051476346534
2441	15.742534118287155
2442	15.965042625754238
2443	15.921844401016138
2444	16.430234657282213
2445	16.090500992963563
2446	15.906607204108568
2447	16.049850428975876
2448	16.14630138965824
2449	15.864315046884819
2450	15.923152088808529
2451	15.929200263991074
2452	15.835514113849964
2453	16.02089809813184
2454	16.072930056713986
2455	15.780660314151326
2456	16.061778456715988
2457	16.0549365201352
2458	15.886801542556013
2459	15.968604495011787
2460	16.113204493206762
2461	16.130623404327316
2462	16.278637382140577
2463	15.869681560181228
2464	16.06583969763622
2465	15.987544089458806
2466	16.10751026559448
2467	15.745557516430685
2468	16.140681102835753
2469	16.297781186276815
2470	15.9913269438508
2471	16.22254761379275
2472	15.946033511484655
2473	15.877967421067176
2474	16.02988680888772
2475	15.92916624998849
2476	15.980987250323206
2477	16.082315089885356
2478	16.04322870406573
2479	15.752866358238194
2480	15.897683161877753
2481	16.14317333512856
2482	15.942927419806319
2483	16.13863218397605
2484	16.097137074532252
2485	16.154403032593308
2486	15.896516694302205
2487	15.91167692542677
2488	16.073473847949188
2489	15.670637690703474
2490	16.05606879399772
2491	15.795875507960442
2492	15.894376846604636
2493	16.109285656680957
2494	15.97138855621756
2495	15.914613234289625
2496	16.07443192034136
2497	15.866936631476253
2498	15.957513279150703
2499	15.806656163467807
2500	15.862326252484019
2501	15.812763527179747
2502	15.738773492334259
2503	15.784442108952547
2504	15.857511024142326
2505	16.078999937220793
2506	15.972919680196767
2507	16.189606846761272
2508	15.974190548210204
2509	15.917816857017506
2510	15.725220618172662
2511	15.939286552484646
2512	15.932767989253
2513	15.916596318364844
2514	15.931516751785738
2515	16.07329503576151
2516	16.04612451146832
2517	16.088150612171383
2518	15.913308707648545
2519	15.97991604325488
2520	16.221849255310037
2521	16.34117413533359
2522	15.944795974579538
2523	15.761409278312748
2524	15.85797891560246
2525	15.797293146340685
2526	15.964290951812039
2527	16.02325685753212
2528	16.106773422808104
2529	15.990278517003382
2530	15.943616191045205
2531	15.889434115948049
2532	15.726286663512418
2533	16.037022952179584
2534	16.101074634138932
2535	16.213578041229702
2536	16.023656284776997
2537	16.09440551183487
2538	15.86984892693411
2539	16.070126966473783
2540	15.696778641080748
2541	16.031922041707745
2542	15.670204893387718
2543	15.913885103465404
2544	15.847820065779649
2545	16.071943295184806
2546	15.88813476194121
2547	15.900485276464032
2548	16.19889226338736
2549	15.9756649704973
2550	15.929321348617012
2551	15.819870643148745
2552	15.836064918168349
2553	15.72074612139886
2554	15.884354975237565
2555	16.108826828714136
2556	15.761501888802277
2557	15.8309423820649
2558	16.01074228365194
2559	15.780304298957759
2560	16.082922290229508
2561	15.859444581159227
2562	15.947417405077339
2563	15.927989258347028
2564	15.75949605378506
2565	16.069830909231158
2566	15.920261474037249
2567	15.969536653481684
2568	16.000278000124798
2569	15.950555999530163
2570	15.7781412619635
2571	15.76517531598859
2572	15.901777771880829
2573	15.861090475377814
2574	15.731731697814803
2575	16.02085981048962
2576	15.88712701915233
2577	16.034711455958846
2578	15.921755835465282
2579	15.835653500948307
2580	15.944547384453692
2581	15.904533672404089
2582	16.14958863745504
2583	15.864576598867918
2584	15.876456386372363
2585	15.95213253973949
2586	16.12481590146532
2587	15.762512445599356
2588	15.69689079211552
2589	15.747106984828283
2590	15.876886449389527
2591	16.05790884194696
2592	15.85634892656302
2593	16.098994608782736
2594	16.052575825273276
2595	16.06394986817597
2596	15.850848783414598
2597	15.885753862169311
2598	16.074624339397605
2599	16.020228014155276
2600	15.952106495849668
2601	15.879891108008401
2602	15.876783226864477
2603	15.897308189837048
2604	15.791848736532318
2605	15.62797589863885
2606	15.766259678775794
2607	15.596214280303567
2608	16.04794041352616
2609	15.839054436848922
2610	16.123637834665526
2611	15.776251970024262
2612	15.927639522306409
2613	15.89460612548197
2614	15.859354481447015
2615	16.014311999209173
2616	15.88113810453935
2617	15.790087351090236
2618	15.814420219558556
2619	15.98174922683761
2620	15.859970772874311
2621	15.675025688189766
2622	15.98961273606229
2623	15.919021628154299
2624	15.956928427954804
2625	15.876714924896236
2626	15.779345279716795
2627	15.797042641586424
2628	16.118757118708515
2629	15.762699788505225
2630	15.736373661945558
2631	15.822159348535653
2632	15.872334881011446
2633	15.91882346378448
2634	15.944934527352164
2635	15.903299171386282
2636	15.692775120023894
2637	15.703653571997174
2638	15.603949307127795
2639	15.64929380540178
2640	15.917191974682577
2641	15.825285889549745
2642	15.821849003988085
2643	15.813038469993733
2644	15.790006110962594
2645	15.906850645249241
2646	15.64438024079141
2647	16.073705915411725
2648	16.043331458004303
2649	15.936431922570511
2650	15.770125959437063
2651	15.747026285452474
2652	16.03115743990685
2653	15.675743798055981
2654	15.911814094946509
2655	15.998544904298623
2656	15.721127589350674
2657	15.613607193281618
2658	15.898195921410066
2659	15.68568346061326
2660	15.847073777136751
2661	15.86165221104603
2662	15.945563900720073
2663	15.979478917111503
2664	15.671072119373605
2665	15.757297880492692
2666	15.795551419867996
2667	15.801033119527514
2668	15.942771594348285
2669	15.667308337759827
2670	15.686217061677793
2671	15.602563106514179
2672	15.844186510716089
2673	15.947285577231298
2674	15.849601447061316
2675	15.603702040076945
2676	15.974212365204181
2677	16.091825151070804
2678	16.00975511281189
2679	15.765789326979345
2680	15.870836505813642
2681	15.96367257479501
2682	15.910047350265456
2683	16.031390822625998
2684	15.809777577280432
2685	15.680567489879474
2686	15.64543284940722
2687	15.854339912482777
2688	15.87182811260962
2689	15.912364304253973
2690	15.867351501541807
2691	15.945892869073157
2692	15.63853267841428
2693	15.985419368109497
2694	15.709398091966248
2695	15.794887406577072
2696	15.854611770575348
2697	15.684634371864206
2698	15.708180996246563
2699	15.84789670961872
2700	16.061206710376705
2701	15.681929948909863
2702	15.678833232252376
2703	15.83461899658998
2704	15.929866512746573
2705	16.15743754170575
2706	16.06981499040083
2707	15.990104021121844
2708	15.419280958328185
2709	15.921124164282343
2710	16.01428918445132
2711	16.043876268537044
2712	15.876873115661462
2713	16.119017817840344
2714	15.983748513737163
2715	15.595102869860078
2716	16.036318148760305
2717	15.819638078342132
2718	15.771602713116327
2719	15.904616575433437
2720	15.81633646000942
2721	15.67236681573913
2722	15.752163137532177
2723	15.795174475263329
2724	15.782106772172622
2725	15.775334157838625
2726	15.74359682674325
2727	15.628789339800699
2728	15.651649519895726
2729	15.995167399423408
2730	15.894494905980324
2731	15.633959079313462
2732	15.842265994930381
2733	15.878429337903802
2734	15.796233972148325
2735	15.956175551735754
2736	15.806218733175443
2737	16.031180120557593
2738	16.087217275074853
2739	15.774476971719197
2740	15.93514622669176
2741	15.76285580005149
2742	15.886233217569952
2743	15.79208576690526
2744	16.0623558182297
2745	15.890708486690773
2746	15.774521583153355
2747	15.878860970278327
2748	15.856172471427882
2749	15.702083585294652
2750	15.760882743821002
2751	15.819691706136446
2752	15.875282450245845
2753	16.137735396429033
2754	15.815975590380882
2755	15.79124974105985
2756	15.887571372275206
2757	15.915055419384746
2758	15.696864504794881
2759	15.847596670703869
2760	15.77731847892032
2761	15.712437379412842
2762	15.780160531036
2763	15.805460547028819
2764	15.985700639597864
2765	15.803521733618258
2766	15.92797720868939
2767	16.238512875320485
2768	15.959668728765749
2769	15.807786528676738
2770	15.821989338325269
2771	15.745556149387232
2772	15.76249063162554
2773	15.814937244543135
2774	15.8817563863496
2775	15.91272740735022
2776	15.639964963997999
2777	15.884537373315192
2778	15.681840255688002
2779	15.62240767074071
2780	16.016547472540076
2781	15.66076585343966
2782	15.807997629436512
2783	15.559460811580543
2784	15.737710731206729
2785	15.865777248798263
2786	15.629743672608264
2787	15.692465289035297
2788	15.886538102474603
2789	15.697944715526207
2790	15.69570869455215
2791	15.894547182834263
2792	15.663939244228978
2793	15.928671560676806
2794	15.834707562902796
2795	15.624942469669234
2796	15.772696866042157
2797	15.699953933973967
2798	15.593814017452774
2799	15.756729726742158
2800	15.53518336487932
2801	15.729455488953969
2802	15.667346103817962
2803	15.855493271396798
2804	15.688496375901073
2805	15.679023365048348
2806	15.759479200149888
2807	15.987010737121636
2808	15.733250012286138
2809	15.76763059739571
2810	15.7141150401315
2811	15.859344409494156
2812	15.93639289859715
2813	15.679027404037793
2814	16.0873035633812
2815	15.862224993862876
2816	15.595722594384794
2817	15.91622906270421
2818	15.847954492470198
2819	15.821500322458416
2820	15.947156470855019
2821	15.792123130285797
2822	15.70447021170929
2823	15.55922769160335
2824	15.48039174949647
2825	15.710655567811791
2826	15.974683652242186
2827	15.793542613568084
2828	15.813445016048183
2829	15.948442381129857
2830	15.857366754794265
2831	15.810239649720389
2832	15.914448267792732
2833	15.829274984002447
2834	15.722444875792469
2835	15.722933424845062
2836	15.935309826567943
2837	15.889635872384087
2838	15.742051636029968
2839	15.77533525829859
2840	15.860728000757884
2841	15.629036477028487
2842	15.86908404622291
2843	15.748168723989975
2844	15.913731324883424
2845	15.98894752548511
2846	15.910618589508672
2847	15.712107571698493
2848	15.844067095002174
2849	15.722763899385619
2850	15.680130298387716
2851	15.916854415868231
2852	15.69882496136911
2853	15.42725598001019
2854	16.02269720514596
2855	15.826575203341847
2856	15.385652024307257
2857	15.566874039442588
2858	15.755403396364958
2859	15.546063092631101
2860	15.67734584635412
2861	15.737595261453317
2862	15.73898860844666
2863	15.564274281643371
2864	15.837305449395268
2865	15.788581291005661
2866	15.87795559524424
2867	15.809224979139987
2868	15.895155791188664
2869	15.762042106738738
2870	15.90560801860963
2871	15.742748114776276
2872	15.728238165616192
2873	15.82656963160397
2874	15.546821700104614
2875	15.562309390185108
2876	15.678347351348222
2877	15.661604428499084
2878	15.586110048986976
2879	15.646694454288415
2880	15.585762193009527
2881	15.610787907119425
2882	15.725824586834287
2883	15.785045004480748
2884	15.669181424097427
2885	15.512814414589215
2886	15.808988753763849
2887	15.744632609105208
2888	15.576242919454057
2889	15.673991044181783
2890	15.438361427931504
2891	15.628198031047289
2892	15.685911667162118
2893	15.816147947640516
2894	15.882759667769585
2895	15.765033356052028
2896	15.90138086587586
2897	15.924976534262784
2898	15.641941214242078
2899	15.753991164234872
2900	15.838242437592676
2901	15.79215592616872
2902	15.7499585574055
2903	15.73299181723387
2904	15.69701355756355
2905	15.783424554164348
2906	15.798233377412936
2907	15.761751736852545
2908	15.750622218887509
2909	15.510547209192165
2910	15.835655179382949
2911	15.889114427810886
2912	15.61847225465254
2913	15.715666071007934
2914	15.635376762667805
2915	15.75770568472247
2916	15.538804717631253
2917	15.74215123962629
2918	15.761433149951028
2919	15.674327823400906
2920	15.588919260868892
2921	15.711024097763847
2922	15.652826353693492
2923	15.688463689230707
2924	15.65260730177523
2925	15.721314011038592
2926	15.70188274774867
2927	15.62704147241396
2928	15.351681801111061
2929	15.849787715858739
2930	15.554535507306301
2931	15.620167553420902
2932	16.0195587446831
2933	15.549058373382303
2934	15.951942360334186
2935	15.705056015379517
2936	15.607883072256916
2937	15.841006524894235
2938	15.588187010573296
2939	15.655095499820405
2940	15.590321528981049
2941	15.606201293963759
2942	15.76006438005553
2943	15.844497064432987
2944	15.578376799343186
2945	15.627459715735549
2946	15.802606229686058
2947	15.838353754291754
2948	15.88502119363453
2949	15.958433381752604
2950	15.571368125025757
2951	15.556205032624831
2952	15.747242895161934
2953	15.675580803141262
2954	15.873487554910014
2955	15.674380851959345
2956	15.647522493177693
2957	15.630841385986116
2958	15.66356498234742
2959	15.89074394785869
2960	15.66541499235778
2961	15.528662652013372
2962	15.807050381199971
2963	15.775013480637053
2964	15.488693274637228
2965	15.766960055180553
2966	15.764977293568343
2967	15.816328102481759
2968	15.730202423098348
2969	15.467802395357747
2970	15.632735013284597
2971	15.767855415662696
2972	15.728531752017268
2973	15.647786896933805
2974	15.393255201160546
2975	15.66804405256103
2976	15.558073673394004
2977	15.673505666699844
2978	15.657989002369872
2979	15.566680940118292
2980	15.789605868127667
2981	15.565775047339642
2982	15.825824549829214
2983	15.420178550296914
2984	15.687251023526034
2985	15.527168490858147
2986	15.814215369766162
2987	15.587121072306708
2988	15.715819513729535
2989	15.797579887907975
2990	15.776903038296286
2991	15.585774051194983
2992	15.470151797427711
2993	15.642282503170179
2994	15.516262658514641
2995	15.467302409473369
2996	15.781695309256582
2997	15.655686897891547
2998	15.525390080227456
2999	15.750250829118654
3000	15.601520666218725
3001	15.739823244887095
3002	15.84432203816251
3003	15.86726435452404
3004	15.485382384282728
3005	15.580334319440926
3006	15.720653840070732
3007	15.604904386889837
3008	15.547685816180284
3009	15.567173453816967
3010	15.757056586786526
3011	15.745137487313976
3012	15.536035249301168
3013	15.432867835050084
3014	15.373372158767793
3015	15.586676880302695
3016	15.455275359609637
3017	15.487023656225904
3018	15.616405691433494
3019	15.383164930598745
3020	15.636892391372816
3021	15.407163259222386
3022	15.677556752116335
3023	15.913576388429728
3024	15.633344697845269
3025	15.59639287331181
3026	15.663726311230906
3027	15.681700741515927
3028	15.741422471709143
3029	15.60113625905966
3030	15.66576206183735
3031	15.678813173594957
3032	15.4753261952297
3033	15.59516467914192
3034	15.8805753804737
3035	15.693097385769292
3036	15.743277269784905
3037	15.550727220033009
3038	15.570030827521721
3039	15.830160357275973
3040	15.863574932772115
3041	15.740143027304956
3042	15.717478933918951
3043	15.73195884978373
3044	15.570497156951085
3045	15.735884654014907
3046	15.708081451831516
3047	15.564050303692397
3048	15.61187825542926
3049	15.714625366622705
3050	15.695806971253425
3051	15.626415719917373
3052	15.669476420897052
3053	15.71677562006019
3054	15.626624511900763
3055	15.83380825586976
3056	15.457234139169708
3057	15.60433916200789
3058	15.7593760111032
3059	15.910803376480567
3060	15.809374450148542
3061	15.605104522562415
3062	15.846562291854097
3063	15.63404415229007
3064	15.677296195180023
3065	15.678841197145802
3066	15.572667429120635
3067	15.679097376661458
3068	15.650386186135666
3069	15.494914035004296
3070	15.702706631800769
3071	15.71957038240484
3072	15.699251258047074
3073	15.85517377410056
3074	15.57000196691651
3075	15.663094475187805
3076	15.507845338955732
3077	15.528035314587127
3078	15.562767721100464
3079	15.63391729974109
3080	15.61840606728873
3081	15.645295560306742
3082	15.63012668496054
3083	15.515440243804573
3084	15.693843640500537
3085	15.487148433527288
3086	15.635561791364236
3087	15.737401656453782
3088	15.61256766896914
3089	15.654909279724757
3090	15.516560779363118
3091	15.612266201402724
3092	15.665455104641648
3093	15.682542379710034
3094	15.791381805740954
3095	15.62709335026775
3096	15.696903523026164
3097	15.592891064557332
3098	15.515724460650349
3099	15.557765975128707
3100	15.436422267213418
3101	15.586603483770961
3102	15.86505056002547
3103	15.61424218405769
3104	15.728904088335511
3105	15.747204581311028
3106	15.59397029841675
3107	15.606661941435846
3108	15.572753522831787
3109	15.632081713874818
3110	15.532690374917053
3111	15.670346692169538
3112	15.480636428330014
3113	15.660616347082435
3114	15.692168520553661
3115	15.47659770211921
3116	15.863550761429737
3117	15.627071808527022
3118	15.790914966984532
3119	15.726754812094603
3120	15.66740198474814
3121	15.698067045666168
3122	15.857282952880976
3123	15.65396660825271
3124	15.746785544224265
3125	15.911605276103892
3126	15.557609638744546
3127	15.558798150156102
3128	15.489777716131645
3129	15.654546552997497
3130	15.68256390285931
3131	15.384705478368538
3132	15.658956775154234
3133	15.670943649717463
3134	15.740847519406442
3135	15.56260033038367
3136	15.361100190602633
3137	15.816413945702436
3138	15.687924096606407
3139	15.770862674798881
3140	15.588687692987158
3141	15.608001878938502
3142	15.495533014549622
3143	15.632040362327553
3144	15.424914860615779
3145	15.649778698581153
3146	15.724982564445385
3147	15.624207572382632
3148	15.57416244362083
3149	15.392190597055869
3150	15.511094422843033
3151	15.658594132521003
3152	15.362443699411928
3153	15.601971763912745
3154	15.675003363901554
3155	15.726308934690953
3156	15.680251673444081
3157	15.722822137365727
3158	15.769892333076264
3159	15.615346250648576
3160	15.714685234294794
3161	15.63614213061432
3162	15.576387135652645
3163	15.651965251739066
3164	15.665974358017918
3165	15.646182624013182
3166	15.52566842294137
3167	15.499494902060926
3168	15.619049723911923
3169	15.470896646237751
3170	15.336459870401587
3171	15.518711690720218
3172	15.509661453302064
3173	15.746405853812664
3174	15.656783064107145
3175	15.770441415512135
3176	15.434157113376346
3177	15.631452950013102
3178	15.305098984936805
3179	15.455895099616091
3180	15.53044137016515
3181	15.459525075750294
3182	15.756426832832545
3183	15.591082878923674
3184	15.592696633277328
3185	15.625762701001245
3186	15.722277232827901
3187	15.446452365644548
3188	15.699017531747367
3189	15.609393820989247
3190	15.6072583724852
3191	15.690534196633351
3192	15.734312665700703
3193	15.69547865712173
3194	15.297656612700166
3195	15.58492010524294
3196	15.595299180555507
3197	15.570626648110112
3198	15.603494983486822
3199	15.490699226171955
3200	15.661257394710198
3201	15.645294620379664
3202	15.465552248929832
3203	15.280395465512527
3204	15.797153987590757
3205	15.290563051344694
3206	15.53259838918384
3207	15.309273259452153
3208	15.59175286048985
3209	15.828594610641417
3210	15.567763567976192
3211	15.53618423461245
3212	15.687094772416943
3213	15.72565877322192
3214	15.626483718559086
3215	15.510616255494398
3216	15.39181040045718
3217	15.60661614680028
3218	15.537765695922065
3219	15.460157783746425
3220	15.307122434227349
3221	15.694656019803018
3222	15.575746521552631
3223	15.918402927552641
3224	15.705270295288578
3225	15.688787761310557
3226	15.674255973062088
3227	15.62580789673821
3228	15.655238113914427
3229	15.623888939513268
3230	15.448193973885015
3231	15.438506693320736
3232	15.438507868302457
3233	15.68526425240625
3234	15.672272890572387
3235	15.670639231913974
3236	15.829860916935903
3237	15.502855381868848
3238	15.621931937276605
3239	15.650748105755385
3240	15.56649657958822
3241	15.623930617996805
3242	15.596434380440396
3243	15.604056307501562
3244	15.448448191707538
3245	15.688585559862469
3246	15.36493063491026
3247	15.781680334210371
3248	15.568923116700661
3249	15.477677066953913
3250	15.8579693741145
3251	15.537031927420374
3252	15.835034733832513
3253	15.519777465913371
3254	15.506815978012423
3255	15.697494752511577
3256	15.519232954950093
3257	15.565059116666044
3258	15.629663422737789
3259	15.521308803476275
3260	15.688131274986135
3261	15.596139852256643
3262	15.505008666465537
3263	15.448437597227166
3264	15.643646570445224
3265	15.57351281615182
3266	15.44537967593845
3267	15.393683854677617
3268	15.616012323730862
3269	15.463612239378266
3270	15.561989625180878
3271	15.734824934027571
3272	15.563983736323387
3273	15.632485518067364
3274	15.649875516323624
3275	15.752899331548845
3276	15.576150450218138
3277	15.409226618069905
3278	15.300411362543919
3279	15.729189282598199
3280	15.762287547406554
3281	15.525852023272112
3282	15.522910477806542
3283	15.618747914973994
3284	15.522892182962492
3285	15.611304714490963
3286	15.770542768894844
3287	15.70278534814902
3288	15.35868776701362
3289	15.380087972968484
3290	15.66690697560727
3291	15.438577373356825
3292	15.466668985347766
3293	15.457952864928773
3294	15.422636974666323
3295	15.667886535851954
3296	15.319148319558362
3297	15.547359085935467
3298	15.41057891220401
3299	15.751168910243974
3300	15.42317249993595
3301	15.43965263089174
3302	15.509234484789847
3303	15.502146303921531
3304	15.601361496292757
3305	15.678462923223373
3306	15.388107758668157
3307	15.482456639388936
3308	15.501244673439823
3309	15.293781018723667
3310	15.563088935930288
3311	15.399149469894207
3312	15.300605026528071
3313	15.40422502549081
3314	15.475248983446765
3315	15.433930396490721
3316	15.654156938091532
3317	15.325507013585998
3318	15.352369082191267
3319	15.658995442206963
3320	15.466262689065312
3321	15.590834071083185
3322	15.420821772877245
3323	15.551359206529732
3324	15.508040113194102
3325	15.503764186269848
3326	15.329694537507436
3327	15.479150330732006
3328	15.676051070219566
3329	15.49582202003876
3330	15.677420594863353
3331	15.509362334348488
3332	15.385752333361449
3333	15.538746538701975
3334	15.512571392153248
3335	15.644655244867996
3336	15.369891890672744
3337	15.670179920870728
3338	15.619065547131072
3339	15.345638372130848
3340	15.329962200312158
3341	15.500569460362893
3342	15.641827640763212
3343	15.29463020823433
3344	15.332521209949215
3345	15.495910586310016
3346	15.618434403705734
3347	15.40274653404813
3348	15.324775650596322
3349	15.412807519811489
3350	15.459872915063515
3351	15.457426583902365
3352	15.622128073695041
3353	15.536548867212007
3354	15.815358449780296
3355	15.36471183489625
3356	15.393896420173958
3357	15.590522230379039
3358	15.81306571666653
3359	15.668279970169243
3360	15.429842221353956
3361	15.40920172971749
3362	15.420337908567607
3363	15.448546380657376
3364	15.441004925710528
3365	15.550150091331112
3366	15.47728285343488
3367	15.263469270053657
3368	15.867909793714519
3369	15.505822025373416
3370	15.788520656721115
3371	15.453797520343402
3372	15.308119869659901
3373	15.374193559290752
3374	15.615513359786256
3375	15.328811352800512
3376	15.516467920082713
3377	15.58018538796753
3378	15.447548984763307
3379	15.221037520718411
3380	15.47370876575711
3381	15.626668374290682
3382	15.530531918187911
3383	15.491624601632344
3384	15.498925920266217
3385	15.586782220168477
3386	15.420352449318179
3387	15.545224828380134
3388	15.456970790436092
3389	15.627659321308263
3390	15.673717412803413
3391	15.261886520394222
3392	15.417288112751198
3393	15.198690242156497
3394	15.435063305421224
3395	15.544643766282833
3396	15.514859762198341
3397	15.395943025029899
3398	15.742509916662579
3399	15.674596141111865
3400	15.561191835884514
3401	15.435364662827126
3402	15.454398843377696
3403	15.56607996515747
3404	15.554831234026338
3405	15.588318535747288
3406	15.565844761236416
3407	15.424365100819385
3408	15.62453912293474
3409	15.386837360351306
3410	15.614621745368705
3411	15.313361561058665
3412	15.461179902826894
3413	15.348981828021852
3414	15.514565307756556
3415	15.49299812508212
3416	15.472289577762782
3417	15.483037452745334
3418	15.510572649024597
3419	15.404137789507148
3420	15.507933050628553
3421	15.250373849925655
3422	15.554237117526558
3423	15.740928966176348
3424	15.503589237434749
3425	15.611573807581843
3426	15.645336246595308
3427	15.444436967852058
3428	15.581970985354024
3429	15.551263149081453
3430	15.427804904462025
3431	15.41476128472996
3432	15.762545203625594
3433	15.510236438793687
3434	15.54278258687257
3435	15.467796004398954
3436	15.447398473005661
3437	15.54952590225561
3438	15.29976846116581
3439	15.632802072053384
3440	15.352053800106924
3441	15.569487259839562
3442	15.344017536902191
3443	15.530851557740943
3444	15.682773023584716
3445	15.554719363912966
3446	15.464952256145525
3447	15.535230372074018
3448	15.357534265280202
3449	15.519888689764834
3450	15.540781276629183
3451	15.766228157397979
3452	15.402415682789966
3453	15.512867370985202
3454	15.644599212590222
3455	15.657070135442018
3456	15.158667044678886
3457	15.373211844626665
3458	15.384672104111939
3459	15.235821329540022
3460	15.173153746815908
3461	15.374012912811153
3462	15.181362661062638
3463	15.415094493375285
3464	15.575863720861891
3465	15.532879115084219
3466	15.538002843840943
3467	15.55406051292997
3468	15.508326773161857
3469	15.293330091382009
3470	15.491950381881832
3471	15.53906112145996
3472	15.572412599324295
3473	15.863882480700463
3474	15.532461909525848
3475	15.430170838615176
3476	15.633870544323175
3477	15.406911576712716
3478	15.495993717386987
3479	15.35999225555025
3480	15.429628162028415
3481	15.355261524528741
3482	15.37370987724679
3483	15.460381044468786
3484	15.683370922693946
3485	15.398093364728005
3486	15.553331785317077
3487	15.401330607179839
3488	15.383543413579378
3489	15.492240747316265
3490	15.444147474564696
3491	15.162132788306938
3492	15.615784509313013
3493	15.595107843813652
3494	15.498114438346333
3495	15.568255724785361
3496	15.610095712835571
3497	15.623137344983142
3498	15.4880003744956
3499	15.509483444097086
3500	15.548401065282473
3501	15.409199248846592
3502	15.45383429951785
3503	15.431614497225791
3504	15.351732027100732
3505	15.400704285926068
3506	15.519058920118564
3507	15.443547335987365
3508	15.363567589082397
3509	15.324191130530048
3510	15.47595511920017
3511	15.416393589121162
3512	15.623812387622232
3513	15.36020387626382
3514	15.476155788681297
3515	15.275278965071829
3516	15.331117935272925
3517	15.54861316308205
3518	15.329226994733249
3519	15.383129212132417
3520	15.48998404673702
3521	15.591037893067623
3522	15.486919217565413
3523	15.483362210453482
3524	15.532634222105926
3525	15.4985996090974
3526	15.617820501640141
3527	15.458202927368706
3528	15.268165838592745
3529	15.182396424738899
3530	15.504001135359688
3531	15.31497047218802
3532	15.44572260227566
3533	15.250636735359608
3534	15.470840426440828
3535	15.337347076948562
3536	15.399521288283209
3537	15.088741192251193
3538	15.538452359982404
3539	15.567523916245568
3540	15.659112456167085
3541	15.688525467341634
3542	15.322713948489314
3543	15.330950991997344
3544	15.571553050094977
3545	15.256153132627341
3546	15.457206261840174
3547	15.529243940600876
3548	15.561452752147487
3549	15.222940980397189
3550	15.388985440237013
3551	15.56887448834406
3552	15.407541099965556
3553	15.577664770623844
3554	15.589687720364374
3555	15.465003274732423
3556	15.447562374191543
3557	15.524671997243292
3558	15.527459754095824
3559	15.866126413378216
3560	15.330103768710877
3561	15.357944226653084
3562	15.480812594644338
3563	15.379902617533563
3564	15.416343629810175
3565	15.245365790004382
3566	15.517255020030559
3567	15.470747108710494
3568	15.578254684302374
3569	15.550634379456195
3570	15.466172182404037
3571	15.484875485613598
3572	15.327263158346181
3573	15.53975771264707
3574	15.71452694568537
3575	15.752385924794838
3576	15.337574484754084
3577	15.753801277048254
3578	15.574574798256238
3579	15.356240197822945
3580	15.46888678363988
3581	15.399593967335077
3582	15.45536736959574
3583	15.413980186044416
3584	15.633254555579045
3585	15.377669677464766
3586	15.253453139888398
3587	15.446668281757683
3588	15.431255448371374
3589	15.291709655754195
3590	15.654078743073892
3591	15.556814289472651
3592	15.393153221156563
3593	15.600970297220986
3594	15.23480275653888
3595	15.469784061893925
3596	15.461018652592141
3597	15.57372535147004
3598	15.384621826227283
3599	15.306747571883818
3600	15.338471637662224
3601	15.431943417156848
3602	15.36923600988948
3603	15.316593805832012
3604	15.460055254155087
3605	15.40716465586036
3606	15.466959771698209
3607	15.265623510459658
3608	15.483663913276441
3609	15.27962107225852
3610	15.461192971358996
3611	15.435445847759052
3612	15.440059673687527
3613	15.338456426314636
3614	15.230198186586962
3615	15.32706580950491
3616	15.364934720330142
3617	15.16675820566108
3618	15.480807080035811
3619	15.431425945517386
3620	15.372071996038352
3621	15.461004363371892
3622	15.440399240686144
3623	15.474961102194078
3624	15.43519756758066
3625	15.194751057530235
3626	15.265664228050412
3627	15.455798791965611
3628	15.309439851201617
3629	15.153880482283316
3630	15.456666847976166
3631	15.292482393091253
3632	15.493741948378018
3633	15.475324818545808
3634	15.593336949157225
3635	15.442023889675237
3636	15.445605603772394
3637	15.607027453247175
3638	15.51207166277103
3639	15.154425856472521
3640	15.631133855366153
3641	15.55258770944262
3642	15.594947592074469
3643	15.357028405035484
3644	15.381975612209523
3645	15.425233316311308
3646	15.60790921895871
3647	15.185396944388962
3648	15.515419158003471
3649	15.33977111139569
3650	15.326879834810997
3651	15.274989969148123
3652	15.47338592018697
3653	15.497878435719755
3654	15.290096921994651
3655	15.382567773259845
3656	15.32668913690763
3657	15.445403222685233
3658	15.463856406076097
3659	15.44931261712617
3660	15.402176488804425
3661	15.58268324511209
3662	15.275906476753164
3663	15.38484806389861
3664	15.303045866018032
3665	15.36660001443756
3666	15.422519406023104
3667	15.287661861168552
3668	15.401792285721157
3669	15.103933884531596
3670	15.369754803664971
3671	15.489717999344306
3672	15.330143262132156
3673	15.636249239018174
3674	15.335390866489451
3675	15.665403377393712
3676	15.424868098668194
3677	15.507716178505005
3678	15.4073235418379
3679	15.554569307226481
3680	15.179526136691546
3681	15.459439084025318
3682	15.248695291023875
3683	15.528728235731437
3684	15.522701884885926
3685	15.620271685620258
3686	15.327355213209264
3687	15.195710083666262
3688	15.50086847461074
3689	15.463854441640098
3690	15.606676359294111
3691	15.337734684200944
3692	15.262535533187945
3693	15.453593347951454
3694	15.388302275180163
3695	15.19459037573693
3696	15.268374195215632
3697	15.39941444224065
3698	15.516135143074546
3699	15.476726421883113
3700	15.389761711670145
3701	15.47654558263508
3702	15.178203653454059
3703	15.562361713480104
3704	15.308875202018974
3705	15.636337976844436
3706	15.564937959683643
3707	15.608791342686716
3708	15.638787798957102
3709	15.313122875298681
3710	15.493232742594339
3711	15.338918470643849
3712	15.40163787343749
3713	15.439121530971677
3714	15.218011531485539
3715	15.401486406072166
3716	15.474044698043578
3717	15.531791400467464
3718	15.331410972048117
3719	15.43142697921105
3720	15.460494885744025
3721	15.224960154730391
3722	15.484628687866769
3723	15.310355636584207
3724	15.388645830672662
3725	15.711300939846629
3726	15.430427943789283
3727	15.327082239919266
3728	15.310428611747072
3729	15.640933135460996
3730	15.253445120990428
3731	15.388517044673312
3732	15.374838659683533
3733	15.338400891218393
3734	15.323811302839028
3735	15.458891956708092
3736	15.419474287779401
3737	15.458146272021157
3738	15.493812009826932
3739	15.562497680172152
3740	15.412802684866826
3741	15.314257729443133
3742	15.55310786204179
3743	15.405698634135621
3744	15.468896975926192
3745	15.282999215668825
3746	15.367080855832787
3747	15.42641492893821
3748	15.368075522500146
3749	15.26898355784363
3750	15.379555164271935
3751	15.26780516256368
3752	15.122715266720054
3753	15.272669880264456
3754	15.361111061456912
3755	15.447924611684371
3756	15.36501632457894
3757	15.271290191342727
3758	15.077203428806124
3759	15.31951594289509
3760	15.294299102475527
3761	15.367897556819663
3762	15.308297066339676
3763	15.379000474474479
3764	15.455389696298806
3765	15.450623650580061
3766	15.380823721477334
3767	15.194677621482564
3768	15.451468684183055
3769	15.250427611649283
3770	15.295848617961363
3771	15.304142038503167
3772	15.686127557634508
3773	15.48012106713733
3774	15.413572378609732
3775	15.272839785172568
3776	15.40979474723443
3777	15.410660492649415
3778	15.574260704871122
3779	15.29849441761327
3780	15.294530029901024
3781	15.269015747670522
3782	15.417619584762862
3783	15.474723370718513
3784	15.389015163827693
3785	15.505069261847044
3786	15.184058794557847
3787	15.458475243808072
3788	15.293698041298947
3789	15.353197819275548
3790	15.174972849384375
3791	15.474014392778983
3792	15.355211511981002
3793	15.272634110636464
3794	15.188355758924818
3795	15.614159177204526
3796	15.537796138044849
3797	15.53007796881804
3798	15.24099104027375
3799	15.15435000466531
3800	15.28392347441034
3801	15.353696307383922
3802	15.361692616729933
3803	15.088415240399595
3804	15.400788468629772
3805	15.419360030759705
3806	14.99296014483497
3807	15.169695573174783
3808	15.448404429774428
3809	15.301426837750464
3810	15.528843194451944
3811	15.49931251656995
3812	15.500957467398752
3813	15.338033762826276
3814	15.364819620626083
3815	15.169568808552148
3816	15.61881163543373
3817	15.159164669477498
3818	15.32858912855675
3819	15.161876908961927
3820	15.46998138773847
3821	15.305280000364
3822	15.406552648439295
3823	15.15789022330665
3824	15.291259414679764
3825	15.387198102017663
3826	15.180165275695424
3827	15.428295328954306
3828	15.34025095257097
3829	15.439653812584787
3830	15.14295894735331
3831	15.38853778029325
3832	15.572672835707246
3833	15.203014147548947
3834	15.380383574030974
3835	15.143380548506258
3836	15.46905526447164
3837	15.477763808424847
3838	15.183396323155367
3839	15.397052273876712
3840	15.440248072241832
3841	15.23539981554427
3842	15.204246907900956
3843	15.152125514491916
3844	15.314513820351518
3845	15.550648957336868
3846	15.151600521723624
3847	15.533450777377897
3848	15.529221615282712
3849	15.253359396543392
3850	15.573672335216546
3851	15.579399416647176
3852	15.384162625951367
3853	15.221061116657513
3854	15.253570660086782
3855	15.38463414565
3856	15.280560714918522
3857	15.447003477107662
3858	15.29266640866516
3859	15.201386929772749
3860	15.4511009486663
3861	15.367069403124171
3862	15.336814056316436
3863	15.307346940907154
3864	15.244207443258993
3865	15.21685339287724
3866	15.304253460731838
3867	15.320750514153143
3868	15.582532368516404
3869	15.305830000918624
3870	15.415876633895268
3871	15.28997159588607
3872	15.433184019334071
3873	15.428246730292436
3874	15.448102019360839
3875	15.5758079509923
3876	15.666089709992788
3877	15.308303632332057
3878	15.193939637442323
3879	15.21813058158049
3880	15.430106911812832
3881	15.238395373788592
3882	15.102685036704885
3883	15.634240704362202
3884	15.185212697681694
3885	15.405411485224768
3886	15.22169375158251
3887	15.446421640648826
3888	15.427104294052217
3889	15.363317437439655
3890	15.213263386364082
3891	15.102911673417367
3892	15.302586659962806
3893	15.227465588923216
3894	15.31850838287682
3895	15.562671460796855
3896	15.395911334185541
3897	15.188904145750305
3898	15.252901525692378
3899	15.207969295667278
3900	15.471604496816882
3901	15.35654748546091
3902	15.317644795348123
3903	15.219237508213938
3904	15.338797742335053
3905	15.55120367163893
3906	15.502019788967237
3907	15.524326008532482
3908	15.34687752442078
3909	15.593390111205856
3910	15.238360255757591
3911	15.453880650601976
3912	15.631986286428498
3913	15.36572503496264
3914	15.234972127324095
3915	15.22009939044617
3916	15.349514849800876
3917	15.250541618028107
3918	15.276938505803987
3919	15.194556002921303
3920	15.417109822982457
3921	15.343921217627361
3922	15.350681771175783
3923	15.289812445087415
3924	15.490325624669532
3925	15.043606131670952
3926	15.548874611946198
3927	15.423784817863824
3928	15.26590694221833
3929	15.163993037598468
3930	15.394368398654358
3931	15.42424589013448
3932	15.582175914478885
3933	15.238164751720733
3934	15.25988646790916
3935	15.250547874368236
3936	15.392204361974253
3937	15.306626703630355
3938	15.295935557778245
3939	15.267534078922093
3940	15.204507624297928
3941	15.220247020010929
3942	15.400556451669267
3943	15.265486138591806
3944	15.316591396041508
3945	15.258030974789948
3946	15.321246556675485
3947	15.43334875806346
3948	15.272828540808753
3949	15.213961051189079
3950	15.446935995435833
3951	15.049894690221592
3952	15.250773388057663
3953	15.232312770555607
3954	15.398745059061996
3955	15.345930692147022
3956	15.20831637164935
3957	15.012513558690346
3958	15.428848573703805
3959	15.074831180332643
3960	15.330603582949067
3961	15.251468190239068
3962	15.144720887804743
3963	15.274543588029607
3964	15.194014731764044
3965	15.268118711992315
3966	15.386147941795649
3967	15.565717932736822
3968	15.364955148645683
3969	15.233876679680781
3970	15.278303355954819
3971	15.589929887168552
3972	15.124306240251233
3973	15.482368670729738
3974	15.127228673330139
3975	15.202542211260521
3976	15.399292740747123
3977	15.404580699886921
3978	15.118332568278339
3979	15.377709723812801
3980	15.36344330952599
3981	15.281850735300855
3982	15.377100346605035
3983	15.35214164215795
3984	15.167431082576588
3985	15.293434610399844
3986	15.37017390059699
3987	15.244970443313319
3988	15.508628431787548
3989	15.123900194657383
3990	15.072084741780502
3991	15.148430424266397
3992	15.275270072860527
3993	15.384185580216448
3994	15.422819156714258
3995	15.334832757560202
3996	14.92981243500868
3997	15.293045774058246
3998	15.213244935335936
3999	15.014911376001338
4000	15.04606268967239
4001	15.375649600563264
