1	26.18514021307052
2	25.28096303786547
3	24.098303535207247
4	23.517195179348285
5	22.66867135980806
6	21.669062611679635
7	20.912687376086513
8	20.062619024567166
9	18.957314788244343
10	18.562096062126596
11	18.2271892545899
12	17.649898217244857
13	16.544851117911193
14	16.73726425044648
15	15.767260600761977
16	15.568080501649629
17	15.123791305034423
18	14.504805642301237
19	14.402569947121295
20	14.183114297874962
21	14.244196750035266
22	13.724648182516514
23	13.75634725052637
24	13.618736982706016
25	13.521398672822537
26	13.537686869516458
27	13.551774254362273
28	13.309007071318566
29	13.437020604466731
30	13.316608149994988
31	13.183994060421469
32	13.2172183378257
33	13.391352598359164
34	13.440424689976405
35	13.270648048823828
36	13.639993029616228
37	13.640911740278955
38	13.684352648935327
39	13.341589627646249
40	13.378349229180403
41	13.149012135464293
42	13.294692111535431
43	13.060173406644898
44	13.404342087185052
45	13.422679707018055
46	13.264807449293505
47	13.348324935203282
48	13.358510809097629
49	13.677498171372882
50	13.475716845408657
51	13.389020977378241
52	13.1554792098734
53	13.757111376617205
54	13.385947944695054
55	13.335030704338111
56	13.331129619234627
57	13.218705517935005
58	13.348171811279181
59	13.252453779598488
60	13.221287345212549
61	13.314391431914453
62	13.257085805527748
63	13.475528656546249
64	13.498110504874337
65	13.375541613930771
66	13.378830711815155
67	13.402233073751132
68	13.107260218963594
69	13.205748283767722
70	13.385809713559262
71	13.145548166949943
72	13.472505170069757
73	13.356065918336006
74	13.350168134369358
75	13.516331676351381
76	13.27022878575058
77	13.574011515740146
78	13.23166418128737
79	13.426243913956268
80	13.39616014065853
81	13.174022834571776
82	13.313334601620198
83	13.164131465115945
84	13.132799133857015
85	13.378740099742249
86	13.348301808712687
87	13.391093541459382
88	13.279803487510547
89	13.328652467336369
90	13.508617041002813
91	13.31556209390002
92	13.100043615976245
93	13.44744009341701
94	13.336989580665342
95	13.277205023157185
96	13.361979242859725
97	13.39932697008435
98	13.061423773372825
99	13.458962253244872
100	13.364503938921379
101	13.526932540597835
102	13.438082400285316
103	13.680488809515444
104	13.585498046525734
105	13.403861049681618
106	13.28794696848565
107	13.184907354653816
108	13.4405205447936
109	13.150611620352162
110	13.330756872832241
111	13.602093358104066
112	13.232413917459441
113	13.166295295418399
114	13.524002365004836
115	13.604325671974895
116	13.204971010669764
117	13.217763776580936
118	13.13936910974393
119	13.395359059286662
120	13.205376698920832
121	13.51749919695723
122	13.370091804235521
123	13.318410920420146
124	13.39411945969721
125	13.335341128189034
126	13.444320666120523
127	13.724375922329829
128	13.560450647669663
129	13.415118240063965
130	13.327975288524911
131	13.317446440865405
132	13.289523946082651
133	13.123269085807737
134	13.097153954809087
135	13.409359969512611
136	13.332224909413975
137	13.341744042461952
138	13.184839395360132
139	13.393412590704067
140	13.410118866234063
141	13.463527102126845
142	13.43519734816176
143	13.350282199639143
144	12.992916509975368
145	13.46277921688127
146	13.380762034684933
147	13.086913567501366
148	13.304822138316421
149	13.23396976524088
150	13.285336421376066
151	13.50593162780004
152	13.158681369452001
153	13.094919876006104
154	13.048859953859484
155	13.337197238940066
156	13.223533243273756
157	13.239869338849704
158	13.171384728182025
159	13.23120478721596
160	13.076880286326531
161	13.436037442379815
162	13.03522159139812
163	13.458338934736298
164	13.053131778689066
165	13.217847265048524
166	12.949791192816736
167	13.250845753644722
168	13.655549261912146
169	13.308608208076313
170	13.277357398570736
171	13.256427382128296
172	13.00152490948253
173	13.34985537796432
174	13.369371379652858
175	13.20578438519576
176	13.065010030211786
177	13.354472880917555
178	13.529887641462096
179	12.927511169987412
180	13.364215335715912
181	13.242198910179521
182	13.312274009672578
183	13.105801340260264
184	13.294237812436698
185	13.117542353793237
186	13.245848378899389
187	13.325833939853128
188	13.086763003033255
189	13.343528979254549
190	13.172627150530632
191	13.178825352303548
192	13.257132643519036
193	13.074579231153502
194	13.37948090190486
195	13.282035466985521
196	13.274119605757447
197	13.301745991445015
198	13.261038611625926
199	13.38823014722925
200	13.164808161228978
201	13.469681129773958
202	13.322778900694033
203	13.226735743660019
204	13.057618253228371
205	13.022761714939154
206	13.086371075814005
207	13.190290064286328
208	13.060213334013826
209	13.547786004191046
210	12.984928471479204
211	13.130389914167637
212	13.441155439468398
213	13.384430649551685
214	13.13234037428906
215	13.380737630791094
216	13.10998631792864
217	13.069826271359684
218	13.405193175441822
219	13.572586660197064
220	13.050138626590753
221	13.178764711375125
222	13.27029622787133
223	13.16521579493754
224	12.941304617581757
225	13.074873343076543
226	13.23225781876168
227	13.081225553654905
228	13.02106150297777
229	13.145198209812548
230	13.059136678649963
231	13.082952286732242
232	13.064496088272511
233	12.943553475238566
234	13.233143972820734
235	13.132145498889303
236	13.213314174227909
237	13.048410011844675
238	12.870433532110996
239	13.105853934547484
240	13.249580594990288
241	13.050474856132945
242	13.188891183448908
243	13.266330639778358
244	13.055233949272141
245	12.873268811138718
246	13.250845853248872
247	13.226673328414588
248	12.818418716891667
249	13.058493039979423
250	13.048889816472036
251	12.979427874396283
252	13.167181685162285
253	12.78992348572659
254	12.889813470644137
255	12.859791490049988
256	12.903908296487279
257	12.965086289450515
258	12.967883534981821
259	12.783316483887084
260	12.58686989645123
261	12.981100611054964
262	12.663782268655222
263	12.873687512431657
264	12.680603017254644
265	12.81554006286754
266	12.76585922582588
267	12.93182102953651
268	12.314572069369547
269	12.794340893726288
270	12.730261924919343
271	12.848720521532167
272	12.632333776341921
273	12.568226322005923
274	12.891809447714216
275	12.647472436358106
276	12.606186026046458
277	12.553430264904513
278	12.919626136826587
279	12.748198486705022
280	12.830339451047854
281	12.522419038156368
282	12.590441066164711
283	12.348749221663205
284	12.551527905634682
285	12.803472841478445
286	12.256674912224137
287	12.2119690154078
288	12.493016873927099
289	12.61680428340949
290	12.399180510201116
291	12.361601751184638
292	12.24108334184787
293	12.342329516375951
294	12.255198622701538
295	12.26722943912467
296	12.49795235182081
297	12.485470834796624
298	12.25353994791878
299	12.162860402462076
300	12.373380338408005
301	12.372083637294518
302	12.111897492812558
303	12.120104281390766
304	12.153817823959216
305	12.048318031443806
306	12.232824790770026
307	12.415116819871857
308	12.292321313473938
309	12.151989430302606
310	12.000823195085298
311	12.015543641943793
312	12.117920032227156
313	12.140938250085409
314	11.98459145386415
315	12.026055322996045
316	11.92532292530228
317	11.989222632333515
318	12.020628193778334
319	12.147684346770259
320	12.189273926731165
321	11.949989145526333
322	12.166666512921065
323	12.053629385802418
324	11.77934887632833
325	11.913479574987669
326	12.083483849255465
327	11.709149661256346
328	11.82628207507683
329	11.936440326787478
330	12.02273072710592
331	11.788753585859249
332	11.9182796117242
333	11.854336725450839
334	11.829219557227933
335	11.764232416934595
336	11.774906216091074
337	11.47512037078236
338	11.635527191058186
339	11.721926295062987
340	11.600901892644139
341	11.653280748591152
342	11.682380030111453
343	11.500829484730573
344	11.693992930855535
345	11.607472014187007
346	11.85834211499579
347	11.551018060135235
348	11.646122325789145
349	11.609654564922614
350	11.554841456167127
351	11.405036314778803
352	11.507593624303272
353	11.561577343858373
354	11.493135299357785
355	11.333629760099125
356	11.383592726506013
357	11.304328346453628
358	11.28497853338843
359	11.49218176528193
360	11.67991152077207
361	11.69718633708435
362	11.130568365161638
363	11.520927681418186
364	11.412827163395026
365	11.486437098965952
366	11.371623811682376
367	11.27824018984385
368	11.438330827413818
369	11.223246093583516
370	11.564349672823528
371	11.270279447961753
372	11.304934141002816
373	11.180062992686901
374	11.030424319813026
375	11.526223337643607
376	11.229265430566336
377	11.24605566239125
378	11.117122829959506
379	11.024259492270971
380	11.10220089560511
381	11.163740978667477
382	11.182772102765298
383	11.326205635632991
384	10.814033621531513
385	11.581815871482808
386	11.311637848032296
387	11.028932245966702
388	11.403281848873343
389	11.077419179758785
390	11.260192940652145
391	11.162656787985853
392	11.178358705992405
393	11.252010777405332
394	11.07020437716705
395	11.212592301113512
396	11.057811499235804
397	10.939500025506698
398	11.384796738278345
399	11.012888989598325
400	10.93768275894668
401	11.176486521623758
402	11.103541271869604
403	11.045685575218638
404	10.934170884458322
405	11.186810228557782
406	10.930742325096428
407	11.061581530131555
408	10.869672794442778
409	11.15638354415593
410	10.8157347104937
411	10.931308582158863
412	10.87922660330006
413	10.998718012739603
414	10.969448350530422
415	10.832394847913646
416	10.97972656401675
417	10.893715557719117
418	10.83632093692653
419	10.692489872586206
420	10.772758322893928
421	10.720811774551382
422	10.838317527109254
423	10.92482204812351
424	11.05264729407773
425	10.950988211749435
426	10.89011186946792
427	10.860392121512538
428	10.574218590594189
429	10.934953183036503
430	10.768629142161213
431	11.040654797576819
432	10.681569286483054
433	10.897762637557287
434	10.801784029613277
435	10.774145486188377
436	10.534434025907464
437	10.704030443213158
438	10.673057265919477
439	10.917067155982162
440	10.590276754067476
441	10.681776259279815
442	10.649062086012163
443	10.79120199767641
444	10.58434343340705
445	10.62769872027819
446	10.700200358173028
447	10.715897103351182
448	10.623028214222854
449	10.49200825372953
450	10.504100864696918
451	10.744971342313605
452	10.541574083444813
453	10.447448368035428
454	10.31646553233293
455	10.680828406380607
456	10.819093967692503
457	10.648046201076337
458	10.671461677727054
459	10.489683414101004
460	10.505825081264843
461	10.141441717381728
462	10.766254303982372
463	10.332733432659758
464	10.311642242385437
465	10.648626187976959
466	10.579903083374074
467	10.27698179486101
468	10.290261130496663
469	10.672265305065427
470	10.216613972125115
471	10.371011107533016
472	10.4416805366092
473	10.589814433986808
474	10.277308715493513
475	10.487532447614237
476	10.470078830236899
477	10.420404724603772
478	10.10442358138144
479	10.450319913829818
480	10.328701375429146
481	10.546585585883115
482	10.366580110377653
483	10.743831910129785
484	10.696167392040541
485	10.449022120746465
486	10.503824655989911
487	10.352019202216129
488	10.170701554063305
489	10.288619132200393
490	10.421797664363169
491	10.374995277937272
492	10.390683296346683
493	10.475629401305783
494	10.28778552131413
495	10.2664269149542
496	10.474998196791505
497	10.053798923077217
498	10.15641859602555
499	10.206614079634521
500	10.056513999204189
501	9.999976785995965
502	10.052027509749793
503	10.154571524923146
504	10.134127270912847
505	10.294526708268116
506	10.447791031199928
507	10.431471775580901
508	10.141424898863727
509	10.320662997106103
510	10.283039543856868
511	9.96944777870451
512	10.128003466646064
513	10.321120118308354
514	10.01750670634595
515	10.447955005203236
516	9.940278907654346
517	10.337864943934061
518	10.016506751210876
519	10.458769243384777
520	10.187717623766773
521	9.855633240740653
522	10.271447647493607
523	10.28548725422755
524	10.115795929207865
525	10.024349940569543
526	10.135894325136913
527	9.96358859352731
528	10.00790416989636
529	10.357423147727335
530	10.029897944138552
531	10.123367765566883
532	10.017297676688033
533	10.050721609234312
534	9.933113267828016
535	10.080003129596731
536	10.178053574773227
537	10.372786831418905
538	10.264816048580906
539	10.007543312645106
540	10.183281045596262
541	10.075178099959016
542	9.901333236242829
543	9.894163604831837
544	9.869436352726535
545	9.982493901313683
546	9.92070974706704
547	10.104190373906285
548	10.010982369253988
549	9.882703063966881
550	10.130076994552557
551	9.995326581927335
552	10.158743344847474
553	10.00130951513614
554	9.898870326980978
555	9.98124866767644
556	10.153552031041821
557	10.025297303971103
558	9.939103777173898
559	10.058133007726433
560	10.106361401004701
561	9.740903517315623
562	9.735491577281667
563	9.939401733993892
564	9.790729249538431
565	9.950485372713656
566	9.914776584366285
567	9.859389907110788
568	10.054239253551119
569	10.145610780828187
570	9.91121226244385
571	10.177793899950693
572	9.936013639796176
573	9.934956630538181
574	9.793626164270163
575	10.087144189679032
576	9.89159759834986
577	10.044951663005543
578	9.823597145369913
579	9.838755604425593
580	9.976584499034242
581	9.723066171129
582	9.586669912183325
583	9.795979690347194
584	9.925645442045845
585	9.860851585487776
586	9.80612161530349
587	9.663415441305256
588	10.030263336134011
589	9.805995940888783
590	9.709609899860554
591	9.74774085209108
592	9.897844092326805
593	9.63381472679771
594	9.89378062351232
595	9.733494702305274
596	9.871003219410014
597	9.850981008044684
598	9.919703013760236
599	9.823547170475745
600	9.915697703846211
601	9.638684019417177
602	9.840506090304055
603	9.688904794108062
604	9.551468015452972
605	9.83764562468917
606	9.804917622007023
607	9.874497722667913
608	9.66033609230366
609	10.062983404003974
610	9.787495836540161
611	9.70487465428379
612	9.816434261495077
613	9.782296066099894
614	9.7705205518059
615	9.695185377210596
616	9.853209275922165
617	10.070626602389485
618	9.71892511408912
619	9.651914142065944
620	9.539574460323712
621	9.6032195171918
622	9.627417127830238
623	9.661267382457428
624	9.62489892547816
625	9.783319992975779
626	9.97022372489853
627	9.671746431996239
628	9.586698685849314
629	9.680316476404172
630	9.655613460577417
631	9.645817406567707
632	9.833765464421615
633	9.546673499930916
634	9.521794698098136
635	9.516912799034895
636	9.813444232375902
637	9.527765340194836
638	9.659686733422546
639	9.602338650095426
640	9.636308742706134
641	9.498114359296721
642	9.694266962431266
643	9.52984162556482
644	9.860707749170816
645	9.49425155239008
646	9.514396542420716
647	9.602230104248164
648	9.579831963593522
649	9.400720288469913
650	9.64067758583041
651	9.666238043867716
652	9.729744525563312
653	9.521488287773991
654	9.530897370051319
655	9.292624162283788
656	9.409362174599678
657	9.488049011912366
658	9.339303440038417
659	9.661846311844185
660	9.331547458838607
661	9.51380944163835
662	9.45336082873498
663	9.814212548235012
664	9.349528420764587
665	9.265757769564988
666	9.841822453164527
667	9.55694219509856
668	9.454454688710614
669	9.658890600103849
670	9.322177334715239
671	9.608542372874565
672	9.692470445689315
673	9.664598147239952
674	9.299549430550824
675	9.363424471603496
676	9.267772896262034
677	9.441577607925375
678	9.404580740371612
679	9.50944138639008
680	9.313265864802222
681	9.279172976601311
682	9.392306956803736
683	9.265636173928664
684	9.41083478449991
685	9.5744286848378
686	9.499337040285905
687	9.471695011450967
688	9.450627841087874
689	9.239120438784534
690	9.222032368320392
691	9.451022255689507
692	9.34375082756601
693	9.275963972982375
694	9.294786682833415
695	9.246492638821103
696	9.436313746606562
697	9.636063544809325
698	9.353200878397788
699	9.427406902762389
700	8.97087640356844
701	9.553034754270795
702	9.451827010816915
703	9.2729663873907
704	9.136741268802478
705	9.541583153329853
706	9.23436500440167
707	9.21421696361239
708	9.471268844613224
709	9.023741783546047
710	9.381218581872586
711	9.186007339409754
712	9.378233296541138
713	9.489988969635316
714	9.211261312699143
715	8.97316862066441
716	9.314924067566155
717	9.327493069583877
718	9.339749843926459
719	9.520027613167661
720	9.267541942387595
721	9.220810333446684
722	9.441875696964896
723	9.417735290201845
724	9.094873143603108
725	9.256311812503816
726	9.167122369838903
727	9.295879844671832
728	9.404185083952921
729	9.311794192121047
730	9.54447931435815
731	9.090155280859936
732	9.498868612709394
733	8.954382801694397
734	9.287445616241651
735	9.186811255638018
736	9.456039001150895
737	9.204242372105648
738	9.137710831428937
739	9.09631442831046
740	9.204637803259466
741	9.249046002621803
742	9.513444919014246
743	9.429560504905782
744	9.363427309678523
745	9.309405136613657
746	9.221423744086392
747	9.08974896662133
748	9.12088773189693
749	9.115237898221086
750	9.404043314501616
751	9.315861226976752
752	8.949734199425032
753	9.064727542879796
754	9.230663241229134
755	9.228641095479484
756	9.117191813758447
757	9.116419654865402
758	9.074795094240537
759	9.305229755681012
760	9.390918794489677
761	9.364255385797447
762	9.166777778242134
763	9.140243371554812
764	9.119892811466759
765	9.272169765125449
766	8.966473945159072
767	9.164106825031144
768	9.003644669419488
769	9.03205657416707
770	9.114969531528292
771	9.11532456153177
772	9.09900480507817
773	8.999715535262066
774	9.338243361688612
775	9.045705705466139
776	9.248511074118088
777	9.261079784464815
778	9.113275211934903
779	9.22140522557063
780	9.26671324303393
781	9.298651910064843
782	9.289728270933228
783	9.142368726419791
784	9.385545076360739
785	8.918059811746694
786	9.135487134404299
787	9.01194638431424
788	9.062916540018469
789	8.732808287527725
790	8.959993897133115
791	8.994068636987526
792	8.95639633752527
793	8.997948843863435
794	9.108750713023099
795	8.889129121310448
796	8.79840953624671
797	8.713323761250761
798	9.087970621351502
799	8.994782651540866
800	9.138070985233904
801	9.180275500303443
802	9.125876578918936
803	9.191073479062933
804	9.083299774401278
805	9.058232791667733
806	8.871128202720705
807	9.079108034258738
808	8.985858481438262
809	8.898467975782038
810	8.986838828998621
811	9.174159494088459
812	8.968384502792416
813	9.091090476060705
814	9.17832494139395
815	8.843077729779981
816	9.102407842969711
817	9.042958561430156
818	8.82415057762354
819	8.958762181502056
820	9.22126737947882
821	8.87285793309934
822	8.82937045593038
823	8.85463491228784
824	8.965532471832244
825	8.99581356489157
826	9.037077926405777
827	8.964558448267729
828	8.68831731924275
829	9.1301385996106
830	8.942725068982494
831	9.034402692571366
832	8.898217988998816
833	8.879696292797641
834	8.963144752669857
835	8.97576909980415
836	8.8476516792343
837	8.867733877589451
838	9.054520573380028
839	9.02804059656111
840	8.65993836260571
841	9.011379756183238
842	9.016116838776652
843	8.984215991623412
844	8.915259026648576
845	8.851698463440279
846	8.88368000233518
847	8.800896045244858
848	9.114288687386873
849	8.895063050343019
850	8.822573855047041
851	8.781308117235485
852	8.801252670688356
853	9.175343544232831
854	9.2593010616911
855	8.63864799245302
856	8.997614469192762
857	8.967618949105946
858	9.037610632714028
859	8.968302958031181
860	8.989555973310912
861	9.002028190715892
862	8.692046918889124
863	8.71068673021835
864	8.925036517702708
865	8.821269231754842
866	8.918934849565403
867	9.125329414008457
868	8.851192204803397
869	9.11296088910596
870	8.690224395785581
871	8.870989797133394
872	9.208200555719124
873	8.991806056064133
874	9.09591408672128
875	8.777504305394467
876	8.954915304221922
877	8.808903450345886
878	8.704475699243655
879	8.813603808777588
880	8.685886704624576
881	8.922056650481174
882	8.713025674771988
883	8.852262940798434
884	9.005434083900084
885	8.487849270195035
886	9.023891567574317
887	9.00043493432714
888	8.947019063992117
889	9.076652288350585
890	8.724886441050359
891	8.698186576997763
892	9.01176450662189
893	8.752538010349134
894	8.786649826984824
895	8.783658076416854
896	8.927520980860592
897	8.846819230335322
898	8.785935844023232
899	8.778065991903404
900	8.928670190289802
901	8.710636127878496
902	8.804395108368832
903	8.790409809113836
904	8.93376603978474
905	8.547282146485344
906	8.900652985026293
907	8.840215729865028
908	9.05454888811674
909	8.73768373652343
910	8.776654593609528
911	8.703290819429334
912	8.965865540645787
913	8.899788436346276
914	8.852349091821647
915	8.727052158199328
916	8.790595545531755
917	8.669400453657435
918	8.649890288706274
919	8.580700010757518
920	8.80337475275664
921	8.819350161090512
922	8.725706997462634
923	8.693849018505436
924	8.743710765097514
925	8.773007597037465
926	8.81317038463311
927	8.808180115726602
928	8.97239788507134
929	8.905048208989308
930	8.776467732927745
931	8.976781398613165
932	8.788623888020272
933	8.918491188262571
934	8.808879387199628
935	8.88093248940703
936	8.612279875360421
937	8.65192220405073
938	8.882843859089535
939	8.72812986275903
940	8.745026441393366
941	8.713548498436698
942	8.67530302103967
943	8.572417388002162
944	8.804266888088115
945	8.665718814537172
946	8.515885343108328
947	8.793559233943474
948	8.757948712948568
949	8.787317883583697
950	8.804275997698662
951	8.62883637675349
952	8.5246675552125
953	8.507646520661654
954	8.501105274240203
955	8.908044228275953
956	8.556472656896451
957	8.649849510055574
958	8.566697124334423
959	8.578750853622042
960	8.725309964126815
961	8.575732151406259
962	8.675377568489031
963	8.670425121283289
964	8.739950866359345
965	8.755938049093256
966	8.64543600300506
967	8.896116709705359
968	8.547921876843848
969	8.600879086100171
970	8.635413586215245
971	8.40813023184767
972	8.50326552682437
973	8.885439990807622
974	8.770560507768128
975	8.795780367690194
976	8.517454423548331
977	8.934657242061677
978	8.531495390898074
979	8.856176168798145
980	8.693218801131572
981	8.49694674410692
982	9.061513762140915
983	8.725833031806639
984	8.988542172249131
985	8.412933657999492
986	8.560399337929397
987	8.821582696504823
988	8.63856920336246
989	8.651786071376623
990	8.95164094032633
991	8.80012774286971
992	8.40587507070687
993	8.552896058087558
994	8.579880381814572
995	8.484522323414101
996	8.597672660835938
997	8.734626041249095
998	8.72353408754254
999	8.714189098522494
1000	8.322519683206838
1001	8.612162945859668
1002	8.444675135777773
1003	8.735357690189312
1004	8.785618110245895
1005	8.71102529150954
1006	8.583582605895694
1007	8.549916176052335
1008	8.709538534132816
1009	8.703989639220584
1010	8.415612979404584
1011	8.685201995402267
1012	9.022835565198736
1013	8.67651069806234
1014	8.608938019827708
1015	8.395262879505372
1016	8.632937912916827
1017	8.55256856370136
1018	8.472397673912505
1019	8.715650163628853
1020	8.572486365743105
1021	8.630284952212719
1022	8.630740316075139
1023	8.647779349256446
1024	8.6528407576849
1025	8.379342259090123
1026	8.647547375304502
1027	8.49522711212592
1028	8.428280871356302
1029	8.832041368587022
1030	8.75833780508022
1031	8.731015779468338
1032	8.67490923121888
1033	8.63930589147594
1034	8.511907665655423
1035	8.663276919061284
1036	8.262696725583648
1037	8.487816195923235
1038	8.469019825690971
1039	8.566497537012586
1040	8.48974848992983
1041	8.743592826596986
1042	8.541758337891064
1043	8.43887107379625
1044	8.277195632970475
1045	8.753729045104748
1046	8.60599855766549
1047	8.395883826223564
1048	8.560624764734
1049	8.38233040277852
1050	8.657748939927131
1051	8.704798598711303
1052	8.619561991636811
1053	8.583593285063403
1054	8.625872294999233
1055	8.591049519313517
1056	8.518328385338956
1057	8.510810289698483
1058	8.359161884768994
1059	8.35343522535864
1060	8.452048517155205
1061	8.715381235906834
1062	8.670470153630736
1063	8.760011147188491
1064	8.925595457091788
1065	8.378059153708405
1066	8.56465157794945
1067	8.420811637175662
1068	8.449351424195925
1069	8.632794336873749
1070	8.6543406825351
1071	8.421724107088307
1072	8.239095660522608
1073	8.464692065112004
1074	8.286400741399975
1075	8.4891162095916
1076	8.388126636798448
1077	8.36585124513505
1078	8.605450926463284
1079	8.634959510091178
1080	8.329653782601152
1081	8.366312654312658
1082	8.683206472363882
1083	8.552566264880191
1084	8.27076969845371
1085	8.388387821337437
1086	8.538065535948409
1087	8.449224355144514
1088	8.261769566842275
1089	8.547182462470447
1090	8.413867149586682
1091	8.589658814351388
1092	8.420877271386246
1093	8.524577154824641
1094	8.621228165130653
1095	8.556617064720088
1096	8.490738575763755
1097	8.51348322964902
1098	8.512036745585204
1099	8.23988815743002
1100	8.451639020357556
1101	8.710334987819573
1102	8.187696815556736
1103	8.111622119698238
1104	8.452646397940114
1105	8.459396974865138
1106	8.416797922602695
1107	8.604789253395097
1108	8.366737350417528
1109	8.631828738273649
1110	8.433169123114451
1111	8.469421207596291
1112	8.617657004482073
1113	8.622688721988036
1114	8.688253527809023
1115	8.6525929258751
1116	8.504267906109604
1117	8.424903392575395
1118	8.578365140421237
1119	8.615659793566895
1120	8.351091729046527
1121	8.508917074524692
1122	8.497289352272304
1123	8.197082944020233
1124	8.469957351361648
1125	8.343330248380182
1126	8.724772586071682
1127	8.512553216610847
1128	8.35787662231193
1129	8.857271076056636
1130	8.488785418804412
1131	8.499616427332995
1132	8.30300416412187
1133	8.581800524502908
1134	8.303414251387734
1135	8.303405069237524
1136	8.373247048916864
1137	8.644427024764203
1138	8.390105377795654
1139	8.420148576550066
1140	8.235106798846115
1141	8.250351915796536
1142	8.368438273415993
1143	8.454290861263974
1144	8.293785236917364
1145	8.591420059069403
1146	8.479842177924514
1147	8.337017945492759
1148	8.214354163692969
1149	8.599746606283105
1150	8.43956115764297
1151	8.202053549527996
1152	8.623501513127952
1153	8.262706197801412
1154	8.403754653238593
1155	8.347064855496523
1156	8.370276954980408
1157	8.404356293359612
1158	8.351774009037726
1159	8.341148611696335
1160	8.481931506977102
1161	8.357209838888092
1162	8.216581953361871
1163	8.231839575349326
1164	8.3583045351108
1165	8.495396175652571
1166	8.26880637481998
1167	8.479823322065558
1168	8.542893567023574
1169	8.38672024496742
1170	8.694426985998847
1171	8.416166672106128
1172	8.205054534917226
1173	8.457043210912039
1174	8.237721493361217
1175	8.381387436604228
1176	8.330230219816944
1177	8.041691453650042
1178	8.44103128798527
1179	8.299536461664758
1180	8.30197470612994
1181	8.472427590405081
1182	8.437043140457803
1183	8.21396212813274
1184	8.192757668371582
1185	8.418311395209072
1186	8.544138426765636
1187	8.201693405618117
1188	8.507574088813753
1189	8.451918899761514
1190	8.260758014917172
1191	8.398183052657721
1192	8.261655234539786
1193	8.158549766383366
1194	8.212856541766685
1195	8.171959354597575
1196	8.501648241140916
1197	8.39638037576692
1198	8.256997145021398
1199	8.171419527526039
1200	8.169590444330806
1201	8.392829552577927
1202	8.414035903001672
1203	8.683668931034655
1204	8.59085951226265
1205	8.472352840512764
1206	8.317236207969994
1207	8.492740250700672
1208	8.090825458230444
1209	8.448967248143994
1210	8.53061038033203
1211	8.390417362564003
1212	8.521281059560659
1213	8.456168781580095
1214	8.619665343191782
1215	8.399620667992318
1216	8.361246726691682
1217	8.372116182156224
1218	8.314528662482454
1219	8.14116514491949
1220	8.349166560193508
1221	8.381735126891643
1222	8.209949415232886
1223	8.333309698841477
1224	8.037117322544749
1225	8.446429697804524
1226	8.245031402082915
1227	8.03886039078322
1228	8.608195862261235
1229	8.181848971704708
1230	8.464693155787472
1231	8.35874528089948
1232	8.413631186221355
1233	8.18460968260768
1234	8.411446524641
1235	8.329528300593067
1236	8.374061096076463
1237	8.503584233021487
1238	8.245356635646802
1239	8.098312556017682
1240	8.043326384290458
1241	8.37152450189763
1242	8.338855143833756
1243	8.29655278881324
1244	8.381443693407023
1245	8.342386447795304
1246	8.089406714497425
1247	8.119716864187552
1248	8.487035484574843
1249	8.289377498413106
1250	8.377292234345674
1251	8.296884812876698
1252	8.14140300470238
1253	7.8847098710078445
1254	8.19819220215723
1255	8.231022017302077
1256	8.435560804456584
1257	8.434818491013663
1258	8.44370885481734
1259	8.19006578142971
1260	8.022025698633547
1261	8.09368281036634
1262	8.195356047084681
1263	8.279768872316552
1264	8.441547666976716
1265	8.028902890159372
1266	8.341035115093536
1267	8.547793632577099
1268	8.243311036266492
1269	8.295924458771998
1270	8.101431210405446
1271	8.293174181832446
1272	8.1122439468268
1273	8.201074184117212
1274	8.128700402333774
1275	8.225128918114947
1276	8.258667520870391
1277	8.188268537369549
1278	8.141192035026911
1279	8.05640475898243
1280	8.118875228359439
1281	8.312129655438431
1282	8.06655755615811
1283	8.232181690005103
1284	8.305744176163477
1285	8.230953743456665
1286	8.246206636930246
1287	8.449866534600108
1288	8.162675021988779
1289	8.282896765238096
1290	7.980185355179514
1291	8.344452169766745
1292	8.202875291507674
1293	8.357986315449097
1294	8.031655746141158
1295	8.340728215387042
1296	8.146727512930656
1297	8.210046306793085
1298	8.212726242310534
1299	8.200304282236191
1300	8.266608388691154
1301	8.13500741104102
1302	8.383849993739469
1303	8.130155304597851
1304	8.065446058881308
1305	8.302160572082059
1306	8.212617096225836
1307	8.126558769337754
1308	8.54271548684493
1309	8.279224923352823
1310	8.292836128725371
1311	8.190561446766601
1312	8.084671338160565
1313	8.41439604509068
1314	8.154464354805347
1315	8.03663907589837
1316	8.20593412594427
1317	8.035970748923523
1318	8.209635735261378
1319	8.191609544196028
1320	8.211081208426224
1321	8.00193420686671
1322	8.49730499261931
1323	8.096863387393533
1324	8.269463352622294
1325	7.996783419573808
1326	7.971953389016962
1327	8.20113547394568
1328	8.26761898042682
1329	8.41035595430312
1330	8.163733586953267
1331	8.28246597213048
1332	8.154600373135773
1333	8.100878813227723
1334	8.00961753306598
1335	8.206108507729292
1336	8.37600946901347
1337	8.011939578518064
1338	8.43600469431532
1339	8.15582987191277
1340	7.949160917340358
1341	8.083442008026214
1342	8.187687311160383
1343	8.259540151449535
1344	8.680923055734574
1345	8.017581462718706
1346	8.387880629323913
1347	8.259792439347615
1348	8.115648505961907
1349	8.251767988580058
1350	8.270229390128925
1351	8.096581978873314
1352	8.243458668266669
1353	8.233011788833545
1354	8.254373086683316
1355	7.926989762597948
1356	8.314811582918015
1357	8.123523951708766
1358	8.354173800734209
1359	8.210279988194479
1360	8.268316297794128
1361	8.493132292412875
1362	8.07893884929397
1363	8.042455741246155
1364	8.492632942102427
1365	8.055109887251433
1366	8.333214283304347
1367	8.056650966127734
1368	8.179580943286464
1369	8.18864017678114
1370	8.180322908529504
1371	7.907346431353147
1372	8.161150641114975
1373	8.110800421315684
1374	8.21766239261304
1375	8.444691312685862
1376	8.169007770414023
1377	8.093577854018518
1378	8.257375896556512
1379	8.043714989120273
1380	8.057421736467338
1381	8.17151237102427
1382	8.034348506821331
1383	8.291452612481624
1384	8.09273981748701
1385	7.883034843866526
1386	8.03159447734753
1387	8.37729293118214
1388	8.261615375048518
1389	8.051116447949294
1390	7.980221394293371
1391	8.182538435096244
1392	8.320151792668636
1393	8.152551069347567
1394	8.312297562302646
1395	7.920377422822617
1396	8.004319066316876
1397	8.17489078201738
1398	8.24909731576875
1399	8.124185669586597
1400	8.18461635879275
1401	7.8934934201348135
1402	8.20940796427144
1403	8.239928158961705
1404	8.087883041665005
1405	8.284526721675856
1406	8.345165859355873
1407	7.944878222265033
1408	8.197356890829164
1409	8.26517948417269
1410	7.891575565140108
1411	8.063770993807406
1412	8.004076509482367
1413	8.06272020559645
1414	7.891483736033154
1415	8.01618254627884
1416	8.156722953676796
1417	8.298085850033917
1418	8.21703275077001
1419	8.203926250702853
1420	8.157793645360195
1421	8.270872163559211
1422	8.012391271734954
1423	8.229147377067616
1424	7.83777368468758
1425	8.116712163506868
1426	8.051864815369845
1427	8.161678504328739
1428	7.817545971158908
1429	8.20409811615137
1430	8.055624004687724
1431	8.208609393019406
1432	8.197874450876002
1433	7.8908941626871805
1434	8.085705901451165
1435	8.258722965969524
1436	7.903354177690748
1437	7.995570669321902
1438	7.96147256797776
1439	8.127312524532158
1440	8.015117259390292
1441	8.071248730793657
1442	8.34803126335233
1443	7.954814098676194
1444	8.086619585239596
1445	8.345851744368813
1446	8.210328716541346
1447	7.882100667315716
1448	8.147245135635414
1449	8.400373483556235
1450	8.051735996642902
1451	7.835604004195579
1452	7.981026740009125
1453	8.089067943929068
1454	8.177148009703325
1455	8.003798762510977
1456	8.048793476511637
1457	8.164061194318057
1458	8.150080141939469
1459	8.005416950331453
1460	8.150480534232301
1461	8.059148606738539
1462	8.216190743332984
1463	8.049945072556689
1464	8.159150475714656
1465	8.063270182472756
1466	8.091810125596776
1467	8.336802445462258
1468	8.145560236682867
1469	7.985675414398561
1470	8.044802451258565
1471	8.222612907350493
1472	8.256726166441581
1473	8.062129198172121
1474	7.958474072042988
1475	8.080152277300268
1476	7.947382388823887
1477	8.210760036625642
1478	7.990463145222218
1479	8.002275291156641
1480	8.103437388630944
1481	8.085629270692646
1482	8.258071227806274
1483	8.152789107895838
1484	8.142843409692347
1485	8.038323128501101
1486	8.374757894604945
1487	8.045081355617315
1488	8.067003486918546
1489	8.0080729463376
1490	8.068670852554732
1491	7.956592194100599
1492	8.0227744490289
1493	7.963024003572035
1494	8.006203198631475
1495	8.188112115406486
1496	8.0393338906976
1497	7.964019464477956
1498	8.126167324597601
1499	7.784569823778162
1500	7.823850209959441
1501	8.25287234329229
1502	8.021367143742793
1503	7.999821379836818
1504	8.222078803003711
1505	8.021573743997957
1506	7.995532658370425
1507	8.095048726475271
1508	7.943846437007618
1509	8.267737955294937
1510	8.074068175025731
1511	7.875941652044709
1512	8.08457599449309
1513	8.031153535994154
1514	7.833759881567641
1515	8.114511223757747
1516	8.299977935609352
1517	7.968839089530602
1518	7.943149405570248
1519	8.04918915019
1520	8.081250089711384
1521	7.849498435302508
1522	8.01741912250062
1523	7.822558116489905
1524	7.995336893473751
1525	7.97412486645693
1526	8.077342042357918
1527	8.10555900317637
1528	8.02662806060599
1529	7.713096961397398
1530	8.149234081154642
1531	7.961411651721253
1532	8.091625459809862
1533	8.018001764114752
1534	7.9750660224674945
1535	8.212194263858098
1536	7.88081130047379
1537	8.220960308993329
1538	7.969675165267375
1539	7.969691837014441
1540	8.227587810150233
1541	8.144563368833467
1542	7.859843753092941
1543	8.020549478880557
1544	7.910132425945805
1545	7.89435948241545
1546	8.254511528692134
1547	7.844283742427868
1548	7.607962354578458
1549	8.077692261654885
1550	7.9984302655076815
1551	7.928047729373322
1552	8.156697049931516
1553	7.9603354724702635
1554	8.033865668612426
1555	7.907630288626762
1556	7.874348300491832
1557	8.073650331958302
1558	7.964537471509596
1559	7.996555489482469
1560	7.999994837666523
1561	8.009424997873474
1562	8.049658264681886
1563	7.8321994337186025
1564	8.067643389866163
1565	8.010998608781728
1566	8.0798311576548
1567	8.115217300641259
1568	7.6383153163070565
1569	8.058218417494023
1570	8.016748961843295
1571	7.944628116106735
1572	8.208856665922236
1573	7.617238076603045
1574	8.098418332541016
1575	7.87957502818585
1576	8.02735240548934
1577	8.100514624233195
1578	8.084760709687579
1579	7.779398999545573
1580	7.921877231364183
1581	8.104179412829872
1582	8.013029056832428
1583	8.016824168841994
1584	8.167223118725266
1585	8.21059000636037
1586	7.952726976502352
1587	8.054426917628977
1588	7.9542943829724155
1589	8.060047381443217
1590	8.168043989162648
1591	7.787657780944001
1592	8.047017297364913
1593	8.153780390501888
1594	7.942571217710603
1595	8.108689112948843
1596	8.06914301905469
1597	7.937232233819073
1598	8.37001816979286
1599	7.935240823997488
1600	8.054719039768198
1601	8.066875952118815
1602	8.072859529046212
1603	8.213372812554766
1604	7.881620730520966
1605	8.196176528846411
1606	8.119280287929259
1607	8.092192966318386
1608	7.694409874548074
1609	8.129380092546679
1610	8.005833409355382
1611	8.012281098089614
1612	7.9035367628647135
1613	7.837778430598339
1614	8.04495828921288
1615	8.064432493287176
1616	7.654667255265489
1617	8.00165966025158
1618	8.24590171686743
1619	8.080887650247735
1620	7.8928122091268245
1621	7.78743753234956
1622	7.787895865822529
1623	7.880357938618219
1624	8.026169542125157
1625	7.951231806726592
1626	7.861383285724734
1627	7.857747809923391
1628	8.042134610099708
1629	7.810554725440144
1630	7.976969151987289
1631	7.726875650784341
1632	8.048489138493803
1633	7.9613955252461945
1634	7.827410255182329
1635	7.884931793165545
1636	8.198929744578159
1637	8.181421357074067
1638	7.954497459082228
1639	7.993216263212209
1640	7.731045074164659
1641	7.950441649651576
1642	7.854407593209789
1643	7.808748399278958
1644	7.971036362712843
1645	8.008130071622036
1646	7.915001495273952
1647	7.9576615421346455
1648	7.798592067017354
1649	7.976826482570869
1650	7.780573804561512
1651	8.166104508060869
1652	7.920829157100004
1653	8.08507318440391
1654	7.800600879111082
1655	7.923496244601073
1656	8.103347018490052
1657	7.962187943033913
1658	7.969614663114527
1659	7.9065371657473245
1660	7.5840614660066805
1661	7.9205137491054876
1662	7.847389132664197
1663	7.895886930561063
1664	8.004446596899507
1665	7.737578442780245
1666	7.936638508171514
1667	8.108286907036076
1668	7.977331277092429
1669	8.120392479277294
1670	8.14515466741343
1671	7.910759166532627
1672	8.083489305533124
1673	7.914836727321938
1674	7.860919938864456
1675	7.68741381588248
1676	7.850276183990684
1677	7.865186180532287
1678	7.9600214998331955
1679	7.828336763566209
1680	8.126075947465203
1681	8.158644101780054
1682	7.992690670110979
1683	8.028786337963009
1684	7.927055602788968
1685	7.907129607687994
1686	7.740878568010865
1687	7.8228198979132895
1688	8.024566803479512
1689	8.008144284733211
1690	7.964850140812084
1691	8.020041779469054
1692	7.804603725506007
1693	7.824784226064562
1694	7.643580439623288
1695	7.902295112912765
1696	7.879938224356588
1697	7.8355612475797605
1698	7.706721137908274
1699	7.817858658522037
1700	8.117541256867474
1701	8.018963677528516
1702	8.0226319237328
1703	8.081297917825726
1704	8.118925434485831
1705	7.763055749961689
1706	7.894968314957151
1707	7.98231220821926
1708	7.892454710855419
1709	7.8371791174817815
1710	7.839867455711863
1711	7.7616763472681125
1712	7.97637174521573
1713	8.023730438825465
1714	7.786005835210676
1715	7.898397650981884
1716	8.001891782677882
1717	7.835566326037995
1718	8.031450556150928
1719	7.524586494212899
1720	8.016215501304604
1721	7.997544394356174
1722	7.985097939247427
1723	7.782191644816512
1724	7.865188792154195
1725	7.706393214673375
1726	7.915974696806194
1727	8.04313451398489
1728	8.049392892564358
1729	7.986552535638725
1730	8.017815617590761
1731	8.026670393636804
1732	7.886000847255368
1733	8.04307146862391
1734	8.112989839304811
1735	7.885184989093756
1736	7.942361919512009
1737	7.657125465607742
1738	8.027792274281987
1739	7.835393001290945
1740	8.003469431325088
1741	8.1094603061489
1742	8.066267813298722
1743	8.263095736264749
1744	7.820041393452614
1745	8.10374628723774
1746	7.954053821777673
1747	7.755566176597936
1748	8.05149611861698
1749	8.028545473119
1750	7.866897679233384
1751	7.740217711020079
1752	7.587163508344311
1753	7.843975058442075
1754	7.908161056633284
1755	7.99439438937875
1756	7.913528871605384
1757	7.748015391208493
1758	7.84284897586077
1759	7.781674827224506
1760	7.836112633039889
1761	7.851620327833376
1762	8.016539150914218
1763	7.864965137044246
1764	7.772333283875063
1765	7.610070803878646
1766	7.844508705584534
1767	7.955149874711427
1768	8.009524645729103
1769	7.8245895214798145
1770	7.827438659917953
1771	8.060336111331747
1772	7.89655770875736
1773	7.864200888627608
1774	7.689829756492282
1775	7.817095790599513
1776	8.012992719788922
1777	7.718680795583999
1778	7.871386840651763
1779	7.868172975529975
1780	8.049799531173297
1781	7.90944427435177
1782	7.931711837881408
1783	7.828971513906573
1784	7.973890452546866
1785	7.985586186738098
1786	8.056106609615668
1787	8.0151362394207
1788	7.958966465186392
1789	7.818686096317973
1790	8.24794365345997
1791	8.117053462947155
1792	8.127751744926872
1793	7.864720277502366
1794	8.041173983668509
1795	8.13202876334875
1796	7.916401796801154
1797	7.861853458672591
1798	7.668490961885534
1799	8.05373026860592
1800	7.9797389724143155
1801	7.909092001765174
1802	7.82916295184842
1803	7.906125547162681
1804	7.910608511649562
1805	7.9026022836611425
1806	7.804069467034801
1807	7.706505117293553
1808	7.889851845650023
1809	8.072350458230297
1810	7.719598299537207
1811	7.73867606075012
1812	7.842875481153714
1813	7.95034161626036
1814	7.72428190632262
1815	7.858782439606622
1816	7.948415271925558
1817	7.950891501128194
1818	7.884265650664191
1819	7.870422306984243
1820	7.694355475831919
1821	7.979778960124276
1822	7.976741043904388
1823	8.05219711348903
1824	7.836004530730192
1825	7.911236371488871
1826	7.727168154839814
1827	8.013867960512902
1828	7.7748898010302385
1829	7.9017856111759235
1830	7.868602513720513
1831	7.967691299081562
1832	7.8543963201826825
1833	7.9678879105233715
1834	7.847109990226292
1835	7.6484118487589505
1836	7.754749116984929
1837	7.684177257900001
1838	7.992149846330432
1839	7.862798494597759
1840	7.9804571949394685
1841	7.682552308900028
1842	7.851203799680304
1843	7.931984036062151
1844	7.881351952304411
1845	7.759074556871454
1846	7.796816419649794
1847	7.794828739299841
1848	7.879248646470198
1849	7.978685183886433
1850	7.61992192393499
1851	8.022219846690644
1852	7.816195522025424
1853	8.181574005810816
1854	7.636461792831966
1855	7.6484074877299735
1856	7.873756274185877
1857	7.687391515752815
1858	7.599170568113444
1859	7.687819096166743
1860	7.8868835833999125
1861	7.724089510797908
1862	7.872988702016076
1863	7.82348873523379
1864	7.707312767715731
1865	7.597310088615116
1866	7.8230396202184105
1867	7.9489461492227695
1868	7.636391518381878
1869	8.0078392329325
1870	7.758910870059266
1871	7.7638302265202945
1872	7.874211860290626
1873	7.649225246389061
1874	7.734996139102003
1875	7.994683621878145
1876	7.7690688573193025
1877	7.8272462146285555
1878	8.04020909198936
1879	7.627610337349906
1880	7.796207945190585
1881	7.963136376795228
1882	7.924404384688032
1883	7.982276871316938
1884	7.578075986236713
1885	7.714656213496524
1886	7.840093371745602
1887	7.9264838127910195
1888	7.823547457150006
1889	7.743236784608027
1890	7.807883795979654
1891	7.759750678909733
1892	7.955669318879279
1893	7.889863817883894
1894	7.812176522060766
1895	7.592418214965908
1896	7.830962953174168
1897	7.982938771821657
1898	7.7198552371982085
1899	7.636447608176637
1900	7.798574567828423
1901	7.8020434524083075
1902	7.818655201921565
1903	7.870176312715048
1904	7.973532132064729
1905	7.751214585929584
1906	7.8357656328737155
1907	7.912943958274991
1908	7.85048637440515
1909	8.03752753836398
1910	7.91456575615458
1911	7.734688023937725
1912	7.780775319853565
1913	7.699897622720448
1914	7.940935632491181
1915	7.984961379218999
1916	7.787192594330291
1917	7.842986758252793
1918	7.930820018505826
1919	7.853117072831945
1920	7.912034917852527
1921	7.512090769226029
1922	7.769684839752507
1923	7.608299514663044
1924	7.910007377843186
1925	8.04522091149495
1926	7.899606631623468
1927	7.86882897842937
1928	8.075416345072782
1929	7.92613678280026
1930	8.115360556831652
1931	7.940464400723324
1932	7.768726532701589
1933	7.608634880804889
1934	7.56542397955111
1935	7.955060136410588
1936	7.77401369353025
1937	7.7457719420505295
1938	7.877175200809345
1939	7.684363669330737
1940	7.764705233680521
1941	7.976087832388366
1942	7.922037879957767
1943	7.8908193074973605
1944	7.721353671080532
1945	8.013247279534346
1946	7.910504179625509
1947	7.805845256472015
1948	7.839568617826605
1949	7.941450812346971
1950	7.670262420808401
1951	7.837839023980791
1952	7.749007535184654
1953	7.8103909996644445
1954	7.761738700577095
1955	7.690833019150931
1956	7.836758029861142
1957	7.783082426407616
1958	8.005317127956049
1959	7.589771294176696
1960	7.9160662632733025
1961	7.4633159553935515
1962	7.614785141538408
1963	7.70680820327044
1964	7.8592279805824115
1965	7.920400670925756
1966	7.80467347945507
1967	7.7835839398032345
1968	7.670548400958847
1969	7.554683318251008
1970	7.859988049598442
1971	7.878781521213975
1972	7.6977372379745175
1973	7.960593587561558
1974	7.7938158632398435
1975	7.934179313246489
1976	7.734856594016184
1977	7.897860760435981
1978	7.717238909644237
1979	8.0873299531192
1980	7.930390991145466
1981	7.792028676033862
1982	7.572367176368402
1983	7.685973858111845
1984	7.878576760759392
1985	7.967301242147349
1986	7.857821217186739
1987	7.747234866763733
1988	7.986846165359334
1989	7.840510361841318
1990	7.784854389608401
1991	8.20430186963221
1992	7.770558055031896
1993	7.84985774711037
1994	7.95522103508265
1995	7.83149031691029
1996	7.622246765408674
1997	7.8264087788910155
1998	7.695095521718649
1999	7.918554605144037
2000	8.036275994591714
2001	7.962657630832913
