1	26.304841147486894
2	25.231302089304037
3	24.786607356914374
4	22.882429940175278
5	22.710866580395333
6	21.583586260088303
7	21.237285034116532
8	20.436840095613448
9	19.253184471674263
10	18.562390775294105
11	18.088154571421065
12	17.338982180667667
13	16.900314158570414
14	16.215966254142163
15	15.695901459937927
16	15.153778176648375
17	14.588371260068707
18	14.940297973453614
19	14.617147210667936
20	13.936418788902069
21	13.749780508304958
22	13.745200872936401
23	13.37586709189843
24	13.508106400624753
25	13.393946609177991
26	13.154704708275176
27	13.465085600487166
28	13.189615543420768
29	13.224133491323919
30	13.179463265654741
31	13.279630780010956
32	13.48816563300046
33	13.381371409796238
34	13.339003700056692
35	13.710860434475425
36	13.56091699416028
37	13.446568591623123
38	13.503612109781688
39	13.661048886468498
40	13.420929271362917
41	13.518118424350634
42	13.581280908296637
43	13.544373213907786
44	13.650790457909848
45	13.21383225567246
46	13.347247734352807
47	13.566854915691557
48	13.604023215608338
49	13.396400704309988
50	13.232751353636056
51	13.386257433625989
52	13.499382450883804
53	13.293842771732798
54	13.790682129125667
55	13.253024030617675
56	13.290839026526289
57	13.450670030828913
58	13.150333157163377
59	13.341039466984165
60	13.489711552469767
61	13.508289793878065
62	13.401085688922006
63	13.651999906573385
64	13.441828799866128
65	13.38702373575408
66	13.098798841476443
67	13.454598236634478
68	13.34406056864097
69	13.255732663820913
70	13.378356510888835
71	13.279545116947034
72	13.220051545025138
73	13.292196684786783
74	13.320576595225205
75	12.979951922477081
76	13.414508077117992
77	13.2503462595321
78	13.480178064772808
79	13.5103309801626
80	13.506028656984352
81	13.223235787241775
82	13.53013737621835
83	13.149264745412777
84	13.491555328673865
85	13.231184194152203
86	13.229673692561756
87	13.345546969985095
88	13.347532925224098
89	13.196388739380852
90	13.268836811184276
91	13.50138014862516
92	13.423560151966594
93	13.168819571603576
94	13.137248735461846
95	13.565944517199046
96	13.387272822455097
97	13.53933421943967
98	13.320542261596348
99	13.406857255744976
100	13.393696700006966
101	13.22188779934149
102	13.242791879896037
103	13.413657047773297
104	13.316818338311247
105	13.249475068587179
106	13.244347170558022
107	13.070785477610444
108	13.458588566218744
109	13.282469999592047
110	13.501161778659586
111	12.982247229988998
112	13.056097716614271
113	13.289228730661204
114	13.284323091917333
115	13.357438923975447
116	13.292438071836306
117	13.365012639955783
118	13.423911019051697
119	13.098171461900652
120	12.971555828176246
121	13.060055192267583
122	13.221673459979652
123	13.130379115139926
124	13.284160572460618
125	13.419876634336681
126	13.264204415063345
127	13.479384901591846
128	13.492018365517987
129	13.399922475499729
130	13.380721164795427
131	13.273996893724847
132	13.044320230442628
133	12.984998521744092
134	13.257717152945185
135	13.229485210706226
136	13.212744321769557
137	13.453401088523009
138	13.226064772647048
139	13.252504499610923
140	13.096124602494944
141	13.177390279144674
142	13.179289861584218
143	13.280605501206276
144	13.316948760855158
145	13.415830244333717
146	13.415510605634664
147	13.317454832406698
148	13.395021485336171
149	13.393160591609679
150	13.5057185324647
151	13.36047682947944
152	13.226665902154487
153	13.672470930620307
154	13.355647890597556
155	13.35927535693535
156	13.199621877162347
157	13.390789215089052
158	13.123004976442393
159	13.094264124034357
160	13.241436003432725
161	13.09910464945799
162	13.13599283373572
163	13.085523090210433
164	13.029591820189914
165	13.530923899345435
166	13.40021485520885
167	13.164046154073931
168	13.173246551973174
169	13.466020086912872
170	13.114524608957447
171	13.276012437423331
172	13.20218302062288
173	13.306443580028146
174	13.168204953882325
175	13.258804856294935
176	13.381464540252837
177	13.064533277222257
178	13.33082791495715
179	13.162932491203991
180	12.889799463045582
181	13.487896812094021
182	13.56629031252318
183	13.321917203745283
184	13.362925708714004
185	13.122520343184148
186	13.060972557097342
187	13.263519050793587
188	13.2846055538988
189	13.27917297615461
190	13.115330559110458
191	13.17227958114382
192	13.194066715871314
193	13.198122742525396
194	13.251383603031519
195	13.159034712027799
196	13.156228533754176
197	13.282507726591612
198	13.326895145738812
199	13.249064050298088
200	13.191091675710348
201	13.334093004500051
202	13.375854857773342
203	13.108093859739657
204	13.052951254865437
205	13.199125373267037
206	13.309234193434193
207	13.3305385880033
208	13.130811925281336
209	13.342733505948823
210	13.443589037094227
211	12.904873954184659
212	13.034099226467548
213	13.238407586046863
214	13.252618865904502
215	12.993831182396999
216	13.414504237936564
217	13.057974334390995
218	12.953979377167075
219	13.265082111108269
220	13.129007034372371
221	13.189455158418731
222	13.142894408800496
223	13.131588311495264
224	13.15780040969478
225	13.218495667725012
226	12.953014882738515
227	12.962689252578489
228	12.975729759812063
229	12.972847372455018
230	13.276610638396697
231	13.103828503298281
232	13.019218890348927
233	12.993076917969313
234	13.011495419322996
235	12.817472617908885
236	13.122944792464638
237	12.982260362021306
238	12.956534981382246
239	13.093242726384371
240	13.10750986188532
241	13.053140843300449
242	13.11205070115328
243	13.094911998833851
244	12.812086870438467
245	12.976829591821394
246	12.834423397079942
247	12.912487830800451
248	13.13832621722266
249	12.941839649633717
250	12.96655001361969
251	12.890220219925014
252	12.903808279990066
253	12.661013302658672
254	13.326696752625537
255	12.869440641349424
256	12.76169975668942
257	12.973409837569514
258	12.864699078909798
259	12.849871941263567
260	12.672646261096508
261	12.663382893299024
262	12.89792985874319
263	12.789903618165699
264	12.727500108641989
265	12.80685693465115
266	12.470775244115364
267	12.795737426455648
268	12.506635194650041
269	12.357348143461861
270	12.451481675988463
271	12.44892984679503
272	12.692813004340245
273	12.632185555699865
274	12.291905921278552
275	12.406671185892673
276	12.924470779791813
277	12.644093456632945
278	12.19052086664391
279	12.412965324121544
280	12.228554962920887
281	12.206582504846116
282	12.29829520633239
283	12.182881937756669
284	12.204945572381423
285	12.097833906890946
286	12.283206087492276
287	12.048986830067435
288	12.3622077813264
289	12.215527949715112
290	12.477283429940716
291	12.071591012056414
292	12.147812838378444
293	12.111694675762987
294	11.854030081964728
295	11.851498595717114
296	11.94296610584892
297	11.627365603198603
298	11.745854857762554
299	11.60844568546554
300	11.66896218322584
301	11.61516995106235
302	11.58816089865974
303	11.824669406403896
304	11.737515514955398
305	11.659731198494576
306	11.534299795147248
307	11.56484215851988
308	11.567567474677475
309	11.383128355941809
310	11.243940958472875
311	11.238568671409217
312	11.527450929895409
313	11.443279154460605
314	11.345471059731437
315	11.156040218412016
316	11.080425589124221
317	11.320359070267145
318	11.166137123194035
319	11.251671280292117
320	11.045807215757469
321	11.215698498571454
322	11.15488464745574
323	11.284382200805126
324	11.220700812800777
325	10.984244468999371
326	11.13636795736899
327	10.893307926547163
328	10.80489622631062
329	10.6757689270074
330	10.898699769358949
331	10.770334049239436
332	10.891648811204007
333	10.739531898400005
334	10.892586386648986
335	10.910828205785386
336	10.984041201191749
337	10.636874068156734
338	10.516882354177564
339	10.7003727183758
340	10.702396400482206
341	10.639591095063864
342	10.757050346699842
343	10.742335484882222
344	10.598080938395523
345	10.66509364267727
346	10.453166974556321
347	10.642403947878044
348	10.612435058273412
349	10.499957521617977
350	10.465817205003288
351	10.759119275162341
352	10.425986979987298
353	10.213234414135748
354	10.515255055175855
355	10.570133174984434
356	10.490542856319706
357	10.550145621878297
358	10.44974588951565
359	10.075191050397327
360	10.289320562929197
361	10.148577714459593
362	10.11774678860425
363	10.15718023084195
364	10.467162337109105
365	10.274370441460519
366	10.299769218029532
367	10.190859429710835
368	10.14235198506685
369	10.124420670959726
370	10.129639814428575
371	10.060803043782736
372	10.153727819467079
373	9.937916605958236
374	10.336181364961757
375	10.062153570934015
376	10.202847144907311
377	10.019897794183931
378	10.218822049446638
379	10.063492992915668
380	9.843502813328046
381	10.173190940521712
382	10.028972348624006
383	10.274915911339988
384	10.016113081527811
385	9.834967775148854
386	10.109045526871196
387	9.889159281374214
388	9.689407473932347
389	9.847194593867924
390	9.89837256009811
391	9.613032818207174
392	9.97134658682541
393	9.980918523802984
394	9.697930205420265
395	9.703439377353321
396	10.050512949940448
397	9.852982237252434
398	9.797982461754545
399	9.706768823084829
400	9.543115197579121
401	9.909993331784152
402	9.570625488452182
403	9.763826290811235
404	9.664659268712436
405	9.456745705113015
406	9.676333562593708
407	9.789021659955385
408	9.625516662047607
409	9.662492382265691
410	9.68622710101445
411	9.330669283186207
412	9.67309405528853
413	9.515108409944975
414	9.776890058733471
415	9.561772116551188
416	9.283450679036855
417	9.321194959932232
418	9.580598805655264
419	9.728342981617445
420	9.16719228360594
421	9.604521815002572
422	9.400058571209177
423	9.299845703726055
424	9.437149227153228
425	9.455795900105105
426	9.448571797561915
427	9.450124743261089
428	9.665602101896834
429	9.153634954552366
430	9.502569594489325
431	9.321984725558998
432	9.497143926400398
433	9.459119139505116
434	9.20724744096713
435	9.437643596612356
436	9.405712738368216
437	9.233460929827872
438	9.389476297644594
439	9.416154319628792
440	9.391248012184406
441	9.319541031914728
442	9.162460098334464
443	9.326076364083072
444	9.22159671691027
445	9.113600091531096
446	9.197341880455603
447	9.596995446181483
448	9.176581906795109
449	9.267884072956917
450	9.15559326569676
451	9.366333157485048
452	9.118066506746388
453	8.906515821132816
454	9.172041926504427
455	9.31701169162755
456	9.182412949696497
457	8.933431728979562
458	9.181812574833936
459	8.998220442748105
460	9.072824987298366
461	9.00832737630498
462	8.888353824600246
463	8.916260047332692
464	9.017744824199017
465	9.101535292660246
466	8.642361474478253
467	9.264287273708431
468	8.910180610013601
469	9.034966875211277
470	9.191693656304938
471	8.919347670465124
472	9.037504911687835
473	9.101578012307893
474	9.299298932366604
475	8.947021050993003
476	9.044790471517404
477	9.518590328508951
478	9.140884892668373
479	8.895379326029216
480	8.742727914133127
481	8.72970334404857
482	9.1095178800313
483	8.886117253629878
484	8.788384527710427
485	8.887813431225812
486	8.64009199409915
487	8.664636077549892
488	8.685718904010592
489	8.907375879702231
490	8.96590480015313
491	9.008331764087734
492	8.80319729255147
493	8.67047695339399
494	8.846677211628824
495	8.840676738789174
496	8.799418573543843
497	8.518377311322997
498	8.334510045776726
499	8.767893934288654
500	8.877261144656787
501	8.587349132520295
502	8.769010152738904
503	8.736679153602688
504	8.832646626049083
505	8.75187564625913
506	8.839801706473466
507	8.949909426957221
508	8.549213150700684
509	8.327910339861804
510	8.9289814218151
511	8.846412255296958
512	8.68711351838896
513	8.648158210174028
514	8.601237999716796
515	8.469145227970163
516	8.693385127297134
517	8.773087940042007
518	8.667176826412602
519	8.568345315708308
520	8.521439185702755
521	8.782058551117661
522	8.440644810141272
523	8.476459919794076
524	8.748142578253677
525	8.622286498760028
526	8.422118518444242
527	8.641272485571704
528	8.667506553363
529	8.449593782142918
530	8.497751519657013
531	8.546201789872864
532	8.515967714023343
533	8.30728782195351
534	8.343649671035733
535	8.693436778449891
536	8.495875958357004
537	8.274315287598705
538	8.678073502563654
539	8.388343961998673
540	8.530602447532235
541	8.38262675127585
542	8.54136047943884
543	8.34095569211243
544	8.515631818799811
545	8.390829842481743
546	8.594129158675553
547	8.48486746457695
548	8.482765615729166
549	8.34312724526244
550	8.443865683293623
551	8.379395550215131
552	8.413287175542111
553	8.223423811159776
554	8.372936616587811
555	8.226931954301154
556	8.028444511316728
557	8.492922685599837
558	8.549709169472752
559	8.315110075094703
560	8.276175025340345
561	8.352051608023682
562	8.335846403360444
563	8.138327798038594
564	8.200013530766226
565	8.393540828228767
566	8.321079338634808
567	8.396921847059886
568	8.254771086777506
569	8.467826199036594
570	8.122740725977748
571	8.259448976368953
572	8.458079186725778
573	8.283815051396946
574	8.107717443427498
575	8.067086717109
576	8.145850330489502
577	8.208067873736224
578	8.41215723571065
579	8.472568404316931
580	8.158898207460425
581	8.199384316537763
582	8.331942218821824
583	8.355569654494454
584	8.199456449295706
585	8.120922899146548
586	8.2489666572934
587	8.376739379249502
588	7.911339274980383
589	8.202676042103771
590	8.211948012153492
591	8.346696750044169
592	8.33616646340593
593	8.164307941340148
594	7.9944068563726
595	8.023546989638064
596	8.219958488266053
597	8.247652482026025
598	8.098810946155531
599	8.27854683184365
600	8.30643840922469
601	8.13797881381876
602	8.030316690680653
603	7.9047839398521695
604	8.222247356266639
605	8.200621689850802
606	8.078486702472965
607	8.128328127974621
608	8.029862917591977
609	7.960363784628577
610	7.899333530985181
611	8.247217823448015
612	7.869349649948427
613	8.118928754531717
614	8.037606903728701
615	8.024840605230617
616	8.28033914130521
617	8.176801323995184
618	8.063668461871892
619	8.047357729430368
620	7.971083291845329
621	7.956319942234592
622	8.020823157374199
623	8.103433505378407
624	8.014657500497036
625	7.9840802414362
626	8.149842546839077
627	8.06463361484655
628	8.13707787279189
629	8.241472142373102
630	8.069884659696934
631	7.883066886317813
632	8.049714876154573
633	8.118558809310775
634	7.993360582209769
635	7.811523592525702
636	8.257024010390483
637	8.013344211424194
638	7.980011232439317
639	8.014825940511527
640	8.176254548601268
641	8.211919384702087
642	7.77529472703652
643	8.055461091404498
644	7.925534691615812
645	7.91861620712339
646	8.021650106934125
647	8.035876222743179
648	8.022470432995696
649	8.081124019973178
650	7.9599230857891365
651	7.668213188697752
652	8.025632988159394
653	8.061730775091403
654	8.020577155064036
655	7.840456469126722
656	8.041531307132669
657	7.880735686942617
658	7.814338209822822
659	7.92206009813155
660	7.9080813998617385
661	7.862192581441729
662	7.730225505195057
663	7.834166220471872
664	7.953577890667221
665	8.026795557894578
666	7.819592647290036
667	8.043700046158087
668	8.001633124649898
669	7.891887830847277
670	7.596626561849331
671	7.876200411666569
672	7.786924733282192
673	7.8132370729905105
674	7.823630185117853
675	7.75712115353561
676	7.959287120944172
677	7.792417827312384
678	7.743950531720187
679	7.813871746538556
680	7.720577481038387
681	7.959300643861344
682	7.739313909845795
683	7.8277615187497895
684	7.771186659546805
685	7.727810927340735
686	7.779401376219669
687	7.802008291896404
688	7.928210338563015
689	7.590776711254042
690	7.8460198170177975
691	7.807165111131807
692	7.690334620395132
693	7.745599547868068
694	7.704599755422879
695	7.641804264013453
696	7.666919084588932
697	7.750094772429833
698	7.735053351909557
699	7.600631457417834
700	7.684504520093997
701	7.674621956933454
702	7.866697413606522
703	7.642983658323918
704	7.702169781364977
705	7.506818081233847
706	7.606094836777908
707	7.686018602529109
708	7.556247107639595
709	7.663300364159032
710	7.652141860920497
711	7.609844066434427
712	7.611255045525978
713	7.6114415220285085
714	7.602696574502493
715	7.849142618072126
716	7.791323280507448
717	7.741397564306134
718	7.401625060367635
719	7.456966143912669
720	7.643952017048257
721	7.779104513863418
722	7.704754332103459
723	7.572233117186368
724	7.430640909089426
725	7.566832483079494
726	7.649070283013321
727	7.582703596764472
728	7.599055857175393
729	7.669273931999782
730	7.667650116812518
731	7.685023166405589
732	7.644942123377452
733	7.690712176616893
734	7.65975657206848
735	7.817849973837399
736	7.68817120498426
737	7.655103883221709
738	7.4857074746611
739	7.762426170752397
740	7.536406076928036
741	7.653170337325236
742	7.495873195792946
743	7.6597168548985985
744	7.550372215413015
745	7.6334897761257166
746	7.432063982360435
747	7.561528384544794
748	7.437420789333308
749	7.410808845831957
750	7.35124505440827
751	7.491241306545809
752	7.47422555216518
753	7.528986906044081
754	7.587748601567374
755	7.581458171605268
756	7.687594833466767
757	7.585168147928446
758	7.46022431597536
759	7.672528987504093
760	7.47501821847214
761	7.44792374415938
762	7.506636772223496
763	7.344770138553525
764	7.682513378964137
765	7.360739865934646
766	7.470744063907287
767	7.483873773655555
768	7.662317141278205
769	7.379043008016503
770	7.476244777884249
771	7.6554634978555445
772	7.369997640192201
773	7.597039247398082
774	7.322416359315221
775	7.473401795179352
776	7.578569629861307
777	7.4868280156190155
778	7.473262122737539
779	7.155080627626255
780	7.39949580987915
781	7.350718348477994
782	7.414829075869499
783	7.5448716880811295
784	7.355076161959136
785	7.611267319293824
786	7.422287377851872
787	7.71295501393035
788	7.400662815878501
789	7.38779362662408
790	7.304696557414483
791	7.359525692095241
792	7.43023468892716
793	7.301339401140867
794	7.343232121461449
795	7.605844136351796
796	7.279652951170862
797	7.239788507970501
798	7.329445224262788
799	7.290123911851425
800	7.2222655135515
801	7.343867643586195
802	7.070003752081352
803	7.511681903582655
804	7.306881044376927
805	7.252832851892189
806	7.504508740655148
807	7.601030410688897
808	7.446121471871257
809	7.072576956620099
810	7.27299734773573
811	7.329163597461474
812	7.2599700405878504
813	7.40488125572324
814	7.290736675520824
815	7.339775883066952
816	7.447959180263087
817	7.385844903770532
818	7.38949367862685
819	7.451305214669967
820	7.278865956912238
821	7.549514955164954
822	7.229526450700655
823	7.491996581069193
824	7.606001044537687
825	7.282498695772394
826	7.540805715588129
827	7.065171973310316
828	7.436690284504766
829	7.508927616597086
830	7.0604756903826615
831	7.318457340704306
832	7.280846679275864
833	7.16495261638779
834	7.228767132356312
835	7.101789102260567
836	7.215566030627241
837	7.411785569916767
838	7.276414326275623
839	7.3854853189742355
840	7.292469393138067
841	7.1682480001112845
842	7.047413152070264
843	7.021241258698748
844	7.267893694737346
845	7.129353475156556
846	7.334082313019197
847	7.3329579376963405
848	7.305298294467099
849	7.4018623691432595
850	7.3800561061624625
851	7.135549520064685
852	7.368180487102088
853	7.346022593001551
854	7.311322644570824
855	7.086497164570866
856	7.226959627345709
857	7.148589210038952
858	7.138482690756806
859	7.20752010404674
860	7.13034511683272
861	7.234483866379301
862	6.979584825469505
863	7.266657081381052
864	7.273285842153396
865	7.1360577505729275
866	7.019710894009371
867	7.053877393138628
868	7.260489856727358
869	7.184500869250307
870	7.103214839432865
871	7.403722500037311
872	7.0759056579666115
873	7.209197486839694
874	6.980238133640213
875	7.154431175490748
876	7.218146786287031
877	7.248463611062021
878	7.0545217382187735
879	7.242061998328043
880	7.1946191476514425
881	7.1026823894325295
882	7.17715814121181
883	6.960172228833798
884	7.161909008158393
885	7.2236932402387515
886	7.243463867564956
887	7.258826295464177
888	7.171488711151339
889	6.995562360590992
890	7.052880080543692
891	7.066619919929193
892	6.95833839272107
893	7.113406131384607
894	6.925810628269766
895	7.1842701406026785
896	7.137808298678594
897	6.966430431652447
898	6.8993931674966635
899	7.035449649576539
900	6.989200391343233
901	6.90083301751405
902	7.229368465600864
903	6.876587706685154
904	7.039421660324039
905	7.240154558650842
906	7.114605261883683
907	7.058752056262895
908	7.161319480864421
909	7.188122326842822
910	7.0981616487697075
911	7.000736264222211
912	7.2071245207563415
913	7.1613950116922105
914	6.999292647854531
915	7.070432420704928
916	7.020114276403115
917	6.875934390255811
918	6.7705493734924245
919	6.795912465607563
920	7.1121679869262495
921	7.075637068897702
922	7.077006495603852
923	7.192597534583102
924	7.190964865690028
925	6.968934122792952
926	7.170394274487493
927	6.87974612682759
928	6.821755960779148
929	7.294126899893077
930	7.270625963486361
931	7.0643112203469585
932	6.946613927124528
933	6.967449199090965
934	7.031884424564952
935	7.216169846973852
936	6.8069227325781965
937	7.157612073645793
938	6.9187772275988095
939	7.300020364295128
940	6.71621664740981
941	7.114995348976537
942	7.069012852421925
943	7.131129292732123
944	6.8200765559674155
945	7.101015884749589
946	7.116759401017733
947	7.0510247815690485
948	7.195137931584283
949	6.862552373689209
950	6.845729540126079
951	7.167976389131057
952	7.262136106943148
953	6.809054479702101
954	6.97390501154654
955	6.887653426585379
956	7.059307929418467
957	6.921078332475719
958	6.9736912958563035
959	6.795500001428829
960	6.97189816357957
961	6.969807278881055
962	6.905426618746836
963	6.933568503805021
964	6.7642407431088465
965	6.767013698320295
966	7.158878735269908
967	7.131741676254252
968	6.799615093622786
969	7.02750569390943
970	7.156203603835245
971	6.928355267165758
972	7.161781060617482
973	6.971642445550129
974	6.973696157476494
975	6.889006781213638
976	7.00180203249833
977	7.010790328193037
978	7.135159670397035
979	6.807102139327917
980	7.050689959828397
981	6.876892653674943
982	6.9534018744888835
983	6.917618477617731
984	6.853456356016896
985	6.863882912618114
986	6.789609379278485
987	7.006303243994972
988	7.043552849562829
989	6.94644433367494
990	6.897560651915225
991	6.97736185347241
992	7.023069248026878
993	6.811639883487232
994	6.9500519587529475
995	6.818188466484989
996	6.727232484260873
997	6.700577810228708
998	6.801646484116183
999	6.663336200966545
1000	6.775711601044545
1001	6.998016772676307
1002	7.100551971574395
1003	6.774380145016863
1004	6.804271325436532
1005	6.901387721443275
1006	6.893656689942641
1007	6.865277881424668
1008	6.74490620480244
1009	6.810675787238604
1010	7.094371084921173
1011	6.785070022464722
1012	6.867569411860204
1013	6.951512656738634
1014	6.854281857438374
1015	6.880893106488674
1016	7.042238782350499
1017	6.9970129685225055
1018	6.6488585257571335
1019	7.079013047500818
1020	7.074991620883849
1021	6.923984540034998
1022	7.035861890758621
1023	6.870347590144699
1024	6.930781998158811
1025	6.931209334904646
1026	6.859195004326877
1027	6.822159735053451
1028	6.743086324227401
1029	6.677945320581376
1030	6.792178717088671
1031	6.7369653066777
1032	6.820438999108497
1033	6.734490178525187
1034	6.9370342465215975
1035	6.672563683783541
1036	6.7250751052113635
1037	6.786605394002917
1038	6.665429470327052
1039	6.7795992436551105
1040	6.902950253113737
1041	6.7578766767307155
1042	6.781139391258195
1043	6.58222334648063
1044	6.853309797353455
1045	6.885964819681024
1046	6.687953276780101
1047	6.785941247314382
1048	7.015999642645547
1049	7.01561243228343
1050	6.638294248562993
1051	6.650041886148433
1052	6.56077905288727
1053	6.844891660005367
1054	6.870057960542186
1055	6.77623939061821
1056	6.934787209751043
1057	6.7376477002826105
1058	6.7057988493925755
1059	6.943002064217794
1060	6.807875417387075
1061	6.7168992697468335
1062	6.927383138673072
1063	6.943915683617498
1064	6.910172841861289
1065	6.870352528222124
1066	6.7069620938094365
1067	6.722171832329138
1068	6.731713038804979
1069	6.907943799903598
1070	6.854975122215123
1071	6.654750180011238
1072	6.757627626647112
1073	6.874424265586107
1074	6.739787240729867
1075	6.828126251740799
1076	6.766418626999429
1077	6.597316362626721
1078	6.834592934119537
1079	6.585202771933799
1080	6.961927484245996
1081	6.717966833256892
1082	6.662289937347574
1083	6.841962530194638
1084	6.785998591505506
1085	6.891494204581059
1086	6.736427944069032
1087	6.828861384475364
1088	6.791820213905813
1089	6.81990848039796
1090	6.708882659018028
1091	6.643884783565683
1092	6.765411235183396
1093	6.850132895482926
1094	6.612296810131301
1095	6.7571242129507585
1096	6.627971467843089
1097	6.632793435435184
1098	6.681771524716204
1099	6.7235743752522605
1100	6.817052235383793
1101	6.7285319660129845
1102	6.9140511145118
1103	6.641908264438327
1104	6.75199353043531
1105	6.636863301344747
1106	6.626815311100123
1107	6.8690938339926575
1108	6.763198847919734
1109	6.867379974910763
1110	6.7212414434244785
1111	6.935481255651591
1112	6.528239264221928
1113	6.510777919933417
1114	6.489215872865502
1115	6.672352679934719
1116	6.648217584646409
1117	6.8171186954645995
1118	6.560947212727466
1119	6.644786270745365
1120	6.8221963893065345
1121	6.843273486202791
1122	6.612919412351838
1123	6.599617165276361
1124	6.67036798500992
1125	6.596118741471151
1126	6.436804120107044
1127	6.913727092231908
1128	6.637083104410496
1129	6.711634797743975
1130	6.569690344289036
1131	6.693203689386338
1132	6.615243447692575
1133	6.633973527285568
1134	6.840010981969739
1135	6.4314186134529665
1136	6.517701641845227
1137	6.714406418318761
1138	6.66178320945506
1139	6.6501681943720214
1140	6.438987065722608
1141	6.862078451581711
1142	6.630203560245822
1143	6.81727852478319
1144	6.483807565776621
1145	6.673497253971166
1146	6.7633947874189415
1147	6.572249648989786
1148	6.926609045904833
1149	6.733143752369839
1150	6.555012460324573
1151	6.681187736130182
1152	6.961159790155598
1153	6.57209845913909
1154	6.648522672345505
1155	6.70100464797748
1156	6.439904224051581
1157	6.784178100535764
1158	6.661570040224223
1159	6.691134478076534
1160	6.595514719532729
1161	6.821768684799456
1162	6.830949506490501
1163	6.776917842681161
1164	6.52010952184873
1165	6.439820917616453
1166	6.414782863015129
1167	6.584691592315053
1168	6.618498332986524
1169	6.423103793678347
1170	6.404042810990608
1171	6.718636738091681
1172	6.467127257894114
1173	6.66437440913836
1174	6.5408604077237396
1175	6.55019385827482
1176	6.659298920492823
1177	6.632606687653957
1178	6.874046459123286
1179	6.610766374084371
1180	6.363143468953657
1181	6.796931140704087
1182	6.655628883724057
1183	6.631633160608149
1184	6.665114322291379
1185	6.597600587252421
1186	6.505994168124203
1187	6.522068480870964
1188	6.81984689983297
1189	6.755100582541557
1190	6.466483034700444
1191	6.611102049834411
1192	6.586077101837485
1193	6.534387985638846
1194	6.681279334325449
1195	6.476460355761605
1196	6.352810400948133
1197	6.604726467071296
1198	6.896464193526449
1199	6.653598776783831
1200	6.8870052738073415
1201	6.596776540287105
1202	6.743422009738468
1203	6.400360544948784
1204	6.709927475821317
1205	6.415516926067444
1206	6.912421038457509
1207	6.409548127243189
1208	6.496527500664815
1209	6.513385784929672
1210	6.410476282760365
1211	6.550896454616298
1212	6.597486476452136
1213	6.352969688722534
1214	6.493219286284607
1215	6.558256891255803
1216	6.497301137287946
1217	6.446923081869059
1218	6.455523092288816
1219	6.3716715641118515
1220	6.759302102284901
1221	6.642115642551507
1222	6.573389159798395
1223	6.608248772953335
1224	6.640088971349927
1225	6.727416000992577
1226	6.5199708868084985
1227	6.6322111580070215
1228	6.634657689621395
1229	6.5388954450078245
1230	6.605867756299912
1231	6.613925032383246
1232	6.595270284839348
1233	6.359251231044833
1234	6.420760338424927
1235	6.538732168110419
1236	6.5468643192412435
1237	6.599922177050246
1238	6.543919183403791
1239	6.490721561505762
1240	6.659701937536112
1241	6.607923696397533
1242	6.529857390144332
1243	6.403371692925397
1244	6.582894168014257
1245	6.5964281534491
1246	6.423410131442943
1247	6.273044415242491
1248	6.460972679173055
1249	6.493329892213923
1250	6.553676186822203
1251	6.352689570683036
1252	6.447108151480412
1253	6.532672097953729
1254	6.618315020669363
1255	6.405765129314122
1256	6.485539975990331
1257	6.493997157063847
1258	6.683203860367968
1259	6.515520943479631
1260	6.195688557395231
1261	6.563567217465788
1262	6.5792267082490525
1263	6.563452545055681
1264	6.616872837691284
1265	6.3867292135896285
1266	6.548192226224356
1267	6.495714210310021
1268	6.477795984024555
1269	6.5100470317727614
1270	6.307473602334014
1271	6.489157919647327
1272	6.280796356811106
1273	6.372041442395615
1274	6.480646010057155
1275	6.363368398516468
1276	6.4839033184447885
1277	6.383386151228656
1278	6.159499493199342
1279	6.394697929489212
1280	6.581017025198119
1281	6.359097191478351
1282	6.632399419635098
1283	6.371822589478536
1284	6.479583541923928
1285	6.587591422179361
1286	6.3682780263877525
1287	6.188434371940618
1288	6.353190157364658
1289	6.476456751532234
1290	6.299737269533662
1291	6.509439908065918
1292	6.271367953757607
1293	6.625996403246503
1294	6.4438930211673044
1295	6.7466054506299376
1296	6.46922670001929
1297	6.575726861385608
1298	6.431331977772656
1299	6.561264638625469
1300	6.46747074649787
1301	6.302350747946505
1302	6.636674762630234
1303	6.191334925287289
1304	6.724647578608338
1305	6.409981918797782
1306	6.301970297436018
1307	6.270016770560017
1308	6.5005015274167395
1309	6.306870995354426
1310	6.395214728829965
1311	6.547231993059457
1312	6.415855008810945
1313	6.3917683997157715
1314	6.383056727892026
1315	6.2816500915683315
1316	6.430812119449939
1317	6.401420306001235
1318	6.417535381152739
1319	6.655257983701622
1320	6.5784236936330345
1321	6.410286678108989
1322	6.372356322513232
1323	6.415553729576415
1324	6.528320008412512
1325	6.5667182883894855
1326	6.406690778512216
1327	6.344163625770668
1328	6.390559144687827
1329	6.456354352950375
1330	6.404454948673111
1331	6.716106848472666
1332	6.430630544144003
1333	6.425320973172438
1334	6.661459067936692
1335	6.389026641901428
1336	6.56716157304175
1337	6.477310263371827
1338	6.319992014339408
1339	6.339629049031565
1340	6.257644334235193
1341	6.3381579465974225
1342	6.449456011394254
1343	6.612392434440532
1344	6.470054042420224
1345	6.709908366899175
1346	6.490760430847972
1347	6.230874801241291
1348	6.464272855408407
1349	6.089027872920684
1350	6.2010460711147
1351	6.31868285692332
1352	6.1346679730943645
1353	6.467256914699517
1354	6.337492944095875
1355	6.562402895631364
1356	6.356389422108844
1357	6.427973108090064
1358	6.3450274629108145
1359	6.102353950258495
1360	6.33350388195392
1361	6.466987850538066
1362	6.481737335676935
1363	6.181194252514703
1364	6.26826590990314
1365	6.287609848033462
1366	6.4319548317839015
1367	6.314215309900249
1368	6.271887212292073
1369	6.38358780168777
1370	6.177153954510148
1371	6.349392510178728
1372	6.41960173624364
1373	6.305379499068633
1374	6.256268551768227
1375	6.110477831470668
1376	6.286657573124029
1377	6.33422796308243
1378	6.289988447699059
1379	6.463721335325989
1380	6.512680957608152
1381	6.356614072345932
1382	6.777539309295599
1383	6.470086178368737
1384	6.217963224858261
1385	6.2783851486844355
1386	6.575387549105389
1387	6.242747547853475
1388	6.376870511089571
1389	6.414944059062967
1390	6.5090047467441
1391	6.181830058271021
1392	6.421547511048272
1393	6.283177868779426
1394	6.330577049405129
1395	6.255854444074441
1396	6.261053458085644
1397	6.52396001929928
1398	6.350340101174298
1399	6.174550011324551
1400	6.350039929979476
1401	6.299344767083427
1402	6.454965759089663
1403	6.338645663090273
1404	6.272210067615338
1405	6.298645162851847
1406	6.214052389165976
1407	6.302473707470228
1408	6.172712840924485
1409	6.345460127757173
1410	6.071121092690426
1411	6.240315550859442
1412	6.453479337347424
1413	6.269879066791444
1414	6.2351255145037605
1415	6.299901226274332
1416	6.542070478367351
1417	6.461720947583372
1418	6.265282396164932
1419	6.568250547907171
1420	6.183458495215028
1421	6.395759514638706
1422	6.233196670817223
1423	6.4356303962789685
1424	6.150692729454462
1425	6.061662682847121
1426	6.339790210820644
1427	6.278620637544075
1428	6.134522086569121
1429	6.255958946567876
1430	6.191707665681189
1431	6.165374216610867
1432	6.287469480121293
1433	6.151402913640532
1434	6.301568556093306
1435	6.4186526676308695
1436	6.140377820632286
1437	6.1352750004491625
1438	6.627223888700878
1439	6.358755406031267
1440	6.166802382035346
1441	6.249800177646628
1442	6.3452042512171705
1443	6.2511579013101946
1444	6.415999309738356
1445	6.192813122088327
1446	6.303842008205635
1447	6.026235649586001
1448	6.301688349642039
1449	6.228578640929147
1450	6.306464338137916
1451	6.223988036413198
1452	6.305538080657069
1453	6.272147581010229
1454	6.42757652840511
1455	6.020307538538542
1456	6.182135339597792
1457	6.115842368283136
1458	6.189221779194748
1459	6.417779639291143
1460	6.076075844898743
1461	6.174020136489499
1462	6.286179679069436
1463	6.337299538578301
1464	6.410515277277283
1465	6.4303002756626855
1466	6.05359824099405
1467	6.175521229089875
1468	6.343266035525495
1469	6.119894668592026
1470	6.395770049074039
1471	6.295162484576604
1472	6.176133679222253
1473	6.39660128259889
1474	6.279953837188348
1475	6.190321088854575
1476	6.193638293361362
1477	6.200651238828496
1478	6.115397674687162
1479	6.415049187411019
1480	6.5881006450771995
1481	6.237285659933067
1482	6.379074788353224
1483	6.188582142631342
1484	6.181079176259874
1485	6.232597026474458
1486	6.131744980891009
1487	6.4059547174221665
1488	6.294095975493635
1489	6.160404782262248
1490	6.251445462422772
1491	6.104156990980145
1492	6.295283176084293
1493	5.880731173059149
1494	6.30061579805194
1495	6.057986067050888
1496	5.9534953697975075
1497	6.201977124651265
1498	6.071811036161695
1499	6.275691327063122
1500	6.27936943792674
1501	6.217180844722955
1502	6.205119079974918
1503	6.421991544055393
1504	6.234952481763652
1505	6.47788477860487
1506	5.916869668790216
1507	6.147473741020642
1508	6.031657388108538
1509	6.246335337500191
1510	6.204935066143091
1511	6.176387216698138
1512	6.099904604074027
1513	6.22805688479871
1514	6.0340848259336255
1515	6.002649330332011
1516	6.334256268439741
1517	6.159756004072077
1518	6.386132262676243
1519	6.158005773422024
1520	6.383436911868157
1521	6.089951158988621
1522	6.335201320251337
1523	6.294425897270969
1524	6.3091223945914505
1525	6.167109285780566
1526	6.349161958814983
1527	6.181907601995766
1528	6.255848078585727
1529	6.291423687932281
1530	6.40757404993888
1531	6.1589863757288725
1532	6.254840107967608
1533	6.224716515636342
1534	5.944586543868991
1535	6.367713036429849
1536	6.0878266050939995
1537	5.982670110929674
1538	6.445843028272589
1539	6.329541138335843
1540	6.217714398194469
1541	6.30801097088133
1542	6.058295697352243
1543	6.119749802863993
1544	6.309059422760977
1545	6.327564503113873
1546	6.300518364377719
1547	6.057812628404714
1548	6.374759283645651
1549	6.167097378110303
1550	6.250787176345708
1551	6.019941999792051
1552	6.143351120284547
1553	6.321563281481569
1554	6.455419401690773
1555	6.21427689212949
1556	6.252532166521397
1557	6.079822445014694
1558	6.218432184763253
1559	6.099884594550445
1560	6.137663297214942
1561	6.232959976040404
1562	5.974398163170603
1563	6.085054654490427
1564	6.048965255144969
1565	6.1927548374647445
1566	6.205600216835771
1567	6.267604394799295
1568	6.197485370633821
1569	6.159585311733873
1570	6.10127773644428
1571	6.05882893489239
1572	6.213409225333582
1573	6.03652312445599
1574	6.117085327961409
1575	6.301231249437178
1576	6.243988754895812
1577	5.920347456003809
1578	6.027782564283865
1579	6.186271448188247
1580	6.0718685062687765
1581	6.050459410402561
1582	6.057092825855662
1583	6.525057833500493
1584	6.266750470245838
1585	6.130083194460258
1586	6.03748410938157
1587	6.184375568974673
1588	5.940179979416941
1589	6.32541647720933
1590	6.102339196015434
1591	6.1728726279060435
1592	6.3407675880395935
1593	6.169092824271992
1594	6.0531801657739335
1595	6.005801758666095
1596	6.219123524760917
1597	6.349735344602607
1598	6.157717494095102
1599	5.977451921375885
1600	6.061416536062647
1601	5.888193122659294
1602	6.300925856777672
1603	6.068202776506
1604	6.167628560986444
1605	6.065271512933131
1606	6.042137904664022
1607	6.040194484165806
1608	6.1799986241885545
1609	6.181349051654165
1610	6.100469708627841
1611	6.259316448012848
1612	6.026336339967366
1613	6.363437262221869
1614	6.02311853446958
1615	6.041959108850021
1616	5.98826124206007
1617	6.280089270559719
1618	6.2293325100989065
1619	6.237031324284074
1620	6.065199456352738
1621	6.071601216172445
1622	6.087868669064673
1623	6.201809239161026
1624	5.910218822904553
1625	6.1459380410656
1626	5.966909233665382
1627	6.1573590958566005
1628	6.092714785712825
1629	6.166272811288448
1630	6.464069531166464
1631	6.1024821337918835
1632	6.391730213878139
1633	5.976182896195977
1634	6.139726239849994
1635	6.1216216545691555
1636	6.214038857050219
1637	6.330016649474522
1638	6.31640708047644
1639	5.96051579438206
1640	6.134356940540915
1641	6.300104079949215
1642	6.160534357106445
1643	6.112628956806914
1644	6.136191636369063
1645	5.887900381781659
1646	6.243262560763844
1647	6.057815663019575
1648	6.283063323058175
1649	5.790560979293401
1650	5.951281377626247
1651	6.261567364934146
1652	6.2702804301276425
1653	5.983677454626848
1654	6.118796080238141
1655	6.202751600191211
1656	6.1755507758329795
1657	6.0141279891763935
1658	6.102850015577787
1659	6.05757585846032
1660	6.048497906529129
1661	5.953587991569268
1662	5.97263767359836
1663	6.2414013935000385
1664	6.094649084192139
1665	6.172241821257125
1666	6.02949498324623
1667	5.98240480498578
1668	6.0482877540000946
1669	6.160222793134285
1670	6.0803015161356875
1671	5.97919576734464
1672	6.099605752368449
1673	5.942468411974624
1674	6.349242601876229
1675	6.0470662193390625
1676	5.961967561896023
1677	5.903119443962031
1678	6.100280146189987
1679	6.2494524709152195
1680	6.188444940081387
1681	6.28321441357951
1682	5.889536059611934
1683	6.185880212148514
1684	6.018286378737929
1685	6.046734845820184
1686	6.10507965430304
1687	6.400133939831514
1688	6.117452247208925
1689	6.204127603906972
1690	5.99892934584998
1691	6.08873927208987
1692	6.163739644968126
1693	6.21759459109218
1694	5.826248544237789
1695	5.913618539246399
1696	5.957325591986857
1697	6.236962060266227
1698	6.017318182543542
1699	5.903447559995512
1700	5.8692941600118145
1701	6.0660022604262425
1702	6.056089579751517
1703	6.198196319602641
1704	5.981146780359793
1705	5.984051050665801
1706	6.224186045962824
1707	6.322689112538418
1708	5.985148608833501
1709	5.908055491386741
1710	5.9863359250164745
1711	6.194086873323406
1712	6.325870220564525
1713	5.774135496488651
1714	5.99637881026839
1715	5.938247995404265
1716	6.034809278575845
1717	5.986374684379587
1718	6.104158770791558
1719	5.8770018812228075
1720	6.202056092254505
1721	6.148839907316548
1722	6.122171319970771
1723	5.9095526344517575
1724	6.0521557394817735
1725	5.932080141290046
1726	6.097850462653935
1727	6.071911806710133
1728	5.910008514717005
1729	6.013535603830228
1730	6.1049009710811895
1731	5.9939085733853465
1732	6.046408804431528
1733	6.059517184504865
1734	6.143673614730812
1735	5.942681472941549
1736	5.718905604387697
1737	5.8989808631872345
1738	6.280836498433006
1739	6.114394839099941
1740	5.940474726265984
1741	5.750230092097106
1742	6.033497852866414
1743	6.325403057933059
1744	5.992644259843018
1745	6.10546583741727
1746	6.166669381126059
1747	6.188989168183703
1748	6.0622061592652505
1749	6.087865331276364
1750	6.161539848201252
1751	5.83120668444294
1752	6.138907687597322
1753	5.974126496912698
1754	5.935774642909496
1755	5.927994502158081
1756	6.069052009300258
1757	6.072816440422651
1758	6.177343295611131
1759	5.960946700439913
1760	5.891064432870121
1761	5.955310700677929
1762	6.110381211499738
1763	6.147706700312435
1764	5.790093741289006
1765	5.9267512154713975
1766	5.903901640838635
1767	5.937248585603962
1768	6.04817480691459
1769	5.84866250491845
1770	5.739128552890254
1771	6.080218818743483
1772	5.996895496110494
1773	6.006609459083635
1774	5.998254960724696
1775	5.795930062596431
1776	6.037116357837357
1777	5.810820982635523
1778	5.8709636666301535
1779	6.188126050176621
1780	5.962943322361724
1781	5.702229116057646
1782	5.9848462921079655
1783	6.058013495910928
1784	5.906243100284668
1785	5.997608588235115
1786	6.054388343816329
1787	5.964604458379982
1788	6.030349701740464
1789	5.912150397527775
1790	6.0923428646747695
1791	6.125421774479024
1792	6.136459789545413
1793	5.874360624826554
1794	5.9128241074819305
1795	5.988367415270457
1796	5.997183563453916
1797	6.064936926126769
1798	6.033808747304295
1799	6.077654354425517
1800	5.9626440258435185
1801	6.30744222878853
1802	6.152188699667656
1803	6.164800553660181
1804	5.985062634075094
1805	5.9530439266506905
1806	6.112144155006205
1807	6.015949029812975
1808	5.935811822111171
1809	5.804821534065812
1810	6.01731082266399
1811	6.037157794746462
1812	5.9402214737310945
1813	5.933755469484449
1814	5.944211354190596
1815	6.041418787294783
1816	6.158392458132245
1817	6.104349398973626
1818	5.72747694245944
1819	6.067243696552776
1820	5.801562250662201
1821	5.925356432870495
1822	5.9932743105337165
1823	5.856723369082383
1824	5.8908285964710405
1825	6.099264403268591
1826	5.767473651700029
1827	6.032747841682622
1828	6.151070133659717
1829	6.003532675841888
1830	5.94905910074268
1831	5.9197010856194945
1832	6.11284071679304
1833	5.943346732413045
1834	6.152698559871703
1835	6.008670146607324
1836	5.883555233365127
1837	5.976392188482781
1838	5.977803113549325
1839	6.043404858009752
1840	5.917037722181916
1841	5.90864682167763
1842	5.914704993523199
1843	6.19123834314858
1844	5.858409232621193
1845	5.929086359160429
1846	6.114594427689873
1847	5.915142676297532
1848	5.9625433563356065
1849	5.859972461882628
1850	5.7665987024329155
1851	6.088759857413635
1852	5.983430313179949
1853	5.893927600319961
1854	6.052447262103571
1855	5.842867434827254
1856	6.029735739865565
1857	5.830018768641051
1858	5.966989517660232
1859	6.127115178445076
1860	6.254216860475352
1861	5.686079208597564
1862	6.018324046449563
1863	6.188988804904847
1864	5.985493690216777
1865	5.7339784658993205
1866	6.094883951037338
1867	6.018547067844786
1868	5.994359032379836
1869	6.048418136277263
1870	5.658038383996758
1871	6.092057048815058
1872	5.860132112498092
1873	5.951806331453245
1874	6.065628845528768
1875	5.754291138288698
1876	6.1623599159766425
1877	5.925185281150846
1878	5.835515896156059
1879	6.104283170538049
1880	6.177319683170334
1881	5.960021107061477
1882	6.0242605025262765
1883	5.999042873007699
1884	5.953564173391651
1885	6.090214593809923
1886	5.971410144290331
1887	6.099139271320207
1888	6.276397039462776
1889	5.8793479008604175
1890	5.760691298990029
1891	6.099129579206081
1892	6.121602407681292
1893	5.8238980289819535
1894	5.9161488669401425
1895	5.7913716979394
1896	5.891324276013333
1897	5.906548704190192
1898	5.926588632800204
1899	5.782675173990685
1900	5.875482633117248
1901	6.008963966357631
1902	5.832625827951504
1903	5.8184555888348966
1904	5.884741416062782
1905	6.1355438808059946
1906	5.807751463845943
1907	5.891900516609671
1908	5.9086228736482616
1909	5.7302930172084405
1910	5.930869388132881
1911	6.026700774067742
1912	6.089023502345846
1913	6.243249319189223
1914	5.885977484565975
1915	5.974594075725432
1916	5.833775590043075
1917	5.8699949406062135
1918	5.972651813294136
1919	5.761839822551199
1920	6.021874321712067
1921	5.9193473039889515
1922	5.746816296263778
1923	6.231696157169799
1924	5.679434834048171
1925	6.124043056452752
1926	5.974602607939612
1927	6.014124471426288
1928	5.923498522400615
1929	5.852395395085399
1930	6.1903530975557
1931	5.924134450998823
1932	5.925054535372818
1933	6.1841237115350145
1934	5.7996199880657695
1935	5.946561527238167
1936	5.951963004385273
1937	5.878782702806471
1938	5.906096234293259
1939	6.005005756072053
1940	5.883654918288665
1941	6.124904920134234
1942	6.026821062575082
1943	5.84452700293506
1944	6.092519844211771
1945	5.9550419176914575
1946	6.188620741275268
1947	5.8589668953634195
1948	5.766552923362381
1949	6.0498449093546585
1950	5.823456243701477
1951	5.800302249154009
1952	5.794614472826484
1953	5.650958979283796
1954	6.103140401611948
1955	5.967122825238685
1956	5.956674492501437
1957	5.72052783707387
1958	5.876456978688655
1959	5.923472854318579
1960	5.9112092336876785
1961	5.939488388359657
1962	6.122615195015637
1963	5.704743654163202
1964	5.929312753823362
1965	6.1616945186976855
1966	5.937272249011665
1967	5.986350235409554
1968	5.769351784011145
1969	5.8363406219302
1970	6.001163445111707
1971	5.911742304635068
1972	5.950848119786006
1973	6.015563136214847
1974	5.965898037071559
1975	6.144218602439111
1976	5.808023226202953
1977	5.991308164086918
1978	5.93103686077847
1979	5.641626436858822
1980	5.7661208062689
1981	5.972154986108449
1982	6.038704926958763
1983	6.078892447750115
1984	6.033626602861222
1985	5.611256983224628
1986	6.033808614071143
1987	5.760413510917749
1988	5.786727001012288
1989	5.702222998301528
1990	5.8543797405474125
1991	5.883413460735189
1992	5.968563603191267
1993	5.990640858297447
1994	5.986757418447044
1995	6.022427043188082
1996	5.941852436026362
1997	5.980404177396173
1998	6.0865270797124476
1999	5.970621345786651
2000	5.7361453305137635
2001	6.063035978766356
2002	5.979166376653418
2003	6.1361393887452
2004	5.791057209408112
2005	5.750869223491633
2006	5.842795817266166
2007	5.981473540002611
2008	6.004650004214605
2009	6.053288035879376
2010	5.7529790005045705
2011	5.86902674870145
2012	5.929697234982196
2013	6.043958858039208
2014	5.80385537260488
2015	5.969295150873046
2016	5.963550487907577
2017	5.789047759483585
2018	5.817190464240784
2019	5.850025797267599
2020	5.902551412608994
2021	5.815904466672003
2022	5.93853737798236
2023	5.635761990140156
2024	5.820909885744189
2025	5.9356429222371325
2026	5.724029767556786
2027	5.945856002085444
2028	5.840629838922858
2029	5.861714254393543
2030	5.828143552847807
2031	5.758759752786129
2032	5.895102060471351
2033	6.140218355515611
2034	6.042479873329747
2035	5.710662506728366
2036	6.003681189215047
2037	5.886762627138938
2038	5.8363821106166425
2039	5.848858114185328
2040	5.888439483247815
2041	6.1620601755182784
2042	5.810574319706315
2043	5.96363796910435
2044	5.712498468215128
2045	5.761408669090188
2046	5.717238472331656
2047	5.945067552617749
2048	5.880713944242792
2049	5.747555887766419
2050	5.73211994545974
2051	5.71215667021408
2052	5.907356495085895
2053	6.032232191854374
2054	5.924232761992414
2055	6.158914294253245
2056	5.915537887297158
2057	6.089887015411128
2058	5.744616471327071
2059	5.897359759344631
2060	5.778567100452425
2061	6.008333469076183
2062	6.014185905870968
2063	5.892937733635973
2064	5.976844107806731
2065	6.017837034413199
2066	6.123505301298034
2067	5.980628074469812
2068	5.922996282683189
2069	5.9857423346183305
2070	5.9443413575575486
2071	5.7123624382135585
2072	5.830980669052149
2073	5.808987312686058
2074	5.892061324979629
2075	5.974555340664886
2076	5.7436269616743365
2077	5.876991541531923
2078	5.722726827661827
2079	6.007489661997542
2080	5.760315878106967
2081	5.789433767299438
2082	5.818328814578517
2083	5.90016153446807
2084	5.966699389367309
2085	5.841901981567577
2086	5.762465598190032
2087	5.806780071274514
2088	6.021638739561399
2089	5.935453060629366
2090	5.795224776100851
2091	5.825771410019974
2092	6.054951074322666
2093	5.664507766487408
2094	6.238490433453229
2095	5.723403210674629
2096	5.659978340762038
2097	5.745394213093532
2098	5.994387713861619
2099	5.856681345208793
2100	5.9633309552563
2101	5.7758208389148304
2102	6.026610537884044
2103	5.836379452978147
2104	6.061144161103137
2105	6.044453714014916
2106	5.819767178905043
2107	5.861026853389853
2108	5.953234474563745
2109	5.937108259830601
2110	5.850552386351814
2111	5.905761814340092
2112	5.744540597240781
2113	5.56413867994671
2114	5.8385796050635
2115	5.922271592072302
2116	5.9138677428975255
2117	5.630894928740307
2118	5.773981261452755
2119	5.713139117140474
2120	5.856300661320154
2121	5.669400260396037
2122	5.786954096071849
2123	5.928305745563103
2124	5.919108264273231
2125	5.779263056665314
2126	6.174134291621767
2127	5.480260226455483
2128	6.030047525509507
2129	5.846240381305266
2130	5.998559226721385
2131	5.753239267900697
2132	5.884950316915375
2133	5.963524291045836
2134	5.766364466422483
2135	5.563847109488441
2136	5.831308005795617
2137	5.8463467291985145
2138	5.708945316465657
2139	5.655616097480476
2140	5.822161691396573
2141	5.971069806816546
2142	5.65499961528691
2143	5.906518622188846
2144	5.83408896901306
2145	5.9576974285523745
2146	5.776698079516304
2147	5.973221571619898
2148	5.747506064923275
2149	5.8857478752099155
2150	5.610069823823463
2151	5.692491539481313
2152	5.807355079913292
2153	5.704500098885144
2154	5.914280414147098
2155	5.786075185706616
2156	5.822045106477083
2157	5.804401009099203
2158	5.90506647134515
2159	5.8716524469107885
2160	5.760526857997067
2161	5.756442657340933
2162	5.637177693455623
2163	5.898041985273316
2164	5.739878139331255
2165	5.83717303954897
2166	6.025235055422925
2167	5.761379720073476
2168	5.93840886216842
2169	5.734627134001703
2170	5.966501983284465
2171	5.895562286204634
2172	5.856796791206732
2173	5.715204919499629
2174	5.761945393634269
2175	5.637438076808839
2176	5.627814835912901
2177	6.011957664397838
2178	5.848765138632302
2179	5.756422126997532
2180	5.869923675511432
2181	5.844670857967003
2182	5.911522415182642
2183	5.593448418732987
2184	5.684867337074027
2185	5.951663129952207
2186	5.996900438351282
2187	5.7804373809702385
2188	5.7012240945473875
2189	5.938307535569459
2190	5.822621914229154
2191	5.996362888140831
2192	6.089567516919966
2193	5.592121309975823
2194	5.749557420276361
2195	5.81461704342482
2196	5.916753743968436
2197	5.942133745202199
2198	5.674784170014557
2199	5.904990767838972
2200	5.6296570721671015
2201	5.658767581603744
2202	5.87777325269763
2203	5.633756177229203
2204	5.855572503402995
2205	5.689876809053868
2206	5.918286457087761
2207	5.63290534234597
2208	5.748389107059183
2209	6.013434228297557
2210	5.797959691874199
2211	5.905843604577044
2212	5.770709617057602
2213	5.8644305436046675
2214	5.787458942148566
2215	5.973334478913056
2216	5.843588572656063
2217	5.774816192396216
2218	5.704380836433267
2219	5.8288157044083
2220	5.739454142712259
2221	5.863314452372644
2222	5.838211766737065
2223	5.602582175892913
2224	5.644489085663354
2225	5.861863505987483
2226	5.800490474152967
2227	5.925514485859771
2228	5.635897751821602
2229	5.972052476098005
2230	5.981973426997197
2231	5.724987991566832
2232	5.677382085912227
2233	5.60826914071199
2234	5.714375604356518
2235	5.637353618600547
2236	5.682406361924223
2237	5.685603449694674
2238	5.64322023302049
2239	5.725571447162024
2240	5.783189147363261
2241	5.8828226926306355
2242	5.753461273158912
2243	5.683993673808614
2244	5.904389752632271
2245	5.992540117643365
2246	5.767664666986545
2247	5.887396347471389
2248	5.931583962855685
2249	5.759872341979919
2250	5.764918998873378
2251	5.8119822779075845
2252	5.811941644565925
2253	5.896845508854354
2254	5.627021194800848
2255	5.840688411942348
2256	5.638680883271314
2257	5.748575368721142
2258	5.72547484341417
2259	5.87361238277839
2260	5.873147121139046
2261	5.862007114876322
2262	5.948339745630057
2263	5.995916536888581
2264	5.827237323301381
2265	5.811109506545088
2266	5.921447013071949
2267	5.96462374376279
2268	5.912180907973555
2269	5.964702814291242
2270	5.7380811765980635
2271	5.889245001259103
2272	5.704646343763397
2273	5.824865074678085
2274	5.635904205138978
2275	5.654698450595417
2276	5.646896966923829
2277	5.872043334398723
2278	5.747807621982808
2279	5.860390607549635
2280	5.678001312373796
2281	5.78208779090579
2282	5.739985070997847
2283	5.784405724129877
2284	5.612233956581082
2285	5.736953700875762
2286	5.84339418126321
2287	5.62168401220556
2288	5.673874497541872
2289	5.76763567380634
2290	5.672652385557562
2291	5.996560340491913
2292	5.763305707885829
2293	5.868282599826073
2294	5.765137087165023
2295	5.738990381879234
2296	5.706014942187942
2297	5.878575389118279
2298	5.776653977409667
2299	5.909149160416298
2300	5.7026462609410515
2301	5.874149005023727
2302	5.745139375584167
2303	5.878344371282703
2304	5.762499785430463
2305	5.827867572121583
2306	5.922477613425378
2307	5.7793056920844075
2308	5.739043101596429
2309	5.528137026455596
2310	5.679902670218695
2311	5.8587466351982895
2312	5.8497185833747105
2313	5.624036244862328
2314	5.837681074538052
2315	5.819076087144083
2316	5.978787732110404
2317	5.600760104315467
2318	5.822727339463486
2319	5.8678699446681275
2320	5.716078789427567
2321	5.748058553390605
2322	5.5601384821322775
2323	5.846446705393585
2324	5.758895109071839
2325	5.6362228728843675
2326	5.717631873100042
2327	5.730854652094861
2328	5.836990458518921
2329	5.853271192763841
2330	5.661302099954654
2331	5.723248613355756
2332	5.701982143480372
2333	5.797380193767191
2334	5.778600687433622
2335	5.77762111048917
2336	5.916476164894501
2337	5.907920926177398
2338	5.987546790536384
2339	5.683692949010681
2340	5.603147756784946
2341	5.798770198698746
2342	5.588409826748164
2343	5.772950160275569
2344	5.6616985128320145
2345	5.807973318585905
2346	5.742706163432621
2347	5.624078373866912
2348	5.734503868471247
2349	5.645169664998016
2350	5.715434834094546
2351	5.611180384832419
2352	5.678732415228904
2353	5.583178774459696
2354	5.787684898289633
2355	5.873297430032199
2356	5.555605046294302
2357	5.591593870980462
2358	5.679086702329685
2359	5.612977444554273
2360	5.7201754468748485
2361	5.70192913889977
2362	5.7236763045612395
2363	5.697416181931412
2364	5.695975944426818
2365	5.536468700280515
2366	5.658158951596498
2367	5.84890923784394
2368	5.741681487268157
2369	5.855439140539764
2370	5.8817878257071285
2371	5.633640007493289
2372	5.522936219420533
2373	5.726481199807085
2374	5.547263168128266
2375	5.563719147530082
2376	5.811079895864801
2377	5.768468411088006
2378	5.624003973229378
2379	5.778583756785947
2380	5.781545531946081
2381	5.825697494204024
2382	5.667991398978056
2383	5.794673360790538
