1	26.046584807499897
2	24.926378863445397
3	23.95144814437269
4	23.384308049833376
5	22.365953530096
6	21.406699434193296
7	20.885884848729432
8	19.855818384655155
9	19.202000999253567
10	18.36189305147146
11	17.915670600834172
12	17.116953601788534
13	16.663593341715057
14	16.000445747574375
15	15.710018012525332
16	15.282939868490269
17	14.711396036040561
18	14.452851357690685
19	14.331001639713945
20	13.882120777660392
21	13.718901230504633
22	13.704477186817268
23	13.564481013018897
24	13.395319256025038
25	13.453305791802642
26	13.59939930415806
27	13.276298731458587
28	13.509381283292125
29	13.267636688384261
30	13.69632542370942
31	13.541463332239095
32	13.50936873969875
33	13.50229350225191
34	13.413729433827816
35	13.5288627885704
36	13.39470446141512
37	13.51995701684899
38	13.125323694011048
39	13.56007479958322
40	13.284009638539631
41	13.623479579055305
42	13.288951590501066
43	13.405849074678407
44	13.329004263694022
45	13.31722918202904
46	13.171561600762107
47	13.501509794614133
48	13.361002150503278
49	13.817045592357948
50	13.29955073078706
51	13.613540263807947
52	13.255430360360723
53	13.396558025990478
54	13.488864108415383
55	13.303865964413607
56	13.326139774032999
57	13.552689693797625
58	13.196257179426874
59	13.32286424911036
60	13.399903726107807
61	12.960929057773905
62	13.413246080219869
63	13.506516874832599
64	13.441667396429573
65	13.186738226765478
66	13.173102848918914
67	13.266194507271408
68	13.057791821746035
69	13.145778520239903
70	13.317218010973537
71	13.35843022694479
72	13.30675363054483
73	13.232985411155397
74	13.234323745794859
75	13.238245530446498
76	13.561200215608244
77	13.229341451450296
78	13.277957505638906
79	13.059028522187969
80	13.175142756328288
81	13.059038082868645
82	13.353695806436821
83	13.296796084735886
84	13.290431191058348
85	13.318081754819572
86	13.445070139062524
87	13.320194642090613
88	13.431879943652595
89	13.025910521711843
90	13.1687856738093
91	13.252347138078933
92	13.065678661748535
93	13.238648717010665
94	13.253082744778116
95	13.306503226515462
96	13.364825743279116
97	13.350379131144749
98	13.591174748835105
99	13.382967873863329
100	13.061980122696989
101	13.377043555211507
102	13.245241334608599
103	13.242546526894948
104	13.048401091046488
105	13.414940874337235
106	13.41658684520525
107	13.541070729430466
108	13.394344997917226
109	13.648972153190824
110	13.211642126273247
111	13.335109083858702
112	13.354637806649565
113	13.310949682719853
114	13.125362792511195
115	13.146996040694136
116	13.144562040734273
117	13.279164410972474
118	13.323439337747194
119	13.093234038331401
120	12.951537654487414
121	12.921002609956208
122	13.080768542125353
123	13.311160159152585
124	13.265710007972814
125	13.27890216990553
126	13.239378863494894
127	12.959798326312363
128	13.162736583457919
129	13.180534548011853
130	13.331366949191963
131	13.399437456025732
132	13.189661338035613
133	12.964246417492337
134	13.140156949458701
135	13.120118473682867
136	13.133271882436768
137	13.215505659652502
138	13.325925828165003
139	13.341617185936041
140	13.26180410909101
141	13.29121772878022
142	13.1986690639489
143	13.293083727934935
144	13.45293559603222
145	13.301885143711258
146	13.200485774364898
147	13.112640046659807
148	13.125434051482452
149	13.355654392412756
150	13.38196595366121
151	13.455301944539663
152	13.223549130255307
153	13.356715248173089
154	13.479571754214456
155	13.21715115671553
156	13.160173715896514
157	13.590767713838511
158	13.320589835071727
159	13.011505331059567
160	13.31929398979891
161	13.16967329930259
162	13.157411847902093
163	13.15326596581174
164	13.122910882052095
165	13.243236205348007
166	13.107207267158676
167	13.262899569725484
168	13.230399006573418
169	13.091512555831352
170	13.05258821061348
171	13.212301228446876
172	13.094186586625517
173	13.33965340697116
174	13.05967774037396
175	13.040996391772177
176	13.401834438474706
177	13.239773284540581
178	13.065554197846991
179	13.228470138188797
180	13.1944267517926
181	13.073512444601112
182	12.990212888099014
183	12.853112593359791
184	13.117270877071075
185	13.091783869487037
186	13.044106197113567
187	12.946482354625306
188	13.002058589054675
189	13.122446135562168
190	13.019806224339375
191	13.384773262592415
192	13.11968110988852
193	13.156868230511803
194	12.953364488715257
195	13.277371469857968
196	12.975609224294837
197	13.300090225302942
198	13.036484399876706
199	12.985695528172057
200	12.939122398896268
201	12.833223854527658
202	13.308790028585863
203	13.061253907279584
204	13.092090455534356
205	12.940965636608954
206	13.08292057034106
207	13.012017603291534
208	13.074851545944409
209	13.076491047239044
210	12.956383182678216
211	13.068184755676866
212	13.105791780605594
213	12.995007791446243
214	13.096357521785203
215	12.885851548180057
216	13.096104140338147
217	12.877352863471822
218	12.92148594759192
219	12.833894597251641
220	13.174599300427314
221	12.822607400103534
222	12.710539433937468
223	12.796923562145306
224	12.7097340958623
225	12.874601645142112
226	12.656256973929533
227	12.93163375098569
228	12.761165498173968
229	12.63648496227846
230	12.695174520113627
231	12.837277123596614
232	12.842742664077017
233	12.55991493938903
234	12.63696430533279
235	12.352538121265782
236	12.487558416549938
237	12.884513815942103
238	12.541068332905878
239	12.65980753746018
240	12.907912266763825
241	12.472095908295357
242	12.616925123853639
243	12.492712435382678
244	12.472660790196406
245	12.491679104459813
246	12.201527273540483
247	12.447261774105366
248	12.1812160871642
249	12.497448302327294
250	12.40194662361629
251	12.262294697430105
252	12.107172246682813
253	12.307175818400198
254	12.117981022839121
255	12.250911775287884
256	12.389896644247512
257	12.29643956901946
258	12.09862820316349
259	12.465543732064335
260	12.356502332866965
261	12.325851578932877
262	12.201713369624354
263	12.501380632077018
264	12.199467220741782
265	11.986465884189991
266	11.772195652730378
267	11.929077397924546
268	12.055081106161557
269	11.95332694102655
270	11.485838438528155
271	12.06803378242953
272	11.756641887623548
273	11.981310224938277
274	11.865876289497326
275	11.70108737976187
276	11.698570995023251
277	11.739531517226506
278	11.744258716518354
279	11.967251302247416
280	11.73405217714085
281	11.542260608974686
282	11.409740748442436
283	11.59691296533139
284	11.24914157353401
285	11.136903871608359
286	11.493070657064312
287	11.396919909800124
288	11.3978443442777
289	11.644224930003798
290	11.293064346459307
291	11.587040528336008
292	11.33591394717822
293	11.278593752109256
294	11.334583176337597
295	11.142865651383172
296	11.30503033188061
297	11.246515904752965
298	11.16653446472426
299	11.36783287097729
300	11.303560660572236
301	11.235298966316014
302	11.127219007690597
303	11.069489638285985
304	11.039826117083472
305	10.8613516391239
306	10.941040121986358
307	10.849495765380178
308	11.015662186417282
309	10.911991135323609
310	11.082739218024985
311	10.980196814649409
312	10.868974864353905
313	10.749276033004831
314	10.879246953198288
315	10.811066618489617
316	11.028529439414985
317	10.782503471482048
318	11.077988359902697
319	10.614853912957733
320	10.808608549183564
321	10.589954230068532
322	10.810817401900286
323	10.759445952050832
324	10.72323218602473
325	10.767476014549903
326	10.518030085723387
327	10.626309056894565
328	10.517600547841397
329	10.555214999858848
330	10.564093873614233
331	10.662044193293044
332	10.331119112998596
333	10.54143722043576
334	10.264627423145596
335	10.314506477004423
336	10.636860027576603
337	10.701439937221673
338	10.612510992490648
339	10.441502343713212
340	10.31202398475156
341	10.476796169994708
342	10.357104677382033
343	10.39031915733744
344	10.380328366822027
345	10.37701011379025
346	10.426333970343208
347	10.380959748638722
348	10.315004260413481
349	10.298199847516994
350	10.335642589159292
351	10.51836523646948
352	10.379499240694036
353	10.265865492274896
354	10.171221602598512
355	10.23372248311715
356	10.265099011124589
357	10.172643087506449
358	10.303397292828162
359	10.296015672092192
360	9.848216225032841
361	10.307216362430307
362	10.123513412802248
363	10.406960838973804
364	10.323444069808021
365	10.183311438635078
366	10.029472271927345
367	10.225492416304624
368	9.983780617340887
369	10.089127641098024
370	9.872302050665049
371	9.957327480985652
372	9.705054088744532
373	10.009613189031004
374	10.000800493451539
375	9.911411436193763
376	9.921967709285418
377	10.135291647201202
378	9.911874039100597
379	9.855683261374322
380	9.970139884486747
381	9.911200369369995
382	9.869110361246738
383	9.94425081053777
384	9.872738046936965
385	9.95047540663515
386	10.009687571541956
387	9.827507827316989
388	10.03715371654871
389	9.69686791028404
390	9.750669726261984
391	9.872191094720657
392	9.939568235793292
393	9.92846654343947
394	9.970713505554691
395	9.862632102196898
396	9.87195328018035
397	9.882898303789464
398	9.766250000652464
399	9.459363929129756
400	9.802164285320984
401	9.816725232784401
402	9.808332429755653
403	9.748868000145267
404	9.636289357730831
405	9.808374903090696
406	9.902655499745476
407	9.57944571041327
408	9.544129274790311
409	9.670584523157263
410	9.672023693704775
411	9.72136121850268
412	9.48871804155267
413	9.762660589754304
414	9.437618550510198
415	9.610524826970149
416	9.65150296242054
417	9.633351283829521
418	9.39751272564724
419	10.052555082855232
420	9.636909214482996
421	9.599868005422694
422	9.651197168683085
423	9.328661899703715
424	9.693560191209132
425	9.315600804715768
426	9.379247095814888
427	9.499279257011894
428	9.392750088540302
429	9.564552355217911
430	9.431029969431833
431	9.438620842661699
432	9.322284310109021
433	9.27244638830819
434	9.435089639132984
435	9.298229935449264
436	9.544639963649736
437	9.453821822939146
438	9.328413036669446
439	9.546821071768866
440	9.496839487830414
441	9.30727886505017
442	9.394606158464311
443	9.517294541851848
444	9.650654260145737
445	9.357422417403395
446	9.470888904024966
447	9.410496159089274
448	9.55456732327171
449	9.245509866482402
450	9.32685949880332
451	9.258937254009412
452	9.487084389882744
453	9.344514425187135
454	9.352125607412166
455	9.282856480153002
456	9.528358426451732
457	9.412463203791157
458	9.474712764097037
459	9.26103378866034
460	9.32140331512923
461	9.535982265758186
462	9.283129230241935
463	9.393139491398044
464	9.156490129139328
465	9.190794062155375
466	9.283400906591254
467	9.230040859697795
468	9.226455324156296
469	9.280254110000229
470	9.360203773234343
471	9.307512550217652
472	9.410512235588232
473	9.414871233211581
474	9.267831443107948
475	9.021175993712799
476	9.223701410413286
477	9.245065997048306
478	8.99619733029068
479	9.48066060035659
480	9.092510389011105
481	9.22986328587035
482	9.313824469122915
483	9.056787559468921
484	8.92058547392
485	9.19846533184043
486	9.062206459355346
487	8.834514563220656
488	8.945282433821292
489	8.800624133317578
490	9.185613642856913
491	9.072562141008042
492	9.18115275576464
493	8.973359289762643
494	8.949597936978382
495	9.15363647108606
496	8.810176146875824
497	9.181946406851328
498	9.043054571744229
499	9.157844022520926
500	9.043160769461073
501	9.03531224779871
502	9.051556599767242
503	8.992812045495024
504	9.094316757447924
505	8.949223074479137
506	8.89821446107812
507	9.171682487496836
508	9.012942834960851
509	9.042699823791855
510	9.101007402237515
511	9.056454607700948
512	8.926177492094785
513	8.97317313381679
514	9.109568955908582
515	9.229314000496826
516	8.986699750152447
517	8.84784955462539
518	9.071781503476553
519	8.920082734108025
520	9.21480267970985
521	8.991037504526597
522	8.969947799052644
523	9.123811332976457
524	8.828391226101836
525	8.934097101040692
526	8.796157512598223
527	8.914683328286282
528	9.002782236949855
529	8.84575846578989
530	8.784414086005652
531	9.160996256772249
532	9.106432696792462
533	8.975454467238123
534	9.056840799109478
535	8.894376719540173
536	8.880500354872877
537	8.920130932798958
538	8.752497516113962
539	9.031341089903194
540	9.029395037912881
541	8.897499627853312
542	9.073743465320378
543	8.881093383076548
544	8.954343136245564
545	8.768656274042637
546	8.798353704833755
547	8.817001054083152
548	8.700429626601672
549	9.048298758016923
550	8.727756182516996
551	8.824259099369872
552	9.126901345995467
553	9.128930067418345
554	8.798894197846218
555	8.92416752800164
556	8.689684126786997
557	8.848731601570579
558	9.02363839323084
559	9.0264816370295
560	8.761413793960338
561	8.881785606783815
562	8.7173603583504
563	8.668469369352596
564	8.903801305011752
565	8.544417492385248
566	8.984792764269228
567	8.695551376367336
568	8.977676474389778
569	8.833788353817594
570	8.867237523928237
571	9.07851711010883
572	8.627826859590687
573	9.007560176273076
574	8.753577773746
575	8.798038828274343
576	8.851748490073021
577	8.822943753069536
578	8.626010246816243
579	8.860211089341703
580	9.217178329232905
581	8.733240875639362
582	8.478918130404557
583	8.763959931468516
584	8.723753121519923
585	8.879781680391
586	8.790818009834155
587	8.569826482853172
588	8.568923613815764
589	8.567387652540562
590	8.799921904610958
591	8.644780891822958
592	8.690903879695268
593	8.823356953834615
594	8.527327058284786
595	8.605838564950758
596	8.5419957833653
597	8.758020687909688
598	8.682059347168723
599	8.700466695555129
600	8.674740210990695
601	8.623942253178017
602	8.70843439055792
603	8.772459823389017
604	8.452865186818801
605	8.401967932750775
606	8.644623402573298
607	8.80184597879656
608	8.772270190335757
609	8.557319973027491
610	8.497202372809554
611	8.657346241899933
612	9.014703287614282
613	8.698167493924252
614	8.696238799265101
615	8.76273133747861
616	8.796357216794641
617	8.763267956805338
618	8.828413647405673
619	8.44810581289418
620	8.717298581138827
621	8.447693350658197
622	8.600789119835955
623	8.71455649491812
624	8.5581513438233
625	8.622661309585425
626	8.617376011178845
627	8.644373206879754
628	8.679036519731117
629	8.674724074410907
630	8.616685355038456
631	8.69576741616377
632	8.563822895875129
633	8.618134743915844
634	8.530413015956213
635	8.720003970041873
636	8.462931350374474
637	8.264747310940148
638	8.487051736736154
639	8.649137847069673
640	8.604366109619162
641	8.509764704679121
642	8.572639975801136
643	8.522130638280839
644	8.563916652323087
645	8.475171838575156
646	8.387014040385864
647	8.349373573732104
648	8.405229596098586
649	8.528929610742484
650	8.59009304116611
651	8.633835702476592
652	8.365072945512683
653	8.51521821179592
654	8.454274106727945
655	8.515889840558525
656	8.430378816395326
657	8.316453992498902
658	8.77703264232108
659	8.54488544290745
660	8.532839816718644
661	8.749071925709549
662	8.481221719171
663	8.535161896230427
664	8.560597355147051
665	8.65439901258971
666	8.576571192066218
667	8.471380786434668
668	8.476763711568454
669	8.363197748010618
670	8.676707851001845
671	8.535594879983776
672	8.501038120350634
673	8.618835918998489
674	8.541597466830476
675	8.653849134041424
676	8.458115354942002
677	8.368060632233925
678	8.493555634886768
679	8.550328361596387
680	8.62977202426087
681	8.427022183394957
682	8.58298883010149
683	8.363662650480002
684	8.533393552543789
685	8.457989928389281
686	8.313577990898816
687	8.418552855054982
688	8.544515436888087
689	8.542093737164736
690	8.6864673389748
691	8.575474118244022
692	8.33188308213632
693	8.668497340633671
694	8.398347228160013
695	8.522204179800234
696	8.162171852177007
697	8.311440816387979
698	8.585070898742847
699	8.389320390467562
700	8.540351655765296
701	8.353550376655202
702	8.443885897150954
703	8.403860064027914
704	8.378454062921765
705	8.19433433277707
706	8.235943002891611
707	8.346471013159606
708	8.473244910979217
709	8.46426712169112
710	8.365018748360512
711	8.299951275375536
712	8.356995939923738
713	8.368554404544657
714	8.269534013800492
715	8.415081086506435
716	8.275700195930046
717	8.34076388812765
718	8.348994444937507
719	8.587070603747648
720	8.548738258415714
721	8.691843743301146
722	8.451945716961816
723	8.536713191657027
724	8.348955733758645
725	8.3614128179787
726	8.340046144713634
727	8.34249358660889
728	8.134228013793656
729	8.46523304689928
730	8.19043890606458
731	8.234849400281636
732	8.309939068948296
733	8.38540613397115
734	8.101555673681625
735	8.44664988948213
736	8.445254802736978
737	8.389244518679927
738	8.358801278415921
739	8.617964768649884
740	8.287277003302854
741	8.550887838984746
742	8.364935400762729
743	8.45364748622776
744	8.227759088938312
745	8.330091334529891
746	8.26648033527398
747	8.200058900778554
748	8.141581368775668
749	8.495378561843927
750	8.291258763069523
751	8.498669870812464
752	8.167094425606525
753	8.344060250144098
754	8.272778719791887
755	8.308152238787072
756	8.383137087581146
757	8.560344419941782
758	8.317995543123127
759	8.301738517589163
760	8.4806562511887
761	8.471690568257543
762	8.26256064115785
763	8.502350579062838
764	8.364275912610895
765	8.229984239926507
766	8.250246168156577
767	8.481276796340339
768	7.982154286617647
769	8.30970698755771
770	8.190754972975718
771	8.341406520607467
772	7.930579140731563
773	8.432893134632737
774	8.075127676655155
775	8.07087360688163
776	8.41185966330466
777	8.370303304511706
778	8.151440596230241
779	8.174456373901336
780	8.265747917585536
781	8.448223662180117
782	8.159574438432948
783	8.008816163172785
784	8.18473026219331
785	8.242871617227857
786	8.203371978216603
787	8.599124921895628
788	7.987776943196835
789	8.22782172063835
790	8.204153344605135
791	8.213140930136415
792	8.146923929637651
793	8.105324445981966
794	8.219040133777284
795	8.435913532174787
796	8.278942136447021
797	8.201490891222244
798	8.32763864347265
799	8.302764696408666
800	8.394718743407642
801	7.902013223149397
802	8.318046866744293
803	8.399125722473952
804	8.291942494710698
805	8.344274347149153
806	8.339946355794499
807	8.248637180100872
808	8.062181810310147
809	8.130507977752215
810	8.371680793198411
811	8.214811754762875
812	8.353295870986985
813	8.187559668169353
814	8.47915123826717
815	8.305597030509631
816	8.252665832324155
817	8.385360120237822
818	8.14578853830051
819	8.239776039788138
820	8.618762430104843
821	8.209199762225307
822	8.006661783759183
823	8.13196046679657
824	8.324581722066338
825	8.024920055954905
826	8.246577876069422
827	8.217599255846116
828	8.279237306498482
829	8.187530959885954
830	8.083074344273818
831	8.454210952844383
832	8.265381360880095
833	8.428082283362759
834	8.078000068484304
835	8.123638512864371
836	8.29634379010808
837	8.150491256741853
838	8.120662043374756
839	8.244131609457774
840	8.221885374189439
841	8.08631702264386
842	7.965637940861119
843	8.412469175836915
844	8.0938971248531
845	7.937929981286372
846	8.100849506697857
847	7.973412900827776
848	7.959838237916501
849	8.028599566015068
850	8.212183844152868
851	7.992912399345901
852	8.146687000314065
853	8.478380191725853
854	7.9499460213882305
855	8.381957026613232
856	8.068966962698212
857	8.120503123589797
858	8.04870008987342
859	8.150687079880983
860	7.8816351672711376
861	8.003202882894168
862	8.035723386323227
863	7.916386280880722
864	7.94491926488462
865	8.290643363867744
866	8.06556678898817
867	8.282964229351107
868	8.010084944764829
869	8.02124388829114
870	8.285575787928927
871	8.02527179446592
872	8.088154480473088
873	8.059256520625205
874	8.230312958151353
875	8.09798321756845
876	8.096032295533519
877	8.229156061497553
878	8.067860351800292
879	8.334414075798627
880	8.206010428603937
881	8.09501158547775
882	8.062664837017023
883	8.242074886733308
884	8.392488195733984
885	8.099102881606683
886	7.922227713398594
887	7.992297884672835
888	8.2823033235968
889	8.120646580741132
890	8.10717719479988
891	8.28229447508427
892	8.331543249302838
893	8.322057638009914
894	8.035248819161952
895	7.943207324593631
896	7.904260735672925
897	7.847726132348274
898	7.958955161989955
899	8.103853626631008
900	8.063138897908878
901	8.123150623061852
902	8.0916800673149
903	8.153834594791046
904	8.058052326161553
905	7.796403552373877
906	7.997172000144624
907	7.850814098040931
908	7.841134419608867
909	8.309721961286632
910	7.9181375243369665
911	8.216068709052362
912	8.22715457384473
913	7.8703124397775746
914	8.159557963832214
915	8.09200123228244
916	8.00632732229643
917	8.238544165836544
918	8.083987858308767
919	8.316867720339825
920	8.042559147626077
921	7.796707396153793
922	8.10756172735175
923	7.904939102190641
924	7.862209541042683
925	8.046950283494349
926	7.972917742808506
927	7.765467426433423
928	8.038780163088282
929	8.07384078916934
930	8.269384588781087
931	7.997406012689765
932	8.00612706006496
933	8.051641770132033
934	8.108453559714485
935	7.7985492694805645
936	8.10636958102969
937	8.082971914352157
938	8.227637233049931
939	7.921724504101858
940	7.780076063819373
941	8.1155987328138
942	8.187643511605826
943	8.153231386265018
944	7.829508799410501
945	8.034068079329293
946	8.376357374088093
947	8.117520718623393
948	8.037191132202992
949	7.973115062062209
950	7.994589628376818
951	8.055028650206566
952	8.040391655253947
953	8.019044497747931
954	8.304543018789571
955	7.901452096526862
956	7.909875123469219
957	8.179943165108213
958	8.116062479106787
959	7.997431774908701
960	7.896062213721923
961	7.902418265984719
962	8.014067205224961
963	8.014858648316924
964	7.851063042482148
965	7.787761860552237
966	8.133379365665995
967	7.971386301777675
968	7.860733638733291
969	8.039210628625028
970	7.8918968383664385
971	8.092410758281119
972	8.071454105158693
973	8.00011169881831
974	8.223022352952619
975	8.007172306147973
976	8.009102840859295
977	7.836996100558631
978	8.021736647110583
979	8.365204712310256
980	8.156960763400958
981	7.994109698631589
982	8.025261990204026
983	8.170982899309998
984	7.956867400591574
985	7.889624792052897
986	8.026715091033244
987	8.170873999411118
988	8.151121316472635
989	8.11324340541886
990	7.831728551594285
991	7.80174731882567
992	8.213271384827474
993	8.257483649240523
994	8.052224259683392
995	8.033911945879685
996	8.12128987062145
997	7.837088370617285
998	8.123449315314494
999	8.038922995654332
1000	7.962058190614975
1001	8.013770195670242
1002	8.074408027312092
1003	7.89032899889296
1004	7.801081247888279
1005	8.011025991375895
1006	7.971394902439966
1007	7.819399266368813
1008	8.144212281066986
1009	7.8683911814340215
1010	7.837029026435687
1011	7.966532392208431
1012	8.06692348464254
1013	7.977570568130035
1014	7.770864801139159
1015	7.843132406853817
1016	8.046349160046088
1017	7.826444674788562
1018	7.880122261546991
1019	8.137059009454118
1020	7.9486909273645034
1021	7.951189543919458
1022	7.777806322452934
1023	7.778351539599353
1024	7.901652750690931
1025	7.775995693094199
1026	7.816848229319116
1027	7.95928505554534
1028	7.876982266837289
1029	8.06885515309274
1030	8.194028170704097
1031	7.817132246192569
1032	7.960651272771479
1033	7.81600155902001
1034	7.561287806192273
1035	8.098471778758539
1036	7.924170745617493
1037	7.929487162182333
1038	7.9971076962748135
1039	8.107426427019837
1040	7.955368581743022
1041	7.7539106751474405
1042	7.793685652955861
1043	7.740312976164049
1044	7.9345565632732304
1045	7.905619443154595
1046	7.98391362252127
1047	7.689839757903239
1048	7.87105082333783
1049	8.021160841136282
1050	7.861838835250695
1051	7.73433399949297
1052	8.050908634895809
1053	7.850577644403485
1054	7.947993199671645
1055	7.954123591880755
1056	8.104667560823883
1057	7.8839552866067635
1058	7.926666678659881
1059	7.926335534151346
1060	8.05346329772969
1061	8.129236557898556
1062	7.719646979250977
1063	7.790008952639067
1064	7.811286786279479
1065	7.86582559294164
1066	8.011998383462696
1067	7.872942922567168
1068	7.811545620851598
1069	7.6867970830493215
1070	7.688214194079436
1071	7.764430809294298
1072	7.698748892610813
1073	7.898309694227345
1074	7.739891194488588
1075	7.836658721088709
1076	7.967340915526874
1077	7.786279508050252
1078	7.7754503125821826
1079	7.963590836159875
1080	8.02764924568219
1081	8.03406195489221
1082	7.8619700456567205
1083	7.851429502026139
1084	7.758177234792108
1085	7.8604488244455135
1086	8.096349133981017
1087	7.877522933288731
1088	7.761300426243646
1089	7.87377769733687
1090	7.656466636460427
1091	7.893478643339105
1092	7.956546291663517
1093	8.196601320635951
1094	7.900376440225998
1095	7.890052978123507
1096	8.011047088710587
1097	7.8406580470432115
1098	7.807599737922106
1099	7.782092407614629
1100	7.8263657462381575
1101	7.654530110298243
1102	7.842568484402931
1103	7.880646860492129
1104	8.105428146279518
1105	7.847171855041245
1106	7.722969655446065
1107	8.034942512897876
1108	7.842524187461323
1109	7.9204140053002465
1110	8.018414844721356
1111	7.877643852021687
1112	7.726345555600381
1113	7.812678758366752
1114	7.614332048543888
1115	7.992830283684399
1116	7.841001922002024
1117	7.700971253125069
1118	7.885205387384817
1119	7.980468756050773
1120	7.823665512685202
1121	7.788078462582143
1122	7.909029428837064
1123	7.72438421956786
1124	7.987253970954963
1125	7.738312751507839
1126	8.02716531641272
1127	7.772994670503055
1128	7.864234226837753
1129	8.023933625018536
1130	8.161652189192317
1131	7.9404391675389006
1132	7.729176086361535
1133	7.912256223886824
1134	7.84262566866271
1135	7.717013991950079
1136	7.774937241266228
1137	7.853829775842586
1138	7.919055272521464
1139	7.847147325091057
1140	7.921512103737229
1141	7.7933336416439465
1142	7.565142619366037
1143	7.777827879742835
1144	7.572180801928586
1145	7.80524589674594
1146	7.851729465225816
1147	7.720627737753661
1148	7.819987379028914
1149	7.917686045640998
1150	7.904081411836763
1151	7.528717885814317
1152	7.774613667356003
1153	7.947176342379582
1154	7.510391698568685
1155	7.898054935400523
1156	7.949105086289166
1157	7.816980577975321
1158	7.935863162741166
1159	7.744192173244312
1160	8.044760182080473
1161	7.75931417561481
1162	8.02840775631678
1163	7.971114951408026
1164	7.727788221853198
1165	7.752421936211204
1166	8.009003632335657
1167	7.898701401688594
1168	7.669745783855503
1169	7.774686565418498
1170	7.862814245712004
1171	7.906305792934049
1172	7.7328668788805395
1173	8.024453867525002
1174	7.937079989885196
1175	8.063959463922224
1176	7.7696060737847725
1177	7.832401077225866
1178	7.993139670651862
1179	8.023680138878605
1180	8.135934582133237
1181	7.841791241956905
1182	7.874915673827601
1183	7.884071183829066
1184	7.911825013131115
1185	7.564816359243891
1186	7.944555572953037
1187	7.616505208499905
1188	7.686909113446024
1189	7.301714348525413
1190	7.704131144792399
1191	7.939122845903419
1192	7.64729669206159
1193	7.833877602125834
1194	7.590578379113797
1195	7.674777246051667
1196	7.738938959840142
1197	8.011642655625439
1198	7.558350450717944
1199	7.68765927868602
1200	7.827572052119026
1201	7.864385648328817
1202	7.8649795783292635
1203	7.892932743905553
1204	7.802237546849798
1205	7.667471897767377
1206	7.8128707251377305
1207	7.630329104083618
1208	7.892507208053127
1209	7.886635600161903
1210	7.755160261061112
1211	7.70765768027954
1212	7.882744379295701
1213	7.89895862745786
1214	7.701135600280484
1215	7.9583777912775195
1216	8.037926687843397
1217	7.81344917112002
1218	7.860661852170543
1219	7.711344866263946
1220	7.798749126024447
1221	7.719520272011626
1222	7.741236009681103
1223	7.731484404805014
1224	7.804091232477491
1225	8.017921955544738
1226	7.5459338249203345
1227	7.737332554447716
1228	8.046858254463505
1229	7.813444377555036
1230	7.801612593699312
1231	7.6602090759569075
1232	7.885070676736409
1233	7.620991900295529
1234	7.71869596873748
1235	7.731978906297122
1236	7.871998680108834
1237	7.605650676380478
1238	7.875309343478182
1239	7.907579707632674
1240	7.790391154473823
1241	7.843962335034027
1242	7.706502312907864
1243	7.6626687708323695
1244	7.712442433758466
1245	7.831563287681593
1246	7.98204688336189
1247	7.825946943776342
1248	7.64840346893949
1249	7.628025678726888
1250	7.802317148976116
1251	7.728369121885342
1252	7.781775368450426
1253	7.809512378002329
1254	7.753259097885243
1255	7.555679308003259
1256	7.64159146613788
1257	7.783555218747124
1258	7.72464682544784
1259	8.000804161677616
1260	7.596465328404667
1261	7.830171606168456
1262	7.639077598934921
1263	7.9020250764918964
1264	7.745489653974693
1265	7.535115840407786
1266	7.823831677147968
1267	7.669701219417586
1268	7.831080162383893
1269	7.9786644482077
1270	7.573590020207548
1271	7.544191447643567
1272	7.88924724656166
1273	7.644538428831637
1274	7.625512419845624
1275	7.738288853417323
1276	7.733991224028882
1277	7.723582592001631
1278	7.494992058098494
1279	7.720400486985172
1280	7.809426895470441
1281	7.715654528097196
1282	7.691417666564815
1283	7.668527871418687
1284	7.629730285127404
1285	7.4953675193309275
1286	7.632087201394346
1287	7.791342276889462
1288	7.834828760001894
1289	7.672323881995612
1290	7.840054949933692
1291	7.660839820992581
1292	7.8106127685513975
1293	7.680523862449301
1294	7.733815742183787
1295	7.772312833076992
1296	7.748832851647094
1297	7.734956639336143
1298	7.840414479459464
1299	7.912819675228612
1300	7.610890359645738
1301	7.619943813771325
1302	7.689210166388796
1303	7.428316862745506
1304	7.526821728692746
1305	7.748880302451247
1306	7.632538635061008
1307	7.82526055950868
1308	7.690276526548239
1309	7.831990096506444
1310	7.739100683926119
1311	7.6759851174985245
1312	7.6367761464206065
1313	7.5953173029648715
1314	7.724804699539979
1315	7.756115170770725
1316	7.7686085724082306
1317	7.766636564139043
1318	7.717067946804696
1319	7.980638833214369
1320	7.7232119462805375
1321	7.698406633892226
1322	7.787405500182391
1323	7.789303701150067
1324	7.773194867783782
1325	7.5901658196031425
1326	7.72210053978087
1327	7.403880349565119
1328	7.676077131421964
1329	7.463711164910645
1330	8.039289951693569
1331	7.922559717905461
1332	7.609224696133471
1333	7.965584532405784
1334	7.720257446777567
1335	7.845225798259046
1336	7.962594105923046
1337	7.854322102515157
1338	7.852256842571374
1339	7.6668204051584095
1340	7.640265719925982
1341	7.6933501394812716
1342	7.630906569218077
1343	7.659605352563854
1344	7.543445901382894
1345	7.698198292810957
1346	7.713713448679962
1347	7.782039149964718
1348	7.716931617858246
1349	7.588398696845572
1350	7.692581307404451
1351	7.789260091855619
1352	7.64954478877192
1353	7.722459679065937
1354	7.7487708646903535
1355	7.597622783412673
1356	7.530670584125192
1357	7.971895198717601
1358	7.6322731393700805
1359	7.825967863483706
1360	7.618837053344472
1361	7.523222614693036
1362	7.609658639119199
1363	7.6406870144062085
1364	7.782833057613991
1365	7.776738169237893
1366	7.723218772837663
1367	7.626653375085889
1368	7.774289819780161
1369	7.784360754064589
1370	7.74302777917323
1371	7.54759794092682
1372	7.8365564587695715
1373	7.426944225130385
1374	7.703276438588765
1375	7.6861262399984795
1376	7.5366875067312185
1377	7.903303762084617
1378	7.677796588106825
1379	7.5356626330434455
1380	7.439385239193773
1381	7.695335606139722
1382	7.887507876040097
1383	7.672536254050923
1384	7.718558546195138
1385	7.78053502318062
1386	7.6471601043037545
1387	7.888319542981622
1388	7.5238312316619975
1389	7.570713973418521
1390	7.564790621630686
1391	7.37120454948516
1392	7.875261955233958
1393	7.545219618490123
1394	7.751066693056043
1395	7.737666576205938
1396	7.807567238031194
1397	7.615574235031294
1398	7.502951128678361
1399	7.734129273836783
1400	7.796297920602287
1401	7.523543909289017
1402	7.58688968174928
1403	7.734678738821546
1404	7.526475525164686
1405	7.590124054690965
1406	7.723561373611668
1407	7.700648984418416
1408	7.696247788442658
1409	7.626811498919313
1410	7.716790690926324
1411	7.702909835593011
1412	7.67125539910331
1413	7.819624074750502
1414	7.529663728281877
1415	7.69354744089998
1416	7.662719453982873
1417	7.537475195032555
1418	7.675314370709185
1419	7.693421407069167
1420	7.556953951837925
1421	7.591309470790291
1422	7.599923278275209
1423	7.634821109619542
1424	7.7071655493489635
1425	7.7552402280891375
1426	7.902605144159642
1427	7.53935614794908
1428	7.558473404634926
1429	7.543893791086057
1430	7.672893680150237
1431	7.456133582349597
1432	7.650151238157012
1433	7.420014355659455
1434	7.532422391211122
1435	7.62533052345388
1436	7.581611122348006
1437	7.6704058057389375
1438	7.6503798419772995
1439	7.546248430569092
1440	7.455634324298941
1441	7.479853420834948
1442	7.441000157985642
1443	7.502864857565118
1444	7.588561290119018
1445	7.516043064824237
1446	7.583085963612418
1447	7.537977869939228
1448	7.825136922134592
1449	7.483236888803807
1450	7.5423023322005305
1451	7.636667117841435
1452	7.842991866768677
1453	7.6131984904706185
1454	8.053153544789316
1455	7.818046047144205
1456	7.956102026703524
1457	7.7213091535678675
1458	7.715251963719352
1459	7.633348132534303
1460	7.435799738855823
1461	7.660559853697785
1462	7.500620472910821
1463	7.642738995329249
1464	7.531183282416014
1465	7.617335235292629
1466	7.684930728580566
1467	7.800748602712589
1468	7.661830349135791
1469	7.489260640958098
1470	7.807402479372337
1471	7.427463170333875
1472	7.467784582253636
1473	7.665041043000158
1474	7.709857818381601
1475	8.03749695046794
1476	7.707455870213366
1477	7.880443274284071
1478	7.734075450171145
1479	7.8622834744822
1480	7.952979152051405
1481	7.611001310557087
1482	7.686111134627317
1483	7.545742318839828
1484	7.635300772615927
1485	7.83586491714708
1486	7.58612093525028
1487	7.4752429166852075
1488	7.559927535543237
1489	7.561354089800298
1490	7.643122125854973
1491	7.607489333980265
1492	7.835707407128732
1493	7.548434000282178
1494	7.569901389488632
1495	7.784019454694681
1496	7.35361845775774
1497	7.55367366113167
1498	7.420846418103214
1499	7.70111652197329
1500	7.435642179631407
1501	7.513891944752221
1502	7.7487497082124355
1503	7.715199975997425
1504	7.836213365680122
1505	7.294212058834163
1506	7.719578214670565
1507	7.411595474277705
1508	7.534951207489035
1509	7.851555154037162
1510	7.520201390262395
1511	7.6090159756145
1512	7.678705306500924
1513	7.398002771998596
1514	7.586744646696377
1515	7.729441135357466
1516	7.669614040712313
1517	7.224120315988462
1518	7.816137478298993
1519	7.765636381771373
1520	7.435111095724873
1521	7.6783211965368965
1522	7.714354102183586
1523	7.972440303789887
1524	7.801152418947579
1525	7.52936633877078
1526	7.525645889156503
1527	7.564577632834384
1528	7.551698015553004
1529	7.4473205815261165
1530	7.731262826906205
1531	7.34373198705642
1532	7.511290020552459
1533	7.468985421391328
1534	7.273391530464625
1535	7.678454215560921
1536	7.718010564884538
1537	7.551739115493112
1538	7.511553708261656
1539	7.49157591247833
1540	7.594492810523978
1541	7.554742144437623
1542	7.643310457018901
1543	7.464494082320351
1544	7.79214111017905
1545	7.4850419890406386
1546	7.510516365556044
1547	7.860804863898451
1548	7.570857718948682
1549	7.587778574860214
1550	7.517562425684747
1551	7.680423674771872
1552	7.740107428477388
1553	7.590036179596498
1554	7.708222605033553
1555	7.574816854126312
1556	7.660522338676962
1557	7.594520957187038
1558	7.367730943997659
1559	7.510873324603754
1560	7.661421179188835
1561	7.527088207657323
1562	7.63488600582723
1563	7.623779700515439
1564	7.607229776673124
1565	7.428163198234606
1566	7.632464022340572
1567	7.6227728042183776
1568	7.695223642398058
1569	7.599444172976329
1570	7.641310633234634
1571	7.421304017770707
1572	7.668657328728027
1573	7.654803887926939
1574	7.5476246698063365
1575	7.52091324766973
1576	7.622405843635408
1577	7.791611996382499
1578	7.455327025912037
1579	7.599596409600861
1580	7.497187342073053
1581	7.631172785409242
1582	7.570262772582112
1583	7.566640055888789
1584	7.3569788917931005
1585	7.648583570852168
1586	7.653692083582796
1587	7.670576803609788
1588	7.457476284764476
1589	7.805227594974322
1590	7.706139718722895
1591	7.595876376258509
1592	7.484058888189115
1593	7.705597598089644
1594	7.734479626754381
1595	7.751517176327692
1596	7.266839793093809
1597	7.463714185621958
1598	7.479493823703534
1599	7.666650791407187
1600	7.7471166000978355
1601	7.334055994041532
1602	7.410854017485637
1603	7.685487738912551
1604	7.686737802034657
1605	7.618224696675918
1606	7.705237415913613
1607	7.687570190776354
1608	7.479046616330416
1609	7.553332492929735
1610	7.469299839963189
1611	7.646797844647468
1612	7.707838323110904
1613	7.484612699289968
1614	7.8080211542155
1615	7.395150217736801
1616	7.70358236329029
1617	7.4649398079474105
1618	7.301299725353551
1619	7.456782916116725
1620	7.657097270785965
1621	7.403452418319705
1622	7.530374685860914
1623	7.49813459991285
1624	7.493972578968983
1625	7.6091882498883985
1626	7.59180141373741
1627	7.512224221159982
1628	7.506095242946983
1629	7.823062439497914
1630	7.481623540561336
1631	7.591681365827337
1632	7.478902224557016
1633	7.692595295085146
1634	7.497218605054907
1635	7.373488152463349
1636	7.372177188531686
1637	7.600716727784012
1638	7.44960529117929
1639	7.630220809033257
1640	7.5938407720098295
1641	7.6110664733077975
1642	7.622589432691975
1643	7.521364136191915
1644	7.605742542235837
1645	7.4055525485143825
1646	7.752153831341661
1647	7.676775546794191
1648	7.477541549421822
1649	7.697532697537787
1650	7.447250004948089
1651	7.61886559968836
1652	7.76314289154382
1653	7.633546423412029
1654	7.698433063210482
1655	7.565110340728084
1656	7.729258356218589
1657	7.681121093351731
1658	7.658957523243608
1659	7.42721082979107
1660	7.561883304387961
1661	7.338889456157417
1662	7.465219281124874
1663	7.571212448351348
1664	7.372051085633707
1665	7.623273679555065
1666	7.345975651612999
1667	7.537056972303931
1668	7.277637281073244
1669	7.430889621123182
1670	7.453028886666395
1671	7.594463340255129
1672	7.4964429181479755
1673	7.662121446841885
1674	7.583078002464038
1675	7.703170283534049
1676	7.7108560743491195
1677	7.400386121542457
1678	7.590972889648877
1679	7.66705238711
1680	7.495413626600034
1681	7.448402052833038
1682	7.54203579411432
1683	7.511347549915869
1684	7.717200616560038
1685	7.541552583308267
1686	7.44040203285853
1687	7.739274087175091
1688	7.492890793989979
1689	7.423050618231707
1690	7.525908582532963
1691	7.522490675518538
1692	7.587544137200582
1693	7.434478180480621
1694	7.7930075877650244
1695	7.400131944132805
1696	7.757680623339732
1697	7.50843038052399
1698	7.673044080041399
1699	7.29245653817674
1700	7.3850685953580815
1701	7.703274717227086
1702	7.617568250182269
1703	7.290521958821369
1704	7.419667627466953
1705	7.417239606644083
1706	7.5158394659939205
1707	7.430916385318328
1708	7.578374528896733
1709	7.5616581392521125
1710	7.475748187081829
1711	7.363038262130391
1712	7.690907775296536
1713	7.445023602395097
1714	7.689304737736051
1715	7.7083662093270755
1716	8.012996137057021
1717	7.645001964403578
1718	7.5331748883550835
1719	7.683349617292957
1720	7.667274794324521
1721	7.294613387769773
1722	7.5097539058759955
1723	7.693227514263776
1724	7.577476277165104
1725	7.627486123844074
1726	7.57981319996019
1727	7.545967777584549
1728	7.414088507332016
1729	7.349681382266447
1730	7.439244979163448
1731	7.5026996691733725
1732	7.715847436920989
1733	7.471395602485727
1734	7.4683532394687315
1735	7.545536911987341
1736	7.7885810834299845
1737	7.423542698142315
1738	7.536760120457609
1739	7.502570541783612
1740	7.48581455892384
1741	7.617068997181542
1742	7.624820418508303
1743	7.666551156034581
1744	7.406433717544537
1745	7.3274355575114
1746	7.651491703428649
1747	7.685540788107257
1748	7.692340710515578
1749	7.404252871572542
1750	7.637841950800631
1751	7.64859634443159
1752	7.390154682963416
1753	7.3899063465995845
1754	7.433926969839051
1755	7.696699830192576
1756	7.282224789184263
1757	7.5413546966080975
1758	7.452486234787652
1759	7.667797197014477
1760	7.383338729613191
1761	7.4606986730374505
1762	7.364255519946375
1763	7.487783736440179
1764	7.667920629488723
1765	7.406283746795935
1766	7.467918866979199
1767	7.422867426356444
1768	7.520051553193445
1769	7.6069274911527245
1770	7.518376259876811
1771	7.583061217644846
1772	7.48641849433821
1773	7.662629393589992
1774	7.283702795248685
1775	7.336652404985333
1776	7.418163283993037
1777	7.669197344689762
1778	7.5940648446235315
1779	7.467919907899149
1780	7.489011177311911
1781	7.186405911974639
1782	7.411940322825176
1783	7.319547731092372
1784	7.525099337581599
1785	7.500059324664507
1786	7.430412870326845
1787	7.467030691305081
1788	7.638973030219878
1789	7.4920766508689844
1790	7.646588259631636
1791	7.497474684299206
1792	7.290406594135979
1793	7.404489709113931
1794	7.471094384815454
1795	7.54657907796307
1796	7.522671922261652
1797	7.658873022126364
1798	7.5280162653974045
1799	7.5268960640876745
1800	7.444513152940508
1801	7.4122279877500805
1802	7.624134586608113
1803	7.592498594728349
1804	7.502949701450744
1805	7.429671277483248
1806	7.555308913744938
1807	7.481897518218213
1808	7.501964419280325
1809	7.478984934924055
1810	7.51655606131275
1811	7.408440368783887
1812	7.434410079634665
1813	7.531567221165111
1814	7.562111480219579
1815	7.6541932778664865
1816	7.801705550471892
1817	7.530917755170003
1818	7.537061730360204
1819	7.582079264087088
1820	7.443051828084398
1821	7.631282985048322
1822	7.361486222684638
1823	7.478085106926461
1824	7.455892948989235
1825	7.656926602888793
1826	7.496846167828305
1827	7.618800589944122
1828	7.3587843145303555
1829	7.3974968628099855
1830	7.5083782637126735
1831	7.384049936615656
1832	7.51590128846274
1833	7.456538987805469
1834	7.50990131105544
1835	7.634121401965332
1836	7.628595416001845
1837	7.579264008748168
1838	7.563223211666526
1839	7.668735461762972
1840	7.661378540647254
1841	7.5307357498446175
1842	7.434115962637167
1843	7.815674071878159
1844	7.533915655383238
1845	7.551560667616227
1846	7.515037975939252
1847	7.455149712333829
1848	7.949953815776654
1849	7.3342774417511825
1850	7.45958782902936
1851	7.709537638906117
1852	7.378795382224898
1853	7.532802479654318
1854	7.668350400433109
1855	7.663425966866522
1856	7.674825761821002
1857	7.611367307940912
1858	7.501314922005299
1859	7.283797104961756
1860	7.309679024269733
1861	7.531172341991659
1862	7.551648353845843
1863	7.492364837866
1864	7.388094820621613
1865	7.657324924884326
1866	7.428400982536451
1867	7.530199470885126
1868	7.450597604428984
1869	7.27372300717421
1870	7.453243374762834
1871	7.594052085103122
1872	7.384405958953107
1873	7.515991100025528
1874	7.450803950144331
1875	7.521572104314928
1876	7.516017884760031
1877	7.51831543829585
1878	7.464623676554863
1879	7.542822534292516
1880	7.388379928259236
1881	7.707196204463832
1882	7.476751534200576
1883	7.587683895205096
1884	7.411029999784539
1885	7.368404660164814
1886	7.747414613540583
1887	7.4326123181651225
1888	7.5864623901313
1889	7.546738579576719
1890	7.662660001767549
1891	7.496720984923568
1892	7.5693065410983555
1893	7.304298335593612
1894	7.20634105330419
1895	7.364879214053755
1896	7.383173116815032
1897	7.462495461293162
1898	7.178321890921886
1899	7.545313909285419
1900	7.452127189110788
1901	7.564567519689332
1902	7.378423180375615
1903	7.516922431505099
1904	7.736042826081309
1905	7.756808668110019
1906	7.416657739323675
1907	7.442065714774158
1908	7.516442499319369
1909	7.530495460038309
1910	7.500976242835492
1911	7.5796807554138095
1912	7.699228560233078
1913	7.182301042991567
1914	7.419376406353068
1915	7.634978052989778
1916	7.6639434608339485
1917	7.592791450698893
1918	7.551794560738362
1919	7.551135222218701
1920	7.315467233726519
1921	7.463512021364715
1922	7.492494640240591
1923	7.33034998320384
1924	7.514811061974953
1925	7.197175804105144
1926	7.468462714813309
1927	7.362029966527166
1928	7.640761889806922
1929	7.470318381179563
1930	7.588754613823522
1931	7.221560500808315
1932	7.415767714257267
1933	7.339560685302305
1934	7.561237516136858
1935	7.329667247588895
1936	7.463756459129516
1937	7.328994567602045
1938	7.637559478784564
1939	7.578747684303415
1940	7.536748635254531
1941	7.339859606567008
1942	7.386816321361856
1943	7.543551358426796
1944	7.249332778585197
1945	7.409164269312695
1946	7.599717075910327
1947	7.589047780263311
1948	7.515998091653802
1949	7.459332060292442
1950	7.3978281119368585
1951	7.421929367687448
1952	7.4157499057132865
1953	7.401064072002922
1954	7.309391572501111
1955	7.456665651891595
1956	7.373103592348742
1957	7.2570448327975745
1958	7.637287287105556
1959	7.485594615438183
1960	7.10714846946046
1961	7.497297421760945
1962	7.503188173848947
1963	7.665965490637446
1964	7.561715203403322
1965	7.496285548590796
1966	7.419965550833584
1967	7.346608378696118
1968	7.352053065614349
1969	7.635732515563006
1970	7.497887314949468
1971	7.545699592548081
1972	7.438678252502209
1973	7.428156944603762
1974	7.419779257305755
1975	7.3772558208137
1976	7.322200093316914
1977	7.478055048913845
1978	7.419681348708618
1979	7.479303470549892
1980	7.307894893167415
1981	7.327843761237158
1982	7.694490092736309
1983	7.735489775822039
1984	7.2300549662702105
1985	7.621596080106384
1986	7.441374125535986
1987	7.398250997434808
1988	7.595020078064916
1989	7.707969765206844
1990	7.422016002088624
1991	7.352282376367602
1992	7.352528240740053
1993	7.5311636554662496
1994	7.650204392694654
1995	7.347212602555971
1996	7.5423191387461355
1997	7.450063598983254
1998	7.411289171475865
1999	7.320344512804353
2000	7.27432676851201
2001	7.400294522121517
